3.46773
3.45479
3.3676
3.32504
3.0918
2.988
2.96789
2.91368
2.73617
2.67026
2.62925
2.62925
2.54916
2.54508
2.45724
2.44305
2.43761
2.30952
2.30952
2.25713
2.17219
2.17219
2.17219
1.95078
1.95078
1.94843
1.94843
1.92135
1.8688
1.8688
1.8398
1.8398
1.76448
1.76448
1.76448
1.76448
1.76448
1.71638
1.70549
1.70549
1.69229
1.69229
1.69229
1.68475
1.66827
1.63934
1.63568
1.609
1.609
1.55681
1.55681
1.52743
1.49605
1.49605
1.4695
1.44199
1.4215
1.41626
1.40736
1.40736
1.36654
1.36654
1.3605
1.31902
1.31902
1.29928
1.29186
1.27755
1.27555
1.25329
1.25329
1.24157
1.24157
1.24157
1.23803
1.23153
1.22663
1.22663
1.17769
1.17769
1.17422
1.15618
1.15599
1.15395
1.14248
1.14248
1.14248
1.13901
1.13901
1.13901
1.13901
1.13901
1.13901
1.13901
1.13901
1.13889
1.13307
1.13307
1.13307
1.12377
1.11783
1.11783
1.11783
1.11783
1.11783
1.11783
1.09377
1.09377
1.09377
1.08783
1.08783
1.08783
1.08783
1.08783
1.08722
1.0852
1.0852
1.0852
1.0838
1.0838
1.0838
1.0838
1.0838
1.0838
1.0838
1.0838
1.0838
1.08339
1.08339
1.08339
1.08339
1.08339
1.08339
1.08339
1.08336
1.08295
1.08177
1.08177
1.08177
1.08177
1.08177
1.08177
1.08133
1.08133
1.08133
1.08133
1.08133
1.08133
1.08055
1.08055
1.08055
1.08055
1.08055
1.08055
1.08055
1.08055
1.08011
1.07492
1.07063
1.07063
1.07063
1.06941
1.06941
1.06941
1.06941
1.06941
1.06897
1.06568
1.06568
1.06525
1.06525
1.06525
1.06422
1.06422
1.06422
1.06242
1.0605
1.0605
1.0605
1.06006
1.06006
1.06006
1.06006
1.06006
1.06006
1.06006
1.06006
1.06006
1.06006
1.06006
1.06006
1.06006
1.06006
1.06006
1.06006
1.06006
1.06006
1.06006
1.06006
1.06006
1.06006
1.06006
1.06006
1.06006
1.05754
1.05754
1.05754
1.05754
1.05754
1.05754
1.05754
1.05754
1.05754
1.05754
1.05754
1.05754
1.05754
1.05754
1.05754
1.05754
1.05754
1.05754
1.05754
1.05754
1.05754
1.05754
1.05754
1.05754
1.05754
1.05754
1.05754
1.05754
1.05754
1.05754
1.05754
1.05754
1.05754
1.05754
1.05754
1.05754
1.05754
1.05754
1.05754
1.05754
1.05754
1.05754
1.05754
1.05754
1.05754
1.05754
1.05754
1.05754
1.05754
1.05754
1.05754
1.05754
1.05754
1.05754
1.05754
1.05754
1.05754
1.05754
1.05754
1.05754
1.05754
1.05754
1.05754
1.05754
1.05754
1.05754
1.05754
1.05754
1.05754
1.05754
1.05754
1.05754
1.05754
1.05754
1.05754
1.05754
1.05754
1.05754
1.05754
1.05754
1.05754
1.05754
1.05754
1.05754
1.05754
1.05754
1.05754
1.05754
1.05754
1.05754
1.05754
1.05754
1.05754
1.05754
1.05754
1.05754
1.05754
1.05531
1.05531
1.05531
1.05531
1.05531
1.05531
1.05531
1.05531
1.05531
1.05531
1.05531
1.05531
1.05531
1.05531
1.05531
1.05531
1.05531
1.05531
1.05531
1.05531
1.05531
1.05531
1.05531
1.05531
1.05531
1.05531
1.05531
1.05531
1.05531
1.05531
1.05531
1.05531
1.05531
1.05531
1.05531
1.05531
1.05531
1.05531
1.05531
1.05531
1.05531
1.05531
1.05531
1.05531
1.05531
1.05531
1.05531
1.05531
1.05531
1.05531
1.05531
1.05531
1.05531
1.05531
1.05531
1.05531
1.05531
1.05531
1.05531
1.05531
1.05531
1.05531
1.05531
1.05531
1.05531
1.05531
1.05531
1.05531
1.05531
1.05531
1.05531
1.05531
1.05531
1.05531
1.05531
1.05531
1.05531
1.05531
1.05531
1.05531
1.05531
1.05531
1.05531
1.05531
1.05531
1.05531
1.05531
1.05531
1.05531
1.05531
1.05531
1.05531
1.05531
1.05531
1.05531
1.05531
1.05531
1.05531
1.05531
1.05531
1.05531
1.05531
1.05531
1.05531
1.05531
1.05531
1.05531
1.05531
1.05531
1.05531
1.05531
1.05531
1.05531
1.05531
1.05531
1.05531
1.05531
1.05531
1.05531
1.05531
1.05531
1.05531
1.05531
1.05531
1.05531
1.05531
1.05531
1.05531
1.05531
1.05531
1.05531
1.05531
1.05531
1.05531
1.05531
1.05531
1.05531
1.05531
1.05531
1.05531
1.05531
1.05531
1.05531
1.05531
1.05531
1.05531
1.05531
1.05531
1.05531
1.05531
1.05531
1.05531
1.05531
1.05531
1.05531
1.05531
1.05531
1.05531
1.05531
1.05531
1.05531
1.05531
1.05531
1.05531
1.05531
1.05531
1.05531
1.05531
1.05531
1.05531
1.05531
1.05531
1.05531
1.05531
1.05531
1.05531
1.05531
1.05531
1.05531
1.05531
1.05531
1.05531
1.05531
1.05531
1.05531
1.05531
1.05531
1.05531
1.05531
1.05531
1.05531
1.05531
1.05531
1.05531
1.05531
1.05531
1.05531
1.05531
1.05531
1.05531
1.05531
1.05531
1.05531
1.05531
1.05531
1.05531
1.05531
1.05531
1.05531
1.05531
1.05531
1.05531
1.05531
1.05531
1.05531
1.05531
1.05531
1.05531
1.05531
1.05531
1.05531
1.05531
1.05531
1.05531
1.05531
1.05531
1.05531
1.05531
1.05531
1.05531
1.05531
1.05531
1.05531
1.05531
1.05531
1.05531
1.05531
1.05531
1.05531
1.05531
1.05531
1.05531
1.05531
1.05531
1.05531
1.05531
1.05531
1.05531
1.05531
1.05531
1.05531
1.05531
1.05531
1.05531
1.05531
1.05531
1.05531
1.05531
1.05531
1.05531
1.05531
1.05531
1.05531
1.05531
1.05531
1.05531
1.05531
1.05531
1.05531
1.05531
1.05531
1.05531
1.05531
1.05531
1.05531
1.05531
1.05531
1.05531
1.05531
1.05531
1.05531
1.05531
1.05531
1.05531
1.05531
1.05531
1.05531
1.05531
1.05531
1.05531
1.05531
1.05531
1.05531
1.05531
1.05531
1.05531
1.05531
1.05531
1.05531
1.05531
1.05531
1.05531
1.05531
1.05531
1.05531
1.05531
1.05531
1.05531
1.05531
1.05531
1.05531
1.05531
1.05531
1.05531
1.05531
1.05531
1.05531
1.05531
1.05531
1.05531
1.05531
1.05531
1.05531
1.05531
1.05531
1.05531
1.05531
1.05531
1.05531
1.05531
1.05531
1.05531
1.05531
1.05531
1.05531
1.05531
1.05531
1.05531
1.05531
1.05531
1.05531
1.05531
1.05531
1.05531
1.05531
1.05531
1.05531
1.05531
1.05531
1.05531
1.05531
1.05531
1.05531
1.05531
1.05531
1.05531
1.05531
1.05531
1.05531
1.05531
1.05531
1.05531
1.05531
1.05531
1.05531
1.05531
1.05531
1.05531
1.05531
1.05531
1.05531
1.05531
1.05531
1.05531
1.05531
1.05531
1.05531
1.05531
1.05531
1.05531
1.05531
1.05531
1.05531
1.05531
1.05531
1.05531
1.05531
1.05531
1.05531
1.05531
1.05531
1.05531
1.05531
1.05531
1.05531
1.05413
1.05413
1.05413
1.05413
1.05413
1.05413
1.05413
1.05413
1.05413
1.05413
1.05063
1.05063
1.05063
1.05063
1.05063
1.05063
1.05063
1.05063
1.05063
1.05063
1.05063
1.05063
1.05063
1.05063
1.05063
1.05063
1.05063
1.05063
1.05063
1.05063
1.05063
1.05063
1.05063
1.05063
1.05063
1.05063
1.05063
1.05063
1.05063
1.05063
1.05063
1.05063
1.05063
1.05063
1.05063
1.05063
1.05063
1.05063
1.05063
1.05063
1.05063
1.05063
1.05063
1.05063
1.05063
1.05063
1.05063
1.05063
1.05063
1.05063
1.05063
1.05063
1.05063
1.05063
1.05063
1.05063
1.05063
1.05063
1.05063
1.05063
1.05063
1.05063
1.05063
1.05063
1.05063
1.05063
1.05063
1.05063
1.05063
1.05063
1.05063
1.05063
1.05063
1.05063
1.05063
1.05063
1.05063
1.05063
1.05063
1.05063
1.05063
1.05063
1.05063
1.05063
1.05063
1.05063
1.05063
1.05063
1.05063
1.05063
1.05063
1.05063
1.05063
1.05063
1.05063
1.05063
1.05063
1.05063
1.05063
1.05063
1.05063
1.05063
1.05063
1.05063
1.05063
1.05063
1.05063
1.05063
1.05063
1.05063
1.05063
1.05063
1.05063
1.05063
1.05063
1.05063
1.05063
1.05063
1.05063
1.05063
1.05063
1.05063
1.05063
1.05063
1.05063
1.05063
1.05063
1.05063
1.05063
1.05063
1.05063
1.05063
1.05063
1.05063
1.05063
1.05063
1.05063
1.05063
1.05063
1.05063
1.05063
1.05063
1.05063
1.05063
1.05063
1.05063
1.05063
1.05063
1.05063
1.05063
1.05063
1.05063
1.05063
1.05063
1.05063
1.05063
1.05063
1.05063
1.05063
1.05063
1.05063
1.05063
1.05063
1.05063
1.05063
1.05063
1.05063
1.05063
1.05063
1.05063
1.05063
1.05063
1.05063
1.05063
1.05063
1.05063
1.05063
1.05063
1.05063
1.05063
1.05063
1.05063
1.05063
1.05063
1.05063
1.05063
1.05063
1.05063
1.05063
1.05063
1.05063
1.05063
1.05063
1.05063
1.05063
1.05063
1.05063
1.05063
1.05063
1.05063
1.05063
1.05063
1.05063
1.05063
1.05063
1.05063
1.05063
1.05063
1.05063
1.05063
1.05063
1.05063
1.05063
1.05063
1.05063
1.05063
1.05063
1.05063
1.05063
1.05063
1.05063
1.05063
1.05063
1.05063
1.05063
1.05063
1.05063
1.05063
1.05063
1.05063
1.05063
1.05063
1.05063
1.05063
1.05063
1.05063
1.05063
1.05063
1.05063
1.05063
1.05063
1.05063
1.05063
1.05063
1.05063
1.05063
1.05063
1.05063
1.05063
1.05063
1.05063
1.05063
1.05063
1.05063
1.05063
1.05063
1.05063
1.05063
1.05063
1.05063
1.05063
1.05063
1.05063
1.05063
1.05063
1.05063
1.05063
1.05063
1.05063
1.05063
1.05063
1.05063
1.05063
1.05063
1.05063
1.05063
1.05063
1.05063
1.05063
1.05063
1.05063
1.05063
1.05063
1.05063
1.05063
1.05063
1.05063
1.05063
1.05063
1.05063
1.05063
1.05063
1.05063
1.05063
1.05063
1.05063
1.05063
1.05063
1.05063
1.05063
1.05063
1.05063
1.05063
1.05063
1.05063
1.05063
1.05063
1.05063
1.05063
1.05063
1.05063
1.05063
1.05063
1.05063
1.05063
1.05063
1.05063
1.05063
1.05063
1.05063
1.05063
1.05063
1.05063
1.05063
1.05063
1.05063
1.05063
1.05063
1.05063
1.05063
1.05063
1.05063
1.05063
1.05063
1.05063
1.05063
1.05063
1.05063
1.05063
1.05063
1.05063
1.05063
1.05063
1.05063
1.05063
1.05063
1.05063
1.05063
1.05063
1.05063
1.05063
1.05063
1.05063
1.05063
1.05063
1.05063
1.05063
1.05063
1.05063
1.05063
1.05063
1.05063
1.05063
1.05063
1.05063
1.05063
1.05063
1.05063
1.05063
1.05063
1.05063
1.05063
1.05063
1.05063
1.05063
1.05063
1.05063
1.05063
1.05063
1.05063
1.05063
1.05063
1.05063
1.05063
1.05063
1.05063
1.05063
1.05063
1.05063
1.05063
1.05063
1.05063
1.05063
1.05063
1.05063
1.05063
1.05063
1.05063
1.05063
1.05063
1.05063
1.05063
1.05063
1.05063
1.05063
1.05063
1.05063
1.05063
1.05063
1.05063
1.05063
1.05063
1.05063
1.05063
1.05063
1.05063
1.05063
1.05063
1.05063
1.05063
1.05063
1.05063
1.05063
1.05063
1.05063
1.05063
1.05063
1.05063
1.05063
1.05063
1.05063
1.05063
1.05063
1.05063
1.05063
1.05063
1.05063
1.05063
1.05063
1.05063
1.05063
1.05063
1.05063
1.05063
1.05063
1.05063
1.05063
1.05063
1.05063
1.05063
1.05063
1.05063
1.05063
1.05063
1.05063
1.05063
1.05063
1.05063
1.05063
1.05063
1.05063
1.05063
1.05063
1.05063
1.05063
1.05063
1.05063
1.05063
1.05063
1.05063
1.05063
1.05063
1.05063
1.05063
1.05063
1.05063
1.05063
1.05063
1.05063
1.05063
1.05063
1.05063
1.05063
1.05063
1.05063
1.05063
1.05063
1.05063
1.05063
1.05063
1.05063
1.05063
1.05063
1.05063
1.05063
1.05063
1.05063
1.05063
1.05063
1.05063
1.05063
1.05063
1.05063
1.05063
1.05063
1.05063
1.05063
1.05063
1.05063
1.05063
1.05063
1.05063
1.05063
1.05063
1.05063
1.05063
1.05063
1.05063
1.05063
1.05063
1.05063
1.05063
1.05063
1.05063
1.05063
1.05063
1.05063
1.05063
1.05063
1.05063
1.05063
1.05063
1.05063
1.05063
1.05063
1.05063
1.05063
1.05063
1.05063
1.05063
1.05063
1.05063
1.05063
1.05063
1.05063
1.05063
1.05063
1.05063
1.05063
1.05063
1.05063
1.05063
1.05063
1.05063
1.05063
1.05063
1.05063
1.05063
1.05063
1.05063
1.05063
1.05063
1.05063
1.05063
1.05063
1.05063
1.05063
1.05063
1.05063
1.05063
1.05063
1.05063
1.05063
1.05063
1.05063
1.05063
1.05063
1.05063
1.05063
1.05063
1.05063
1.05063
1.05063
1.05063
1.05063
1.05063
1.05063
1.05063
1.05063
1.05063
1.05063
1.05063
1.05063
1.05063
1.05063
1.05063
1.05063
1.05063
1.05063
1.05063
1.05063
1.05063
1.05063
1.05063
1.05063
1.05063
1.05063
1.05063
1.05063
1.05063
1.05063
1.05063
1.05063
1.05063
1.05063
1.05063
1.05063
1.05063
1.05063
1.05063
1.05063
1.05063
1.05063
1.05063
1.05063
1.05063
1.05063
1.05063
1.05063
1.05063
1.05063
1.05063
1.05063
1.05063
1.05063
1.05063
1.05063
1.05063
1.05063
1.05063
1.05063
1.05063
1.05063
1.05063
1.05063
1.05063
1.05063
1.05063
1.05063
1.05063
1.05063
1.05063
1.05063
1.05063
1.05063
1.05063
1.05063
1.05063
1.05063
1.05063
1.05063
1.05063
1.05063
1.05063
1.05063
1.05063
1.05063
1.05063
1.05063
1.05063
1.05063
1.05063
1.05063
1.05063
1.05063
1.05063
1.05063
1.05063
1.05063
1.05063
1.05063
1.05063
1.05063
1.05063
1.05063
1.05063
1.05063
1.05063
1.05063
1.05063
1.05063
1.05063
1.05063
1.05063
1.05063
1.05063
1.05063
1.05063
1.05063
1.05063
