
/*---------------------------贪心算法思想下解的说明------------------------------*/

算法思想：以当前所在的点为参考选择离自己最近的点作为下一站，走过的点不在经过


贪心思想只能求得每一步只能求得局部最短路径，因此最终结果是近似最优解

贪心算法求解的最短路程的长度为：40526.4
实际的最短路径为：33523.7
此算法和最优解的近似度为:1.20889
time = 0.003s
/*---------------------------贪心算法思想下解的说明------------------------------*/



/*---------------------------遗传算法2思想下解的说明------------------------------*/

算法思想：随机生成一个路线序列，路线路径长度短的会更可能遗传下去，所以经过多次代际迭代，最终的结果会趋近于最优解


代际更迭次数越多，越接近最优解。这种算法最终结果是近似最优解

遗传算法求解的最短路程的长度为：35220.9
实际的最短路径为：33523.7
此算法和最优解的近似度为:1.05063
time = 6.995s
这个算法迭代终止条件是前后 700 代最优个体一样
这个算法中共计迭代 1406次
其中每一代个体数为 100   交叉遗传的概率为 0.8   变异的概率为 0.12

迭代过程中 交叉遗传次数为55151  其中变异次数为19206

以下是迭代过程中每一代中最好的个体所对应的路先长度变化（每20代输出一次）

75667.3 57174.3 47179.8 39480.5 37672.8 36333.1 36265 35891.5 35537.1 35537.1 35452.5 35452.5 35452.5 35452.5 35452.5 35377.9 35377.9 35377.9 35377.9 35377.9 
35377.9 35377.9 35377.9 35377.9 35377.9 35377.9 35377.9 35377.9 35377.9 35377.9 35377.9 35377.9 35377.9 35377.9 35338.3 35220.9 35220.9 35220.9 35220.9 35220.9 
35220.9 35220.9 35220.9 35220.9 35220.9 35220.9 35220.9 35220.9 35220.9 35220.9 35220.9 35220.9 35220.9 35220.9 35220.9 35220.9 35220.9 35220.9 35220.9 35220.9 
35220.9 35220.9 35220.9 35220.9 35220.9 35220.9 35220.9 35220.9 35220.9 35220.9 
/*---------------------------遗传算法2思想下解的说明------------------------------*/


