1.14603
1.11769
1.10815
1.10815
1.10815
1.10815
1.10815
1.10815
1.10815
1.10815
1.1007
1.1007
1.09116
1.09116
1.0881
1.08633
1.08633
1.07657
1.07657
1.05651
1.05651
1.05651
1.05651
1.05651
1.05651
1.05651
1.05651
1.05651
1.05651
1.05651
1.05651
1.05651
1.05651
1.05651
1.05651
1.05651
1.05651
1.05651
1.04139
1.04139
1.04139
1.03767
1.03767
1.03767
1.03767
1.03767
1.03767
1.03767
1.03767
1.03767
1.03767
1.03767
1.03767
1.03767
1.03767
1.03767
1.03767
1.03767
1.03767
1.03767
1.03767
1.03767
1.03767
1.03767
1.03767
1.02909
1.02909
1.02909
1.02909
1.02909
1.02909
1.02909
1.02909
1.02884
1.02884
1.02884
1.02884
1.02884
1.02884
1.02884
1.02884
1.02884
1.02884
1.02884
1.02884
1.02884
1.02884
1.02884
1.02884
1.02884
1.02884
1.02884
1.02884
1.02884
1.02884
1.02884
1.02884
1.02884
1.0284
1.0284
1.0284
1.0284
1.0284
1.0284
1.0284
1.0284
1.0284
1.0284
1.0284
1.0284
1.0284
1.0284
1.0284
1.0284
1.0284
1.0284
1.0284
1.0284
1.0284
1.0284
1.0284
1.0284
1.0284
1.0284
1.0284
1.0284
1.0284
1.0284
1.0284
1.0284
1.0284
1.0284
1.0284
1.0284
1.0284
1.0284
1.0284
1.0284
1.0284
1.0284
1.0284
1.0284
1.0284
1.0284
1.0284
1.0284
1.0284
1.0284
1.0284
1.0284
1.0284
1.0284
1.0284
1.0284
1.0284
1.0284
1.0284
1.0284
1.0284
1.0284
1.0284
1.02637
1.02637
1.02637
1.02637
1.02637
1.02637
1.02637
1.02637
1.02637
1.02637
1.02421
1.02421
1.02421
1.02421
1.02421
1.02421
1.02421
1.02421
1.02421
1.02421
1.02421
1.02421
1.02421
1.02421
1.02421
1.02421
1.02299
1.02299
1.02299
1.02299
1.02299
1.02299
1.02299
1.01459
1.01459
1.01459
1.01459
1.01459
1.01459
1.01459
1.01459
1.00979
1.00979
1.00979
1.00377
1.00377
1.00377
1.00377
1.00377
1.00377
1.00377
1.00377
1.00377
1.00377
1.00377
1.00377
1.00377
1.00377
1.00377
1.00377
1.00377
1.00377
1.00377
1.00377
1.00377
1.00377
1.00377
1.00377
1.00377
1.00377
1.00377
1.00377
1.00377
1.00377
1.00377
1.00377
1.00377
1.00377
1.00377
1.00377
1.00377
1.00377
1.00377
1.00377
1.00377
1.00377
1.00377
1.00377
1.00377
1.00377
1.00377
1.00377
1.00377
1.00377
1.00377
1.00377
1.00377
1.00377
1.00377
1.00377
1.00377
1.00377
1.00377
1.00377
1.00377
1.00377
1.00377
1.00377
1.00377
1.00377
1.00377
1.00377
1.00377
1.00377
1.00377
1.00377
1.00377
1.00377
1.00377
1.00377
1.00377
1.00377
1.00377
1.00377
1.00377
1.00377
1.00377
1.00377
1.00377
1.00377
1.00377
1.00377
1.00377
1.00377
1.00377
1.00377
1.00377
1.00377
1.00377
1.00377
1.00377
1.00377
1.00377
1.00377
1.00377
1.00377
1.00377
1.00377
1.00377
1.00377
1.00377
1.00377
1.00377
1.00377
1.00377
1.00377
1.00377
1.00377
1.00377
1.00377
1.00377
1.00377
1.00377
1.00377
1.00377
1.00377
1.00377
1.00377
1.00377
1.00377
1.00377
1.00377
1.00377
1.00377
1.00377
1.00377
1.00377
1.00377
1.00377
1.00377
1.00377
1.00377
1.00377
1.00377
1.00377
1.00377
1.00377
1.00377
1.00377
1.00377
1.00377
1.00377
1.00377
1.00377
1.00377
1.00377
1.00377
1.00377
1.00377
1.00377
1.00377
1.00377
1.00377
1.00377
1.00377
1.00377
1.00377
1.00377
1.00377
1.00377
1.00377
1.00377
1.00377
1.00377
1.00377
1.00377
1.00377
1.00377
1.00377
1.00377
1.00377
1.00377
1.00377
1.00377
1.00377
1.00377
1.00377
1.00377
1.00377
1.00377
1.00377
1.00377
1.00377
1.00377
1.00377
1.00377
1.00377
1.00377
1.00377
1.00377
1.00377
1.00377
1.00377
1.00377
1.00377
1.00377
1.00377
1.00377
1.00377
1.00377
1.00377
1.00377
1.00377
1.00377
1.00377
1.00377
1.00377
1.00377
1.00377
1.00377
1.00377
1.00377
1.00377
1.00377
1.00377
1.00377
1.00377
1.00377
1.00377
1.00377
1.00377
1.00377
1.00377
1.00377
1.00377
1.00377
1.00377
1.00377
1.00377
1.00377
1.00377
1.00377
1.00377
1.00377
1.00377
1.00377
1.00377
1.00377
1.00377
1.00377
1.00377
1.00377
1.00377
1.00377
1.00377
1.00377
1.00377
1.00377
1.00377
1.00377
1.00377
1.00377
1.00377
1.00377
1.00377
1.00377
1.00377
1.00377
1.00377
1.00377
1.00377
1.00377
1.00377
1.00377
1.00377
1.00377
1.00377
1.00377
1.00377
1.00377
1.00377
1.00377
1.00377
1.00377
1.00377
1.00377
1.00377
1.00377
1.00377
1.00377
1.00377
1.00377
1.00377
1.00377
1.00377
1.00377
1.00377
1.00377
1.00377
1.00377
1.00377
1.00377
1.00377
1.00377
1.00377
1.00377
1.00377
1.00377
1.00377
1.00377
1.00377
1.00377
1.00377
1.00377
1.00377
1.00377
1.00377
1.00377
1.00377
1.00377
1.00377
1.00377
1.00377
1.00377
1.00377
1.00377
1.00377
1.00377
1.00377
1.00377
1.00377
1.00377
1.00377
1.00377
1.00377
1.00377
1.00377
1.00377
1.00377
1.00377
1.00377
1.00377
1.00377
1.00377
1.00377
1.00377
1.00377
1.00377
1.00377
1.00377
1.00377
1.00377
1.00377
1.00377
1.00377
1.00377
1.00377
1.00377
1.00377
1.00377
1.00377
1.00377
1.00377
1.00377
1.00377
1.00377
1.00377
1.00377
1.00377
1.00377
1.00377
1.00377
1.00377
1.00377
1.00377
1.00377
1.00377
1.00377
1.00377
1.00377
1.00377
1.00377
1.00377
1.00377
1.00377
1.00377
1.00377
1.00377
1.00377
1.00377
1.00377
1.00377
1.00377
1.00377
1.00377
1.00377
1.00377
1.00377
1.00377
1.00377
1.00377
1.00377
1.00377
1.00377
1.00377
1.00377
1.00377
1.00377
1.00377
1.00377
1.00377
1.00377
1.00377
1.00377
1.00377
1.00377
1.00377
1.00377
1.00377
1.00377
1.00377
1.00377
1.00377
1.00377
1.00377
1.00377
1.00377
1.00377
1.00377
1.00377
1.00377
1.00377
1.00377
1.00377
1.00377
1.00377
1.00377
1.00377
1.00377
1.00377
1.00377
1.00377
1.00377
1.00377
1.00377
1.00377
1.00377
1.00377
1.00377
1.00377
1.00377
1.00377
1.00377
1.00377
1.00377
1.00377
1.00377
1.00377
1.00377
1.00377
1.00377
1.00377
1.00377
1.00377
1.00377
1.00377
1.00377
1.00377
1.00377
1.00377
1.00377
1.00377
1.00377
1.00377
1.00377
1.00377
1.00377
1.00377
1.00377
1.00377
1.00377
1.00377
1.00377
1.00377
1.00377
1.00377
1.00377
1.00377
1.00377
1.00377
1.00377
1.00377
1.00377
1.00377
1.00377
1.00377
1.00377
1.00377
1.00377
1.00377
1.00377
1.00377
1.00377
1.00377
1.00377
1.00377
1.00377
1.00377
1.00377
1.00377
1.00377
1.00377
1.00377
1.00377
1.00377
1.00377
1.00377
1.00377
1.00377
1.00377
1.00377
1.00377
1.00377
1.00377
1.00377
1.00377
1.00377
1.00377
1.00377
1.00377
1.00377
1.00377
1.00377
1.00377
1.00377
1.00377
1.00377
1.00377
1.00377
1.00377
1.00377
1.00377
1.00377
1.00377
1.00377
1.00377
1.00377
1.00377
1.00377
1.00377
1.00377
1.00377
1.00377
1.00377
1.00377
1.00377
1.00377
1.00377
1.00377
1.00377
1.00377
1.00377
1.00377
1.00377
1.00377
1.00377
1.00377
1.00377
1.00377
1.00377
1.00377
1.00377
1.00377
1.00377
1.00377
1.00377
1.00377
1.00377
1.00377
1.00377
1.00377
1.00377
1.00377
1.00377
1.00377
1.00377
1.00377
1.00377
1.00377
1.00377
1.00377
1.00377
1.00377
1.00377
1.00377
1.00377
1.00377
1.00377
1.00377
1.00377
1.00377
1.00377
1.00377
1.00377
