1.21926
1.21926
1.21926
1.21926
1.21694
1.21165
1.21165
1.21165
1.20115
1.20115
1.20016
1.1935
1.1935
1.1935
1.19096
1.18589
1.18589
1.18332
1.18332
1.18172
1.18172
1.18172
1.17972
1.17566
1.17386
1.17386
1.17386
1.17088
1.17088
1.17088
1.17088
1.17088
1.16925
1.16072
1.16072
1.16072
1.16072
1.16072
1.16072
1.16072
1.16072
1.15785
1.15785
1.15785
1.15785
1.15785
1.15785
1.15785
1.15146
1.15146
1.10871
1.10871
1.08606
1.07279
1.07279
1.07279
1.07279
1.07279
1.07279
1.07279
1.07279
1.07245
1.0658
1.0658
1.0658
1.0658
1.0658
1.0658
1.0658
1.06182
1.06182
1.0579
1.0579
1.0579
1.0579
1.05786
1.05786
1.05387
1.05347
1.04948
1.04948
1.04948
1.04948
1.04948
1.04948
1.04948
1.04746
1.04746
1.04746
1.04746
1.04746
1.04746
1.04746
1.04746
1.04746
1.04746
1.04746
1.04746
1.04746
1.04746
1.04746
1.04746
1.04746
1.04746
1.04746
1.04746
1.04746
1.04746
1.04746
1.04746
1.04746
1.04746
1.04746
1.04746
1.04746
1.04746
1.04746
1.04593
1.04593
1.04593
1.04593
1.04593
1.04593
1.04593
1.04422
1.04422
1.04422
1.04422
1.04422
1.04422
1.04422
1.04276
1.04276
1.04276
1.04276
1.04276
1.04276
1.04276
1.04276
1.04276
1.04276
1.04276
1.04276
1.04276
1.04276
1.04276
1.04276
1.04276
1.04276
1.04276
1.04276
1.04276
1.04276
1.04276
1.04276
1.04276
1.04276
1.04276
1.04276
1.04276
1.04276
1.04276
1.04276
1.04276
1.04276
1.04276
1.04276
1.04276
1.04276
1.04276
1.04276
1.04276
1.04276
1.04276
1.04276
1.04276
1.04276
1.04276
1.04276
1.04276
1.04276
1.04276
1.04276
1.04276
1.04276
1.04276
1.04276
1.04276
1.04276
1.04276
1.04276
1.04276
1.04276
1.04276
1.04276
1.04276
1.04276
1.04276
1.04276
1.04276
1.04276
1.04276
1.04276
1.04276
1.04276
1.04276
1.04276
1.04276
1.04276
1.04276
1.04272
1.04272
1.04138
1.04138
1.04138
1.04138
1.04138
1.04138
1.04134
1.04134
1.04134
1.04134
1.04134
1.04134
1.04134
1.04134
1.04134
1.04134
1.0411
1.04071
1.04071
1.04071
1.04067
1.03972
1.03972
1.03972
1.03905
1.03905
1.03901
1.03901
1.03901
1.03901
1.03901
1.03901
1.03901
1.03901
1.03758
1.03691
1.03691
1.03691
1.03691
1.03691
1.03691
1.03691
1.03677
1.03677
1.03677
1.03677
1.03677
1.03677
1.03677
1.03677
1.03677
1.03677
1.03677
1.03677
1.03379
1.03379
1.03379
1.03197
1.03197
1.03197
1.03197
1.03181
1.03181
1.03181
1.03181
1.03181
1.03181
1.03181
1.03181
1.03181
1.03181
1.03161
1.03161
1.03161
1.03161
1.03161
1.03161
1.03161
1.03161
1.03161
1.03161
1.03161
1.03161
1.03161
1.03161
1.03161
1.03161
1.03161
1.03161
1.03161
1.03161
1.03161
1.03161
1.03161
1.03161
1.03161
1.03161
1.03161
1.03161
1.03161
1.03161
1.03161
1.03161
1.03161
1.03161
1.03161
1.03161
1.03161
1.03161
1.03161
1.03161
1.03161
1.03161
1.03161
1.03161
1.03161
1.03161
1.03161
1.03161
1.03161
1.03161
1.03161
1.03161
1.03161
1.03161
1.03161
1.03161
1.03161
1.03161
1.03161
1.03161
1.03161
1.03161
1.03161
1.03161
1.03161
1.03161
1.03161
1.03161
1.03161
1.03161
1.03161
1.03161
1.03161
1.03161
1.03161
1.0299
1.0299
1.0299
1.0299
1.0299
1.0299
1.0299
1.0299
1.0299
1.0299
1.0299
1.0299
1.0299
1.0299
1.0299
1.0299
1.0299
1.0299
1.0299
1.0299
1.0299
1.0299
1.0299
1.0299
1.0299
1.0299
1.0299
1.0299
1.0299
1.0299
1.0299
1.0299
1.0299
1.0299
1.0299
1.0299
1.0299
1.0299
1.0299
1.0299
1.0299
1.0299
1.0299
1.0299
1.0299
1.0299
1.0299
1.0299
1.0299
1.0299
1.0299
1.0299
1.0299
1.0299
1.0299
1.0299
1.0299
1.0299
1.0299
1.0299
1.0299
1.0299
1.0299
1.0299
1.0299
1.0299
1.0299
1.0299
1.0299
1.0299
1.0299
1.0299
1.0299
1.0299
1.0299
1.0299
1.0299
1.0299
1.0299
1.0299
1.0299
1.0299
1.0299
1.0299
1.0299
1.0299
1.0299
1.0299
1.0299
1.0299
1.0299
1.0299
1.0299
1.0299
1.0299
1.0299
1.0299
1.0299
1.0299
1.02838
1.02838
1.02838
1.02838
1.02838
1.02838
1.02838
1.02838
1.02651
1.02651
1.02651
1.02651
1.02651
1.02651
1.02651
1.02419
1.02419
1.0189
1.0189
1.0189
1.0189
1.0189
1.0189
1.0189
1.0189
1.0189
1.0189
1.0189
1.0189
1.0189
1.0189
1.0189
1.0189
1.0189
1.0189
1.0189
1.0189
1.0189
1.0189
1.0189
1.0189
1.0189
1.0189
1.0189
1.0189
1.0189
1.0189
1.0189
1.0189
1.0189
1.0189
1.0189
1.0189
1.0189
1.0189
1.0189
1.0189
1.0189
1.0189
1.0189
1.0189
1.0189
1.0189
1.0189
1.0189
1.0189
1.0189
1.0189
1.0189
1.0189
1.0189
1.0189
1.0189
1.0189
1.0189
1.0189
1.0189
1.0189
1.0189
1.0189
1.0189
1.0189
1.0189
1.0189
1.0189
1.0189
1.0189
1.0189
1.0189
1.0189
1.0189
1.0189
1.0189
1.0189
1.0189
1.0189
1.0189
1.0189
1.0189
1.0189
1.0189
1.0189
1.0189
1.0189
1.0189
1.0189
1.0189
1.0189
1.0189
1.0189
1.0189
1.0189
1.0189
1.0189
1.0189
1.0189
1.0189
1.0189
1.0189
1.0189
1.0189
1.0189
1.0189
1.0189
1.0189
1.0189
1.0189
1.0189
1.0189
1.0189
1.0189
1.0189
1.0189
1.0189
1.0189
1.0189
1.0189
1.0189
1.0189
1.0189
1.0189
1.0189
1.0189
1.0189
1.0189
1.0189
1.0189
1.0189
1.0189
1.0189
1.0189
1.0189
1.0189
1.0189
1.0189
1.0189
1.0189
1.0189
1.0189
1.0189
1.0189
1.0189
1.0189
1.0189
1.0189
1.0189
1.0189
1.0189
1.0189
1.0189
1.0189
1.0189
1.0189
1.0189
1.0189
1.0189
1.0189
1.0189
1.0189
1.0189
1.0189
1.0189
1.0189
1.0189
1.0189
1.0189
1.0189
1.0189
1.0189
1.0189
1.0189
1.0189
1.0189
1.0189
1.0189
1.0189
1.0189
1.0189
1.0189
1.0189
1.0189
1.0189
1.0189
1.0189
1.0189
1.0189
1.0189
1.0189
1.0189
1.0189
1.0189
1.0189
1.0189
1.0189
1.0189
1.0189
1.0189
1.0189
1.0189
1.0189
1.0189
1.0189
1.0189
1.0189
1.0189
1.0189
1.0189
1.0189
1.0189
1.0189
1.0189
1.0189
1.0189
1.0189
1.0189
1.0189
1.0189
1.0189
1.0189
1.0189
1.0189
1.0189
1.0189
1.0189
1.0189
1.0189
1.0189
1.0189
1.0189
1.0189
1.0189
1.0189
1.0189
1.0189
1.0189
1.0189
1.0189
1.0189
1.0189
1.0189
1.0189
1.0189
1.0189
1.0189
1.0189
1.0189
1.0189
1.0189
1.0189
1.0189
1.0189
1.0189
1.0189
1.0189
1.0189
1.0189
1.0189
1.0189
1.0189
1.0189
1.0189
1.0189
1.0189
1.0189
1.0189
1.0189
1.0189
1.0189
1.0189
1.0189
1.0189
1.0189
1.0189
1.0189
1.0189
1.0189
1.0189
1.0189
1.0189
1.0189
1.0189
1.0189
1.0189
1.0189
1.0189
1.0189
1.0189
1.0189
1.0189
1.0189
1.0189
1.0189
1.0189
1.0189
1.0189
1.0189
1.0189
1.0189
1.0189
1.0189
1.0189
1.0189
1.0189
1.0189
1.0189
1.0189
1.0189
1.0189
1.0189
1.0189
1.0189
1.0189
1.0189
1.0189
1.0189
1.0189
1.0189
1.0189
1.0189
1.0189
1.0189
1.0189
1.0189
1.0189
1.0189
1.0189
1.0189
1.0189
1.0189
1.0189
1.0189
1.0189
1.0189
1.0189
1.0189
1.0189
1.0189
1.0189
1.0189
1.0189
1.0189
1.0189
1.0189
1.0189
1.0189
1.0189
1.0189
1.0189
1.0189
1.0189
1.0189
1.0189
1.0189
1.0189
1.0189
1.0189
1.0189
1.0189
1.0189
1.0189
1.0189
1.0189
1.0189
1.0189
1.0189
1.0189
1.0189
1.0189
1.0189
1.0189
1.0189
1.0189
1.0189
1.0189
1.0189
1.0189
1.0189
1.0189
1.0189
1.0189
1.0189
1.0189
1.0189
1.0189
1.0189
1.0189
1.0189
1.0189
1.0189
1.0189
1.0189
1.0189
1.0189
1.0189
1.0189
1.0189
1.0189
1.0189
1.0189
1.0189
1.0189
1.0189
1.0189
1.0189
1.0189
1.0189
1.0189
1.0189
1.0189
1.0189
1.0189
1.0189
1.0189
1.0189
1.0189
1.0189
1.0189
1.0189
1.0189
1.0189
1.0189
1.0189
1.0189
1.0189
1.0189
1.0189
1.0189
1.0189
1.0189
1.0189
1.0189
1.0189
1.0189
1.0189
1.0189
1.0189
1.0189
1.0189
1.0189
1.0189
1.0189
1.0189
1.0189
1.0189
1.0189
1.0189
1.0189
1.0189
1.0189
1.0189
1.0189
1.0189
1.0189
1.0189
1.0189
1.0189
1.0189
1.0189
1.0189
1.0189
1.0189
1.0189
1.0189
1.0189
1.0189
1.0189
1.0189
1.0189
1.0189
1.0189
1.0189
1.0189
1.0189
1.0189
1.0189
1.0189
1.0189
1.0189
1.0189
1.0189
1.0189
1.0189
1.0189
1.0189
1.0189
1.0189
1.0189
1.0189
1.0189
1.0189
1.0189
1.0189
1.0189
1.0189
1.0189
1.0189
1.0189
1.0189
1.0189
1.0189
1.0189
1.0189
1.0189
1.0189
1.0189
1.0189
1.0189
1.0189
1.0189
1.0189
1.0189
1.0189
1.0189
1.0189
1.0189
1.0189
1.0189
1.0189
1.0189
1.0189
1.0189
1.0189
1.0189
1.0189
1.0189
1.0189
1.0189
1.0189
1.0189
1.0189
1.0189
1.0189
1.0189
1.0189
1.0189
1.0189
1.0189
1.0189
1.0189
1.0189
1.0189
1.0189
1.0189
1.0189
1.0189
1.0189
1.0189
1.0189
1.0189
1.0189
1.0189
1.0189
1.0189
1.0189
1.0189
1.0189
1.0189
1.0189
1.0189
1.0189
1.0189
1.0189
1.0189
1.0189
1.0189
1.0189
1.0189
1.0189
1.0189
1.0189
1.0189
1.0189
1.0189
1.0189
1.0189
1.0189
1.0189
1.0189
1.0189
1.0189
1.0189
1.0189
1.0189
1.0189
1.0189
1.0189
1.0189
1.0189
1.0189
1.0189
1.0189
1.0189
1.0189
1.0189
1.0189
1.0189
1.0189
1.0189
1.0189
1.0189
1.0189
1.0189
1.0189
1.0189
1.0189
1.0189
1.0189
1.0189
1.0189
1.0189
1.0189
1.0189
1.0189
1.0189
1.0189
1.0189
1.0189
1.0189
1.0189
1.0189
1.0189
1.0189
1.0189
1.0189
1.0189
1.0189
1.0189
1.0189
1.0189
1.0189
1.0189
1.0189
1.0189
1.0189
1.0189
1.0189
1.0189
1.0189
1.0189
1.0189
1.0189
1.0189
1.0189
1.0189
1.0189
1.0189
1.0189
1.0189
1.0189
1.0189
1.0189
1.0189
1.0189
1.0189
1.0189
1.0189
1.0189
1.0189
1.0189
1.0189
1.0189
1.0189
1.0189
1.0189
1.0189
1.0189
1.0189
1.0189
1.0189
1.0189
1.0189
1.0189
1.0189
1.0189
1.0189
1.0189
1.0189
1.0189
1.0189
1.0189
1.0189
1.0189
1.0189
1.0189
1.0189
1.0189
1.0189
1.0189
1.0189
1.0189
1.0189
1.0189
1.0189
1.0189
1.0189
1.0189
1.0189
1.0189
1.0189
1.0189
1.0189
1.0189
1.0189
1.0189
1.0189
1.0189
1.0189
1.0189
1.0189
1.0189
1.0189
1.0189
1.0189
1.0189
1.0189
1.0189
1.0189
1.0189
1.0189
1.0189
1.0189
1.0189
1.0189
1.0189
1.0189
1.0189
1.0189
1.0189
1.0189
1.0189
1.0189
1.0189
1.0189
1.0189
1.0189
1.0189
1.0189
1.0189
1.0189
1.0189
1.0189
1.0189
1.0189
1.0189
1.0189
1.0189
1.0189
1.0189
1.0189
1.0189
1.0189
1.0189
1.0189
1.0189
1.0189
1.0189
1.0189
1.0189
1.0189
1.0189
1.0189
1.0189
1.0189
1.0189
1.0189
1.0189
1.0189
1.0189
1.0189
1.0189
1.0189
1.0189
1.0189
1.0189
1.0189
1.0189
1.0189
1.0189
1.0189
1.0189
1.0189
1.0189
1.0189
1.0189
1.0189
1.0189
1.0189
1.0189
1.0189
1.0189
1.0189
1.0189
1.0189
1.0189
1.0189
1.0189
1.0189
1.0189
1.0189
1.0189
1.0189
1.0189
1.0189
1.0189
1.0189
1.0189
1.0189
1.0189
1.0189
1.0189
1.0189
1.0189
1.0189
1.0189
1.0189
1.0189
1.0189
1.0189
1.0189
1.0189
1.0189
1.0189
1.0189
1.0189
1.0189
1.0189
1.0189
1.0189
1.0189
1.0189
1.0189
1.0189
1.0189
1.0189
1.0189
1.0189
1.0189
1.0189
1.0189
1.0189
1.0189
1.0189
1.0189
1.0189
1.0189
1.0189
1.0189
1.0189
1.0189
1.0189
1.0189
1.0189
1.0189
1.0189
1.0189
1.0189
1.0189
1.0189
1.0189
1.0189
1.0189
1.0189
1.0189
1.0189
1.0189
1.0189
1.0189
1.0189
1.0189
1.0189
1.0189
1.0189
1.0189
1.0189
1.0189
1.0189
1.0189
1.0189
1.0189
1.0189
1.0189
1.0189
1.0189
1.0189
1.0189
1.0189
1.0189
1.0189
1.0189
1.0189
1.0189
1.0189
1.0189
1.0189
1.0189
1.0189
1.0189
1.0189
1.0189
1.0189
1.0189
1.0189
1.0189
1.0189
1.0189
1.0189
1.0189
1.0189
1.0189
1.0189
1.0189
1.0189
1.0189
1.0189
1.0189
1.0189
1.0189
1.0189
1.0189
1.0189
1.0189
1.0189
1.0189
1.0189
1.0189
1.0189
1.0189
1.0189
1.0189
1.0189
1.0189
1.0189
1.0189
1.0189
1.0189
1.0189
1.0189
1.0189
1.0189
1.0189
1.0189
1.0189
1.0189
1.0189
1.0189
1.0189
1.0189
1.0189
1.0189
1.0189
1.0189
1.0189
1.0189
1.0189
1.0189
1.0189
1.0189
1.0189
1.0189
1.0189
1.0189
1.0189
1.0189
1.0189
1.0189
1.0189
1.0189
1.0189
1.0189
1.0189
1.0189
1.0189
1.0189
1.0189
1.0189
1.0189
1.0189
1.0189
1.0189
1.0189
1.0189
1.0189
1.0189
1.0189
1.0189
1.0189
1.0189
1.0189
1.0189
