
/*---------------------------贪心算法思想下解的说明------------------------------*/

算法思想：以当前所在的点为参考选择离自己最近的点作为下一站，走过的点不在经过


贪心思想只能求得每一步只能求得局部最短路径，因此最终结果是近似最优解

贪心算法求解的最短路程的长度为：69299.4
实际的最短路径为：59030
此算法和最优解的近似度为:1.17397
time = 0.004s
/*---------------------------贪心算法思想下解的说明------------------------------*/



/*---------------------------遗传算法2思想下解的说明------------------------------*/

算法思想：随机生成一个路线序列，路线路径长度短的会更可能遗传下去，所以经过多次代际迭代，最终的结果会趋近于最优解


代际更迭次数越多，越接近最优解。这种算法最终结果是近似最优解

遗传算法求解的最短路程的长度为：60145.8
实际的最短路径为：59030
此算法和最优解的近似度为:1.0189
time = 90.835s
这个算法迭代终止条件是前后 992 代最优个体一样
这个算法中共计迭代 1466次
其中每一代个体数为 248   交叉遗传的概率为 0.8   变异的概率为 0.1

迭代过程中 交叉遗传次数为146098  其中变异次数为43433

以下是迭代过程中每一代中最好的个体所对应的路先长度变化（每20代输出一次）

69757.1 68517.3 63326.8 61950.7 61831.5 61741 61554 61554 61554 61554 61470.2 61332.6 61200.7 60907.8 60895.8 60895.8 60895.8 60795.1 60795.1 60795.1 
60795.1 60795.1 60705.5 60145.8 60145.8 60145.8 60145.8 60145.8 60145.8 60145.8 60145.8 60145.8 60145.8 60145.8 60145.8 60145.8 60145.8 60145.8 60145.8 60145.8 
60145.8 60145.8 60145.8 60145.8 60145.8 60145.8 60145.8 60145.8 60145.8 60145.8 60145.8 60145.8 60145.8 60145.8 60145.8 60145.8 60145.8 60145.8 60145.8 60145.8 
60145.8 60145.8 60145.8 60145.8 60145.8 60145.8 60145.8 60145.8 60145.8 60145.8 60145.8 60145.8 60145.8 
/*---------------------------遗传算法2思想下解的说明------------------------------*/


