4.68973
4.58975
4.39682
4.36737
4.15169
4.15169
4.02946
4.02946
4.00792
3.859
3.73628
3.73628
3.6739
3.64435
3.5188
3.42231
3.42231
3.28024
3.28024
3.28017
3.28017
3.2738
3.20574
3.14611
3.14611
3.1115
3.06618
3.05436
3.03552
3.03552
3.01641
2.97879
2.96007
2.96007
2.91782
2.90732
2.8818
2.8646
2.75564
2.75564
2.75564
2.75564
2.75564
2.70616
2.70616
2.70616
2.70616
2.68632
2.64552
2.64552
2.55204
2.49073
2.49073
2.49073
2.49073
2.43285
2.41408
2.41408
2.41408
2.38959
2.38959
2.34943
2.34943
2.31003
2.31003
2.2977
2.28906
2.24198
2.23446
2.23446
2.23446
2.17837
2.17837
2.1668
2.10991
2.10991
2.10991
2.08663
2.08663
2.08663
2.08435
2.06669
2.06638
2.06634
2.05886
2.03298
2.03298
2.03298
2.03298
2.02658
2.02658
2.02173
2.02173
2.02029
2.01294
2.01294
1.9735
1.9735
1.9735
1.96194
1.93827
1.93827
1.93827
1.93437
1.93437
1.93437
1.91595
1.91595
1.91595
1.91411
1.91263
1.91108
1.91108
1.87481
1.87481
1.87481
1.87257
1.87257
1.87149
1.87149
1.86698
1.86184
1.85852
1.85852
1.85459
1.85459
1.85459
1.84781
1.84781
1.84779
1.84779
1.84779
1.84779
1.84779
1.84712
1.8471
1.8471
1.8471
1.83636
1.83636
1.83634
1.83634
1.83634
1.83634
1.8184
1.8184
1.81838
1.81838
1.81838
1.81742
1.81742
1.8174
1.80852
1.80852
1.80765
1.80592
1.80592
1.80346
1.8022
1.80044
1.80044
1.80044
1.80044
1.80044
1.80044
1.80044
1.80044
1.79789
1.79789
1.78894
1.78894
1.78713
1.78642
1.78642
1.78458
1.78458
1.78458
1.78032
1.7803
1.7803
1.77859
1.77677
1.77249
1.76511
1.76511
1.76511
1.76511
1.76142
1.76142
1.76142
1.74623
1.74623
1.74623
1.74623
1.72189
1.72189
1.72189
1.72189
1.72189
1.71756
1.71456
1.71456
1.70641
1.70641
1.70183
1.70183
1.69883
1.69883
1.69883
1.69883
1.69883
1.69883
1.67939
1.67939
1.67637
1.67637
1.67637
1.64825
1.64825
1.64825
1.64825
1.64825
1.64825
1.63982
1.63982
1.63982
1.63654
1.63387
1.63387
1.63387
1.63383
1.63361
1.63361
1.63118
1.63118
1.62749
1.62348
1.62348
1.61518
1.60982
1.60982
1.60982
1.60982
1.60982
1.60982
1.60982
1.60982
1.60982
1.60982
1.60982
1.60982
1.60982
1.60982
1.60982
1.60982
1.60982
1.60982
1.60982
1.60982
1.60982
1.60982
1.60982
1.60982
1.60923
1.6007
1.59614
1.59614
1.59614
1.59492
1.59492
1.59492
1.59492
1.57929
1.57369
1.57369
1.57318
1.56946
1.56946
1.55553
1.55553
1.54321
1.54321
1.54321
1.54321
1.54321
1.54321
1.54321
1.54321
1.54321
1.54321
1.54321
1.54321
1.5427
1.5427
1.5427
1.54151
1.54151
1.54151
1.53612
1.52445
1.52445
1.52445
1.52393
1.52393
1.52393
1.52393
1.52274
1.52274
1.52274
1.52274
1.52274
1.52274
1.52274
1.52274
1.52274
1.52274
1.52274
1.52274
1.52274
1.52274
1.52274
1.52274
1.52274
1.52256
1.51744
1.51744
1.50152
1.50152
1.50152
1.50152
1.50152
1.50152
1.50152
1.50152
1.50152
1.50134
1.50134
1.50134
1.50134
1.49734
1.49734
1.49734
1.49734
1.49734
1.49734
1.49734
1.49734
1.49734
1.49734
1.49734
1.49734
1.49734
1.49734
1.49734
1.49734
1.49734
1.49734
1.49734
1.49734
1.49734
1.49734
1.49734
1.49734
1.49734
1.49734
1.49734
1.49734
1.49734
1.49734
1.49734
1.49734
1.49734
1.49734
1.49734
1.49734
1.49339
1.4804
1.47707
1.47373
1.47373
1.47373
1.47373
1.46051
1.46051
1.46051
1.46051
1.46051
1.46051
1.46051
1.46051
1.46051
1.46051
1.46051
1.46051
1.43948
1.43948
1.43948
1.43948
1.43948
1.43948
1.43948
1.43948
1.43948
1.43948
1.43948
1.43948
1.43948
1.43875
1.43875
1.43875
1.43854
1.43854
1.43854
1.43854
1.43854
1.43854
1.43854
1.43854
1.43854
1.4381
1.43711
1.43711
1.43711
1.43711
1.43711
1.43667
1.43667
1.43667
1.43667
1.43308
1.43308
1.43308
1.43308
1.43308
1.42537
1.42178
1.42178
1.42178
1.42178
1.42178
1.42178
1.42178
1.42178
1.42178
1.41463
1.41463
1.41463
1.41463
1.41463
1.41463
1.41463
1.41463
1.41463
1.41463
1.41463
1.41463
1.41463
1.41463
1.41463
1.41463
1.41463
1.41463
1.41463
1.41463
1.41463
1.41463
1.41463
1.41463
1.41463
1.41463
1.41463
1.41463
1.41463
1.41463
1.41463
1.41463
1.41463
1.41463
1.41463
1.41463
1.41463
1.41463
1.41463
1.41463
1.41463
1.41463
1.41463
1.41463
1.41463
1.41463
1.41463
1.41004
1.41004
1.41004
1.41004
1.41004
1.41004
1.41004
1.41004
1.41004
1.41004
1.41004
1.41004
1.41004
1.41004
1.41004
1.41004
1.41004
1.41004
1.41004
1.41004
1.40858
1.40858
1.40858
1.40858
1.40858
1.40858
1.40858
1.40858
1.40858
1.40858
1.40858
1.40858
1.40858
1.40858
1.40858
1.40858
1.40858
1.40858
1.40858
1.40858
1.40858
1.40858
1.40858
1.40858
1.40858
1.40649
1.40649
1.40447
1.40447
1.40239
1.40239
1.40239
1.40239
1.40239
1.40237
1.39419
1.39358
1.39358
1.39358
1.39358
1.39358
1.39358
1.39358
1.39358
1.39358
1.39358
1.39358
1.39358
1.39358
1.39358
1.39358
1.39358
1.39358
1.39358
1.39358
1.39358
1.39358
1.39358
1.39358
1.39358
1.39358
1.39358
1.39358
1.39358
1.39358
1.39358
1.39358
1.39358
1.39358
1.39358
1.39358
1.39358
1.39358
1.39358
1.39358
1.39358
1.39358
1.39358
1.39358
1.39358
1.39358
1.39358
1.39358
1.39358
1.39358
1.39358
1.39358
1.39358
1.39358
1.39358
1.39358
1.39358
1.39358
1.39358
1.39358
1.39358
1.39358
1.39358
1.39358
1.39358
1.39358
1.39358
1.39358
1.39358
1.39358
1.39358
1.39358
1.39358
1.39358
1.39358
1.39358
1.39358
1.39358
1.39358
1.39358
1.39358
1.39358
1.38778
1.38643
1.386
1.386
1.38305
1.38305
1.37772
1.37772
1.37615
1.37615
1.36807
1.36807
1.36807
1.36807
1.36704
1.36704
1.36704
1.36704
1.36704
1.36704
1.36704
1.35665
1.3555
1.3555
1.3555
1.3555
1.3555
1.34351
1.34351
1.34351
1.34351
1.34351
1.34351
1.34351
1.34351
1.34351
1.34351
1.34351
1.34351
1.34351
1.34351
1.34351
1.34351
1.34351
1.34351
1.34351
1.34351
1.34351
1.34351
1.34351
1.34351
1.34351
1.31618
1.31618
1.31618
1.31618
1.31618
1.31618
1.31618
1.31618
1.31618
1.31618
1.31618
1.31618
1.31618
1.31618
1.31618
1.31618
1.31618
1.31618
1.31618
1.31618
1.31618
1.31618
1.31618
1.31618
1.31618
1.31618
1.31618
1.31618
1.31618
1.31618
1.31618
1.31618
1.31618
1.31618
1.31618
1.31618
1.31618
1.31618
1.31618
1.31618
1.31618
1.31618
1.31618
1.31618
1.31618
1.31618
1.31618
1.31618
1.31618
1.31618
1.31618
1.31618
1.31618
1.31618
1.31618
1.31618
1.31618
1.31618
1.31618
1.31618
1.31618
1.31618
1.31618
1.31618
1.31618
1.31618
1.31618
1.31618
1.31618
1.31618
1.31618
1.31618
1.31618
1.31508
1.31508
1.31508
1.31508
1.31508
1.31508
1.31508
1.31508
1.31508
1.31508
1.31508
1.31508
1.31508
1.31508
1.31508
1.31508
1.31508
1.31508
1.31508
1.31508
1.31508
1.31508
1.31508
1.31508
1.31508
1.31508
1.31508
1.31508
1.31508
1.31508
1.31508
1.31508
1.31488
1.31488
1.31488
1.31488
1.31488
1.31488
1.31488
1.31488
1.31488
1.31488
1.31488
1.31488
1.31488
1.31488
1.31488
1.31488
1.31488
1.31488
1.31453
1.31453
1.31453
1.31453
1.31453
1.31453
1.31453
1.31453
1.31453
1.31434
1.31434
1.31434
1.31434
1.31434
1.31434
1.31434
1.31434
1.31434
1.31434
1.31434
1.31434
1.31434
1.31434
1.31434
1.31434
1.31434
1.31434
1.31434
1.31434
1.31434
1.31434
1.31434
1.31434
1.31426
1.31426
1.31426
1.31426
1.31426
1.31426
1.31426
1.31426
1.31426
1.31426
1.31426
1.31426
1.31423
1.31423
1.31423
1.31423
1.31423
1.31423
1.31423
1.31423
1.30474
1.30474
1.30474
1.30474
1.30474
1.30474
1.30474
1.30474
1.30474
1.30474
1.30474
1.30142
1.30142
1.30142
1.30142
1.30142
1.30142
1.30142
1.30142
1.30142
1.30142
1.30142
1.30142
1.30142
1.30142
1.30142
1.29922
1.2908
1.2908
1.2908
1.2908
1.2908
1.2908
1.2886
1.2886
1.2886
1.2886
1.2886
1.2886
1.2886
1.2886
1.2886
1.2886
1.2886
1.2886
1.2886
1.27367
1.27367
1.27367
1.27367
1.27367
1.25616
1.25616
1.25616
1.25616
1.25616
1.25616
1.25616
1.25616
1.25616
1.25616
1.25616
1.25616
1.25616
1.25515
1.25515
1.25515
1.25515
1.25515
1.25515
1.25515
1.25515
1.25515
1.25515
1.25515
1.25515
1.25515
1.25515
1.25515
1.25515
1.25515
1.25515
1.25515
1.25515
1.25515
1.25515
1.25515
1.25515
1.25515
1.25515
1.25515
1.25515
1.25515
1.25515
1.25515
1.25515
1.25515
1.25515
1.25515
1.25515
1.25515
1.25515
1.25515
1.25515
1.25515
1.25515
1.25515
1.25515
1.25515
1.25515
1.25515
1.25515
1.25515
1.25515
1.25515
1.25515
1.25515
1.25515
1.25515
1.25515
1.25515
1.25515
1.25515
1.25515
1.25515
1.25515
1.25515
1.25515
1.25515
1.25515
1.25515
1.25515
1.25515
1.25515
1.25515
1.25161
1.25161
1.25161
1.25161
1.25161
1.25161
1.25161
1.25161
1.25161
1.25161
1.25161
1.25161
1.25161
1.25161
1.25161
1.25161
1.25161
1.25161
1.25161
1.25161
1.25161
1.25161
1.25161
1.25161
1.25161
1.25161
1.25161
1.25161
1.25161
1.25161
1.25161
1.25161
1.25161
1.25161
1.25161
1.25161
1.25161
1.25161
1.25161
1.25161
1.25161
1.25161
1.25161
1.25161
1.25161
1.25161
1.25161
1.25161
1.25161
1.25161
1.25161
1.25161
1.25161
1.25161
1.25161
1.25161
1.25161
1.25161
1.25161
1.25161
1.25161
1.25161
1.25161
1.25161
1.25161
1.25161
1.25161
1.25161
1.25161
1.25161
1.25161
1.25161
1.25161
1.25161
1.25001
1.25001
1.25001
1.25001
1.25001
1.25001
1.25001
1.25001
1.23754
1.23754
1.23754
1.23754
1.23754
1.23754
1.23144
1.21841
1.20151
1.20151
1.20151
1.20151
1.20151
1.20151
1.20151
1.20151
1.20151
1.20151
1.20151
1.20151
1.20151
1.20151
1.20151
1.20151
1.20151
1.20151
1.20151
1.20151
1.20151
1.20151
1.20151
1.20151
1.20151
1.20151
1.20151
1.20151
1.20151
1.20151
1.20151
1.20151
1.20151
1.20151
1.20151
1.20151
1.20151
1.20151
1.20151
1.20151
1.20151
1.20151
1.20151
1.20151
1.20151
1.20151
1.20151
1.20151
1.20151
1.20151
1.20151
1.20151
1.20151
1.20151
1.20151
1.20151
1.20151
1.20151
1.20151
1.20151
1.20151
1.20151
1.20151
1.20151
1.20151
1.20151
1.20151
1.20151
1.20151
1.20151
1.20151
1.20151
1.20151
1.20151
1.20151
1.20151
1.20151
1.20151
1.20151
1.20151
1.20151
1.20151
1.20151
1.20151
1.20151
1.20151
1.20151
1.20151
1.20151
1.20151
1.20151
1.20151
1.20151
1.20151
1.20151
1.20151
1.20151
1.20151
1.20151
1.20151
1.20151
1.20151
1.20151
1.20151
1.20151
1.20151
1.20151
1.20151
1.20151
1.20151
1.20151
1.20151
1.20151
1.20151
1.20151
1.20151
1.20151
1.20151
1.20151
1.20151
1.20151
1.20151
1.20151
1.20151
1.20151
1.20151
1.20151
1.20151
1.20151
1.20151
1.20151
1.20151
1.20151
1.20151
1.20151
1.20151
1.20151
1.20151
1.20151
1.20151
1.20151
1.20151
1.20151
1.20151
1.20151
1.20151
1.20151
1.20151
1.20151
1.20151
1.20151
1.20151
1.20151
1.20151
1.20151
1.20151
1.20151
1.20151
1.20151
1.20151
1.20151
1.20151
1.20151
1.20151
1.20151
1.20151
1.20151
1.20151
1.20151
1.20151
1.20151
1.20151
1.20151
1.20151
1.20151
1.20151
1.20151
1.20151
1.20151
1.20151
1.20151
1.20151
1.20151
1.20151
1.20151
1.20151
1.20151
1.20151
1.20151
1.20151
1.20151
1.20139
1.20139
1.20139
1.20139
1.20139
1.20139
1.20139
1.20139
1.20139
1.20139
1.20139
1.20139
1.20139
1.20139
1.20139
1.20139
1.20139
1.20139
1.20139
1.20139
1.20139
1.20139
1.20139
1.20139
1.20139
1.20139
1.20139
1.20139
1.20139
1.20139
1.20139
1.20139
1.20139
1.20139
1.20139
1.20139
1.20139
1.20139
1.20139
1.20139
1.20139
1.20139
1.20139
1.20139
1.20139
1.20139
1.20139
1.20139
1.20139
1.20139
1.20139
1.20139
1.20139
1.20139
1.20139
1.20139
1.20139
1.20139
1.20139
1.20139
1.20139
1.20139
1.20139
1.20139
1.20139
1.20139
1.20139
1.20139
1.20139
1.20139
1.20139
1.20139
1.20139
1.20139
1.20139
1.20139
1.20139
1.20139
1.20139
1.20139
1.20139
1.20139
1.20139
1.20139
1.20139
1.20139
1.20139
1.20139
1.20139
1.20139
1.20139
1.20139
1.20139
1.20139
1.20139
1.20139
1.20139
1.20139
1.20139
1.20139
1.20139
1.20139
1.20139
1.20139
1.20139
1.20139
1.20139
1.20139
1.20139
1.20139
1.20139
1.20139
1.20139
1.20139
1.20139
1.20139
1.20139
1.20139
1.20139
1.20139
1.20139
1.20139
1.20139
1.20139
1.20139
1.20139
1.20139
1.20139
1.20139
1.20139
1.20139
1.20139
1.20139
1.20139
1.20139
1.20139
1.20139
1.20139
1.20139
1.20139
1.20139
1.20139
1.20139
1.20139
1.20139
1.20139
1.20139
1.20139
1.20139
1.20116
1.20116
1.20116
1.20017
1.20017
1.20017
1.19989
1.19989
1.19989
1.19989
1.19989
1.19989
1.19989
1.19989
1.19989
1.19989
1.19989
1.19989
1.19989
1.19989
1.19989
1.19989
1.19989
1.19989
1.19989
1.19989
1.19989
1.19989
1.19989
1.19989
1.19989
1.19989
1.19989
1.19989
1.19989
1.19989
1.19989
1.19989
1.19989
1.19989
1.19989
1.19989
1.19989
1.19989
1.19989
1.19989
1.19989
1.19989
1.19989
1.19989
1.19989
1.19989
1.19989
1.19989
1.19989
1.19989
1.19989
1.19989
1.19989
1.19989
1.1978
1.1978
1.1978
1.1978
1.1978
1.1978
1.1978
1.1978
1.1978
1.1978
1.19767
1.19767
1.19767
1.19767
1.19767
1.19767
1.19767
1.19767
1.19767
1.19767
1.19767
1.19767
1.19767
1.19767
1.19767
1.19767
1.19767
1.19767
1.19767
1.19767
1.19767
1.19767
1.19767
1.19767
1.19767
1.19767
1.19767
1.19767
1.19767
1.19767
1.19767
1.19767
1.19767
1.19767
1.19767
1.19767
1.19767
1.19767
1.19767
1.19767
1.19767
1.19767
1.19767
1.19767
1.19767
1.19767
1.19767
1.19767
1.19767
1.19767
1.19767
1.19767
1.19767
1.19767
1.19767
1.19767
1.19767
1.19767
1.19767
1.19767
1.19767
1.19767
1.19767
1.19767
1.19767
1.19767
1.19767
1.19767
1.19767
1.19767
1.19767
1.19767
1.19767
1.19767
1.19767
1.19767
1.19767
1.19767
1.19767
1.19767
1.19767
1.19767
1.19767
1.19767
1.19767
1.19767
1.19767
1.19767
1.19767
1.19767
1.19767
1.19767
1.19767
1.19767
1.19767
1.19767
1.19767
1.19767
1.19767
1.19767
1.19767
1.19767
1.19767
1.19767
1.19767
1.19767
1.19767
1.19767
1.19767
1.19767
1.19767
1.19767
1.19767
1.19767
1.19767
1.19767
1.19767
1.19767
1.19767
1.19767
1.19767
1.19767
1.19767
1.19767
1.19767
1.19767
1.19767
1.19767
1.19767
1.19767
1.19767
1.19767
1.19767
1.19767
1.19767
1.19767
1.19767
1.19767
1.19767
1.19767
1.19767
1.19767
1.19767
1.19767
1.19767
1.19767
1.19767
1.19767
1.19767
1.19767
1.19767
1.19767
1.19767
1.19767
1.19767
1.19767
1.19767
1.19767
1.19767
1.19767
1.19767
1.19767
1.19767
1.19767
1.19767
1.19767
1.19767
1.19767
1.19767
1.19767
1.19767
1.19767
1.19767
1.19767
1.19767
1.19767
1.19767
1.19767
1.19767
1.19767
1.19767
1.19767
1.19767
1.19767
1.19767
1.19767
1.19767
1.19767
1.19767
1.19767
1.19767
1.19767
1.19767
1.19767
1.19767
1.19767
1.19767
1.19767
1.19767
1.19767
1.19767
1.19767
1.19767
1.19767
1.19767
1.19767
1.19767
1.19767
1.19767
1.19767
1.19767
1.19767
1.19767
1.19767
1.19767
1.19767
1.19767
1.19767
1.19767
1.19767
1.19767
1.19767
1.19767
1.19767
1.19767
1.19767
1.19767
1.19767
1.19767
1.19767
1.19767
1.19767
1.19767
1.19767
1.19767
1.19767
1.19767
1.19767
1.19767
1.19767
1.19767
1.19767
1.19767
1.19767
1.19767
1.19767
1.19767
1.19767
1.19767
1.19767
1.19767
1.19767
1.19767
1.19767
1.19767
1.19767
1.19767
1.19767
1.19767
1.19767
1.19767
1.19767
1.19767
1.19767
1.19767
1.19767
1.19767
1.19767
1.19767
1.19767
1.19767
1.19767
1.19767
1.19767
1.19767
1.19767
1.19767
1.19767
1.19767
1.19767
1.19767
1.19767
1.19767
1.19767
1.19767
1.19767
1.19767
1.19767
1.19767
1.19767
1.19767
1.19767
1.19767
1.19767
1.19767
1.19767
1.19767
1.19767
1.19767
1.19767
1.19767
1.19767
1.19767
1.19767
1.19767
1.19767
1.19767
1.19767
1.19767
1.19767
1.19767
1.19767
1.19767
1.19767
1.19767
1.19767
1.19767
1.19767
1.19767
1.19767
1.19767
1.19767
1.19767
1.19767
1.19767
1.19767
1.19767
1.19767
1.19767
1.19767
1.19767
1.19767
1.19767
1.19767
1.19767
1.19767
1.19767
1.19767
1.19767
1.19767
1.19767
1.19767
1.19767
1.19767
1.19767
1.19767
1.19767
1.19767
1.19767
1.19767
1.19767
1.19758
1.19758
1.19758
1.19758
1.19758
1.19758
1.19758
1.19758
1.19758
1.19758
1.19758
1.19758
1.19758
1.19758
1.19758
1.19758
1.19758
1.19758
1.19758
1.19758
1.19758
1.19758
1.19758
1.19758
1.19758
1.19758
1.19758
1.19758
1.19758
1.19758
1.19758
1.19758
1.19758
1.19758
1.19758
1.19758
1.19758
1.19758
1.19758
1.19758
1.19758
1.19758
1.19758
1.19758
1.19758
1.19758
1.19758
1.19758
1.19758
1.19758
1.19689
1.19689
1.19689
1.19689
1.19689
1.19689
1.19689
1.19689
1.19689
1.19689
1.19689
1.19689
1.19689
1.19689
1.19689
1.19689
1.19689
1.19689
1.19689
1.19689
1.19689
1.19689
1.19689
1.19689
1.19689
1.19689
1.19689
1.19689
1.19689
1.19689
1.19689
1.19689
1.19689
1.19689
1.19689
1.19689
1.19689
1.19689
1.19689
1.19689
1.19689
1.19689
1.19689
1.19689
1.19689
1.19689
1.19689
1.19689
1.19689
1.19689
1.19689
1.19689
1.19689
1.19689
1.19689
1.19689
1.19689
1.19689
1.19689
1.19689
1.19689
1.19689
1.19689
1.19689
1.19689
1.19689
1.19689
1.19689
1.19689
1.19689
1.19689
1.19689
1.19689
1.19689
1.19689
1.19689
1.19689
1.19689
1.19689
1.19689
1.19689
1.19689
1.19689
1.19689
1.19689
1.19689
1.19689
1.19689
1.19641
1.19641
1.19641
1.19641
1.19641
1.18988
1.18988
1.18988
1.18988
1.18988
1.18988
1.18988
1.18988
1.18988
1.18988
1.18988
1.18988
1.18988
1.18988
1.18988
1.18988
1.18988
1.18988
1.18988
1.18988
1.18988
1.18988
1.18988
1.18988
1.18988
1.18988
1.18988
1.18988
1.18988
1.18988
1.18988
1.18988
1.18988
1.18988
1.18988
1.18988
1.18988
1.18988
1.18988
1.18988
1.18988
1.18988
1.18988
1.18988
1.18988
1.18988
1.18988
1.18988
1.18988
1.18988
1.18988
1.18988
1.18988
1.18988
1.18988
1.18988
1.18988
1.18988
1.18988
1.18988
1.18988
1.18988
1.18988
1.18988
1.18988
1.18988
1.18988
1.18988
1.18988
1.18988
1.18988
1.18988
1.18988
1.18988
1.18988
1.18988
1.18988
1.18988
1.18988
1.18988
1.18988
1.18988
1.17432
1.17432
1.17432
1.17432
1.17432
1.17432
1.17432
1.17432
1.17432
1.17432
1.17432
1.16348
1.16348
1.16348
1.16348
1.16348
1.16348
1.16348
1.16348
1.16348
1.16348
1.16348
1.16348
1.16348
1.16348
1.16348
1.16348
1.16348
1.16348
1.16348
1.16348
1.16348
1.16348
1.16348
1.16348
1.16348
1.16348
1.16348
1.16348
1.16348
1.16348
1.16348
1.16348
1.16348
1.16348
1.16348
1.16348
1.16348
1.16348
1.16348
1.16348
1.16348
1.16348
1.16348
1.16348
1.16348
1.16348
1.16348
1.16348
1.16348
1.16348
1.16348
1.16348
1.16348
1.16348
1.16348
1.16348
1.16348
1.16348
1.16348
1.16348
1.16348
1.16348
1.16348
1.16348
1.16348
1.16348
1.16348
1.16348
1.16348
1.16348
1.16348
1.16348
1.16348
1.16348
1.16348
1.16348
1.16348
1.16348
1.16348
1.16348
1.16348
1.16348
1.16348
1.16348
1.16348
1.16348
1.16348
1.16348
1.16348
1.16348
1.16348
1.16348
1.16348
1.16348
1.16348
1.16348
1.16348
1.16348
1.16348
1.16348
1.16348
1.16348
1.16348
1.16348
1.16348
1.16348
1.16348
1.16348
1.16348
1.16348
1.16348
1.16348
1.16348
1.16348
1.16348
1.16348
1.16348
1.16348
1.16348
1.16348
1.16348
1.16348
1.16348
1.16348
1.16348
1.16348
1.16348
1.16348
1.16348
1.16348
1.16348
1.16348
1.16348
1.16348
1.16348
1.16348
1.16348
1.16348
1.16348
1.16348
1.16348
1.16348
1.16348
1.16348
1.16348
1.16348
1.16348
1.16348
1.16348
1.16348
1.16348
1.16348
1.16348
1.16348
1.16348
1.16348
1.16348
1.16348
1.16348
1.16348
1.16348
1.16348
1.16348
1.16348
1.16348
1.16348
1.16348
1.16348
1.16348
1.16348
1.16348
1.16348
1.16348
1.16348
1.16348
1.16348
1.16348
1.16348
1.16348
1.16348
1.16348
1.16348
1.16348
1.16348
1.16348
1.16348
1.16348
1.16348
1.16348
1.16348
1.16348
1.16348
1.16348
1.16348
1.16348
1.16348
1.16348
1.16348
1.16348
1.16348
1.16348
1.16348
1.16348
1.16348
1.16348
1.16348
1.16348
1.16348
1.16348
1.16348
1.16348
1.16348
1.16348
1.16348
1.16348
1.16348
1.16348
1.16348
1.16348
1.16348
1.16348
1.16348
1.16348
1.16348
1.16348
1.16348
1.16348
1.16348
1.16348
1.16348
1.16348
1.16348
1.16348
1.16348
1.16348
1.16348
1.16348
1.16348
1.16348
1.16348
1.16348
1.16348
1.16348
1.16348
1.16348
1.16348
1.16348
1.16348
1.16348
1.16348
1.16348
1.16348
1.16348
1.16348
1.16348
1.16348
1.16348
1.16348
1.16348
1.16348
1.16348
1.16348
1.16348
1.16348
1.16348
1.16348
1.16348
1.16348
1.16348
1.16348
1.16348
1.16348
1.16348
1.16348
1.16348
1.16348
1.16348
1.16348
1.16348
1.16348
1.16348
1.16348
1.16348
1.16348
1.16348
1.16348
1.16348
1.16348
1.16348
1.16348
1.16348
1.16348
1.16348
1.16348
1.16348
1.16348
1.16348
1.16348
1.16348
1.16348
1.16348
1.16348
1.16348
1.16348
1.16348
1.16348
1.16348
1.16348
1.16348
1.16348
1.16348
1.16348
1.16348
1.16348
1.16348
1.16348
1.16348
1.16348
1.16348
1.16348
1.16348
1.16348
1.16348
1.16348
1.16348
1.16348
1.16348
1.16348
1.16348
1.16348
1.16348
1.16348
1.16348
1.16348
1.16348
1.16348
1.16348
1.16348
1.16348
1.16348
1.16348
1.16348
1.16348
1.16348
1.16348
1.16348
1.16348
1.16348
1.16348
1.16348
1.16348
1.16348
1.16157
1.16157
1.16157
1.16157
1.16157
1.16157
1.16157
1.16157
1.16157
1.16157
1.16157
1.16157
1.16157
1.16157
1.16157
1.16157
1.16157
1.16157
1.16157
1.16157
1.16157
1.16157
1.16157
1.16157
1.16157
1.16157
1.16157
1.16157
1.16157
1.16157
1.16157
1.16157
1.16157
1.16157
1.16157
1.16157
1.16157
1.16157
1.16157
1.16157
1.16157
1.16157
1.16157
1.16157
1.16157
1.16157
1.16157
1.16157
1.16157
1.16157
1.16157
1.16157
1.16157
1.16157
1.16157
1.16157
1.16157
1.16157
1.16157
1.16157
1.16157
1.16157
1.16157
1.16157
1.16157
1.16157
1.16157
1.16157
1.16157
1.16157
1.16157
1.16157
1.16157
1.16157
1.16157
1.16157
1.16157
1.16157
1.16157
1.16157
1.16157
1.16157
1.16157
1.16157
1.16157
1.16157
1.16157
1.16157
1.16157
1.16157
1.16157
1.16157
1.16157
1.16157
1.16157
1.16157
1.16157
1.16157
1.16157
1.16157
1.16157
1.16157
1.16157
1.16157
1.16157
1.16157
1.16157
1.16157
1.16157
1.16157
1.16157
1.16157
1.16157
1.16157
1.16157
1.16157
1.16157
1.16157
1.16157
1.16157
1.16157
1.16157
1.16157
1.16157
1.16157
1.16157
1.16157
1.16157
1.16157
1.16157
1.16157
1.16157
1.16157
1.16157
1.16157
1.16157
1.16157
1.16157
1.16157
1.16157
1.16157
1.16157
1.16157
1.16157
1.16157
1.16157
1.16157
1.16157
1.16157
1.16157
1.16157
1.16157
1.16157
1.16157
1.16157
1.16157
1.16157
1.16157
1.16157
1.16157
1.16157
1.16157
1.16157
1.16157
1.16157
1.16157
1.16157
1.16157
1.16157
1.16157
1.16157
1.16157
1.16157
1.16157
1.16157
1.16157
1.16157
1.16157
1.16157
1.16157
1.16157
1.16157
1.16157
1.16157
1.16157
1.16157
1.16157
1.16157
1.16157
1.16157
1.16157
1.16157
1.16157
1.16157
1.16157
1.16157
1.16157
1.16157
1.16157
1.16157
1.16157
1.16157
1.16157
1.16157
1.16157
1.16157
1.16157
1.16157
1.16157
1.16157
1.16157
1.16157
1.16157
1.16157
1.16157
1.16157
1.16157
1.16157
1.16157
1.16157
1.16157
1.16157
1.16157
1.16157
1.16157
1.16157
1.16157
1.16157
1.16157
1.16157
1.16157
1.16157
1.16157
1.16157
1.16157
1.16157
1.16157
1.16157
1.16157
1.16157
1.16157
1.16157
1.16157
1.16157
1.16157
1.16157
1.16157
1.16157
1.16157
1.16157
1.16157
1.16157
1.16157
1.16157
1.16157
1.16157
1.16157
1.16157
1.16157
1.16157
1.16157
1.16157
1.16157
1.16157
1.16157
1.16157
1.16157
1.16157
1.16157
1.16157
1.16157
1.16157
1.16157
1.16157
1.16157
1.16157
1.16157
1.16157
1.16157
1.16157
1.16157
1.16157
1.16157
1.16157
1.16157
1.16157
1.16157
1.16157
1.16157
1.16157
1.16157
1.16157
1.16157
1.16157
1.16157
1.16157
1.16157
1.16157
1.16157
1.16157
1.16157
1.16157
1.16157
1.16157
1.16157
1.16157
1.16157
1.16157
1.16157
1.16157
1.16157
1.16157
1.16157
1.16157
1.16157
1.16157
1.16157
1.16157
1.16157
1.16157
1.16157
1.16157
1.16157
1.16157
1.16157
1.16157
1.16157
1.16157
1.16157
1.16157
1.16157
1.16157
1.16157
1.16157
1.16157
1.16157
1.16157
1.16157
1.16157
1.16157
1.16157
1.16157
1.16157
1.16157
1.16157
1.16157
1.16157
1.16157
1.16157
1.16157
1.16157
1.16157
1.16157
1.16157
1.16157
1.16157
1.16157
1.16157
1.16157
1.16157
1.16157
1.16157
1.16157
1.16157
1.16157
1.16157
1.16157
1.16157
1.16157
1.16157
1.16157
1.16157
1.16157
1.16157
1.16157
1.16157
1.15857
1.15857
1.15857
1.15857
1.15857
1.15857
1.15857
1.15857
1.15857
1.15857
1.15857
1.15857
1.15857
1.15857
1.15857
1.15857
1.15857
1.15857
1.15857
1.15857
1.15857
1.15857
1.15857
1.15857
1.15857
1.15857
1.15857
1.15857
1.15857
1.15857
1.15857
1.15857
1.15857
1.15857
1.15857
1.15857
1.15857
1.15857
1.15857
1.15857
1.15857
1.15857
1.15857
1.15857
1.15857
1.15857
1.15857
1.15857
1.15857
1.15857
1.15857
1.15857
1.15857
1.15857
1.15857
1.15857
1.15857
1.15857
1.15857
1.15857
1.15857
1.15857
1.15857
1.15857
1.15857
1.15857
1.15857
1.15857
1.15857
1.15857
1.15857
1.15857
1.15857
1.15857
1.15857
1.15857
1.15857
1.15857
1.15857
1.15857
1.15857
1.15857
1.15857
1.15857
1.15857
1.15857
1.15857
1.15857
1.15857
1.15857
1.15857
1.15857
1.15857
1.15857
1.15857
1.15857
1.15857
1.15857
1.15857
1.15857
1.15857
1.15857
1.15857
1.15857
1.15857
1.15857
1.15857
1.15857
1.15857
1.15857
1.15857
1.15857
1.15857
1.15857
1.15857
1.15857
1.15857
1.15857
1.15857
1.15857
1.15857
1.15857
1.15857
1.15537
1.15537
1.15537
1.15537
1.15537
1.15537
1.15399
1.15399
1.15399
1.15399
1.15399
1.15385
1.15385
1.15385
1.15385
1.15385
1.15385
1.15385
1.15385
1.15385
1.14948
1.14934
1.14934
1.14934
1.14934
1.14934
1.14934
1.14934
1.14934
1.14934
1.14934
1.14934
1.14934
1.14934
1.14934
1.14934
1.14934
1.14934
1.14934
1.14934
1.14934
1.14934
1.14934
1.14934
1.14934
1.14934
1.14934
1.14934
1.14934
1.14934
1.14934
1.14934
1.14934
1.14934
1.14934
1.14934
1.14934
1.14934
1.14934
1.14934
1.14934
1.14934
1.14934
1.14918
1.14918
1.14918
1.14918
1.14918
1.14859
1.14859
1.14859
1.14859
1.14859
1.14859
1.14859
1.14859
1.14859
1.14859
1.14859
1.14859
1.14859
1.14859
1.14859
1.14859
1.14859
1.14859
1.14859
1.14853
1.14853
1.14853
1.14853
1.14853
1.14853
1.14853
1.14853
1.14853
1.14853
1.14853
1.14853
1.14853
1.14795
1.14795
1.14795
1.14795
1.14795
1.14795
1.14795
1.14795
1.14795
1.14795
1.14795
1.14795
1.14795
1.14795
1.14795
1.14795
1.14795
1.14795
1.14684
1.14684
1.14684
1.14684
1.14684
1.14684
1.14684
1.14684
1.14684
1.14684
1.14684
1.14684
1.14684
1.14679
1.14679
1.14679
1.14679
1.14679
1.14679
1.14679
1.14679
1.14679
1.14679
1.14679
1.14679
1.14679
1.14679
1.14679
1.14679
1.14679
1.14679
1.14679
1.14679
1.14679
1.14679
1.14679
1.14679
1.14679
1.14679
1.14679
1.14679
1.14679
1.14679
1.14679
1.14679
1.14679
1.14679
1.14679
1.14679
1.14679
1.14679
1.14679
1.14679
1.14679
1.14679
1.14679
1.14679
1.14679
1.14679
1.14679
1.14679
1.14679
1.14679
1.14679
1.14679
1.14679
1.14679
1.14679
1.14679
1.14679
1.14679
1.14679
1.14679
1.14679
1.14679
1.14679
1.14679
1.14679
1.14679
1.14679
1.14679
1.14679
1.14679
1.14679
1.14679
1.14679
1.14679
1.14679
1.14679
1.14679
1.14679
1.14679
1.14679
1.14679
1.14679
1.14679
1.14679
1.14679
1.14679
1.14679
1.14679
1.14679
1.14679
1.14679
1.14679
1.14679
1.14679
1.14679
1.14679
1.14679
1.14679
1.14679
1.14679
1.14679
1.14679
1.14679
1.14679
1.14679
1.14679
1.14679
1.14679
1.14679
1.14679
1.14679
1.14679
1.14679
1.14679
1.14679
1.14679
1.14679
1.14679
1.14679
1.14679
1.14679
1.14679
1.14679
1.14679
1.14679
1.14679
1.14679
1.14679
1.14679
1.14679
1.14679
1.14679
1.14679
1.14679
1.14679
1.14679
1.14679
1.14679
1.14679
1.14679
1.14679
1.14679
1.14679
1.14679
1.14679
1.14679
1.14679
1.14679
1.14679
1.14679
1.14679
1.14679
1.14679
1.14679
1.14679
1.14679
1.14679
1.14679
1.14679
1.14679
1.14679
1.14679
1.14679
1.14679
1.14679
1.14679
1.14679
1.14679
1.14679
1.14679
1.14679
1.14679
1.14679
1.14679
1.14679
1.1462
1.1462
1.1462
1.1462
1.14615
1.14615
1.14615
1.14615
1.14615
1.14615
1.14615
1.14615
1.14615
1.14615
1.14615
1.14615
1.14615
1.14615
1.14615
1.14615
1.14615
1.14615
1.14615
1.14615
1.14615
1.14615
1.14615
1.14615
1.14615
1.14615
1.14615
1.14615
1.14615
1.14615
1.14615
1.14615
1.14615
1.14615
1.14615
1.14615
1.14615
1.14615
1.14615
1.14615
1.14615
1.14615
1.14615
1.14615
1.14615
1.14615
1.14615
1.14615
1.14615
1.14615
1.14615
1.14615
1.14615
1.14615
1.14615
1.14615
1.14615
1.14615
1.14615
1.14615
1.14615
1.14615
1.14615
1.14615
1.14615
1.14615
1.14615
1.14615
1.14615
1.14615
1.14615
1.14615
1.14615
1.14615
1.14615
1.14615
1.14615
1.14615
1.14615
1.14615
1.14615
1.14615
1.14615
1.14615
1.14615
1.14615
1.14615
1.14615
1.14615
1.14615
1.14615
1.14615
1.14615
1.14615
1.14615
1.14615
1.14615
1.14615
1.14615
1.14615
1.14615
1.14615
1.14615
1.14615
1.14615
1.14615
1.14615
1.14615
1.14615
1.14615
1.14615
1.14615
1.14615
1.14615
1.14615
1.14615
1.14615
1.14615
1.14615
1.14615
1.14615
1.14615
1.14615
1.14615
1.14615
1.14615
1.14615
1.14615
1.14615
1.14615
1.14615
1.14615
1.14615
1.14615
1.14615
1.14615
1.14615
1.14615
1.14615
1.14615
1.14615
1.14615
1.14615
1.14615
1.14615
1.14615
1.14615
1.14615
1.14615
1.14615
1.14615
1.14615
1.14615
1.14615
1.14615
1.14615
1.14615
1.14615
1.14615
1.14615
1.14615
1.14615
1.14615
1.14615
1.14615
1.14615
1.14615
1.14615
1.14615
1.14615
1.14615
1.14615
1.14615
1.14615
1.14615
1.14615
1.14615
1.14615
1.14615
1.14615
1.14615
1.14615
1.14615
1.14615
1.14615
1.14615
1.14615
1.14615
1.14615
1.14615
1.14615
1.14615
1.14615
1.14615
1.14615
1.14615
1.14615
1.14615
1.14615
1.14615
1.14615
1.14615
1.14615
1.14615
1.14615
1.14615
1.14615
1.14615
1.14615
1.14615
1.14615
1.14615
1.14615
1.14615
1.14615
1.14615
1.14615
1.14615
1.14615
1.14615
1.14615
1.14615
1.14615
1.14615
1.14615
1.14615
1.14615
1.14615
1.14615
1.14615
1.14615
1.14615
1.14615
1.14615
1.14615
1.14615
1.14615
1.14615
1.14615
1.14615
1.14615
1.14615
1.14615
1.14615
1.14615
1.14615
1.14615
1.14615
1.14615
1.14615
1.14615
1.14615
1.14615
1.14615
1.14615
1.14615
1.14615
1.14615
1.14615
1.14615
1.14615
1.14615
1.14615
1.14615
1.14615
1.14615
1.14615
1.14615
1.14615
1.14615
1.14615
1.14615
1.14615
1.14615
1.14615
1.14615
1.14615
1.14615
1.14615
1.14615
1.14615
1.14615
1.14615
1.14615
1.14615
1.14615
1.14615
1.14615
1.14615
1.14615
1.14615
1.14615
1.14615
1.14615
1.14615
1.14615
1.14615
1.14615
1.14615
1.14615
1.14615
1.14615
1.14615
1.14615
1.14615
1.14615
1.14615
1.14615
1.14615
1.14615
1.14615
1.14615
1.14615
1.14615
1.14615
1.14615
1.14615
1.14615
1.14615
1.14615
1.14615
1.14615
1.14615
1.14615
1.14615
1.14615
1.14615
1.14615
1.14615
1.14615
1.14615
1.14615
1.14615
1.14615
1.14615
1.14615
1.14615
1.14615
1.14615
1.14615
1.14615
1.14615
1.14615
1.14615
1.14615
1.14615
1.14615
1.14615
1.14615
1.14615
1.14615
1.14615
1.14615
1.14615
1.14615
1.14615
1.14615
1.14615
1.14615
1.14615
1.14615
1.14615
1.14615
1.14615
1.14615
1.14615
1.14615
1.14615
1.14615
1.14615
1.14615
1.14615
1.14615
1.14615
1.14615
1.14615
1.14615
1.14615
1.14615
1.14615
1.14615
1.14615
1.14615
1.14615
1.14615
1.14615
1.14615
1.14615
1.14615
1.14615
1.14615
1.14615
1.14615
1.14615
1.14615
1.14615
1.14615
1.14615
1.14615
1.14615
1.14615
1.14615
1.14615
1.14615
1.14615
1.14615
1.14615
1.14615
1.14615
1.14615
1.14615
1.14615
1.14615
1.14615
1.14615
1.14615
1.14615
1.14615
1.14615
1.14615
1.14615
1.14615
1.14615
1.14615
1.14615
1.14615
1.14615
1.14615
1.14615
1.14615
1.14615
1.14615
1.14615
1.14615
1.14615
1.14615
1.14615
1.14615
1.14615
1.14615
1.14615
1.14615
1.14615
1.14615
1.14615
1.14615
1.14615
1.14615
1.14615
1.14615
1.14615
1.14615
1.14615
1.14615
1.14615
1.14615
1.14615
1.14615
1.14615
1.14615
1.14615
1.14615
1.14615
1.14615
1.14615
1.14615
1.14615
1.14615
1.14615
1.14615
1.14615
1.14615
1.14615
1.14615
1.14615
1.14615
1.14615
1.14615
1.14615
1.14615
1.14615
1.14615
1.14615
1.14615
1.14615
1.14615
1.14615
1.14615
1.14615
1.14615
1.14615
1.14615
1.14615
1.14615
1.14615
1.14615
1.14615
1.14615
1.14615
1.14615
1.14615
1.14615
1.14615
1.14615
1.14615
1.14615
1.14615
1.14615
1.14615
1.14615
1.14615
1.14615
1.14615
1.14615
1.14615
1.14615
1.14615
1.14615
1.14615
1.14615
1.14615
1.14615
1.14615
1.14615
1.14615
1.14615
1.14615
1.14615
1.14615
1.14615
1.14615
1.14615
1.14615
1.14615
1.14615
1.14615
1.14615
1.14615
1.14615
1.14615
1.14615
1.14615
1.14615
1.14615
1.14615
1.14615
1.14615
1.14615
1.14615
1.14615
1.14615
1.14615
1.14615
1.14615
1.14615
1.14615
1.14615
1.14615
1.14615
1.14615
1.14615
1.14615
1.14615
1.14615
1.14615
1.14615
1.14615
1.14615
1.14615
1.14615
1.14615
1.14615
1.14615
1.14615
1.14615
1.14615
1.14615
1.14615
1.14615
1.14615
1.14615
1.14615
1.14615
1.14615
1.14615
1.14615
1.14615
1.14615
1.14615
1.14615
1.14615
1.14615
1.14615
1.14615
1.14615
1.14615
1.14615
1.14615
1.14615
1.14615
1.14615
1.14615
1.14615
1.14615
1.14615
1.14615
1.14615
1.14615
1.14615
1.14615
1.14615
1.14615
1.14615
1.14615
1.14615
1.14615
1.14615
1.14615
1.14615
1.14615
1.14615
1.14615
1.14615
1.14615
1.14615
1.14615
1.14615
1.14615
1.14615
1.14615
1.14615
1.14615
1.14615
1.14615
1.14615
1.14615
1.14615
1.14615
1.14615
1.14615
1.14615
1.14615
1.14615
1.14615
1.14615
1.14615
1.14615
1.14615
1.14615
1.14615
1.14615
1.14615
1.14615
1.14615
1.14615
1.14615
1.14615
1.14615
1.14615
1.14615
1.14615
1.14615
1.14615
1.14615
1.14615
1.14615
1.14615
1.14615
1.14615
1.14615
1.14615
1.14615
1.14615
1.14615
1.14615
1.14615
1.14615
1.14615
1.14615
1.14615
1.14615
1.14615
1.14615
1.14615
1.14615
1.14615
1.14615
1.14615
1.14615
1.14615
1.14615
1.14615
1.14615
1.14615
1.14615
1.14615
1.14615
1.14615
1.14615
1.14615
1.14615
1.14615
1.14615
1.14615
1.14615
1.14615
1.14615
1.14615
1.14615
1.14615
1.14615
1.14615
1.14615
1.14615
1.14615
1.14615
1.14615
1.14615
1.14615
1.14615
1.14615
1.14615
1.14615
1.14615
1.14615
1.14615
1.14615
1.14615
1.14615
1.14615
1.14615
1.14615
1.14615
1.14615
1.14615
1.14615
1.14615
1.14615
1.14615
1.14615
1.14615
1.14615
1.14615
1.14615
1.14615
1.14615
1.14615
1.14615
1.14615
1.14615
1.14615
1.14615
1.14615
1.14615
1.14615
1.14615
1.14615
1.14615
1.14615
1.14615
1.14615
1.14615
1.14615
1.14615
1.14615
1.14615
1.14615
1.14615
1.14615
1.14615
1.14615
1.14615
1.14615
1.14615
1.14615
1.14615
1.14615
1.14615
1.14615
1.14615
1.14615
1.14615
1.14615
1.14615
1.14615
1.14615
1.14615
1.14615
1.14615
1.14615
1.14615
1.14615
1.14615
1.14615
1.14615
1.14615
1.14615
1.14615
1.14615
1.14615
1.14615
1.14615
1.14615
1.14615
1.14615
1.14615
1.14615
1.14615
1.14615
1.14615
1.14615
1.14615
1.14615
1.14615
1.14615
1.14615
1.14615
1.14615
1.14615
1.14615
1.14615
1.14615
1.14615
1.14615
1.14615
1.14615
1.14615
1.14615
1.14615
1.14615
1.14615
1.14615
