1.30062
1.30062
1.29858
1.29287
1.24023
1.21463
1.21463
1.21463
1.20998
1.20998
1.20998
1.20865
1.20605
1.204
1.204
1.20079
1.20079
1.20079
1.20079
1.20079
1.20079
1.19889
1.19889
1.19789
1.19789
1.19654
1.19654
1.19599
1.19599
1.19599
1.19599
1.19599
1.19599
1.19599
1.19599
1.19599
1.19599
1.19599
1.19599
1.19599
1.19599
1.19426
1.19426
1.19426
1.19426
1.19426
1.19426
1.19426
1.19426
1.19367
1.19297
1.19241
1.19241
1.19241
1.19241
1.19241
1.19238
1.18553
1.18553
1.18553
1.18553
1.18369
1.18369
1.1831
1.1831
1.1831
1.1831
1.1831
1.1831
1.1831
1.1831
1.1831
1.1831
1.1831
1.1831
1.1831
1.1831
1.1831
1.1831
1.1831
1.18177
1.18177
1.18177
1.18177
1.18177
1.18177
1.18177
1.18177
1.18177
1.18177
1.18177
1.18177
1.18177
1.18177
1.18177
1.18177
1.18177
1.18177
1.18177
1.18177
1.18177
1.18177
1.18116
1.18061
1.18061
1.18061
1.17524
1.17524
1.17524
1.17524
1.17524
1.17524
1.17524
1.17524
1.17524
1.17524
1.17524
1.17524
1.17524
1.17524
1.17524
1.17524
1.17524
1.17524
1.17524
1.17524
1.17524
1.17524
1.17524
1.17524
1.17524
1.17524
1.17524
1.17524
1.17524
1.17524
1.17524
1.17524
1.17524
1.17524
1.17524
1.17524
1.17524
1.17524
1.17524
1.17524
1.17524
1.17524
1.17524
1.17524
1.17524
1.17524
1.17524
1.17524
1.17524
1.17524
1.17524
1.17524
1.17524
1.17524
1.17524
1.17524
1.17524
1.17524
1.17524
1.17337
1.17337
1.17337
1.17337
1.17337
1.17337
1.17337
1.17337
1.17337
1.17337
1.17337
1.17337
1.17337
1.17337
1.17337
1.17337
1.17337
1.17337
1.17337
1.17337
1.17329
1.17329
1.17329
1.17329
1.17329
1.17329
1.15624
1.15624
1.15523
1.15523
1.15523
1.15523
1.15523
1.15523
1.15523
1.15523
1.15523
1.15523
1.15523
1.15523
1.15523
1.15523
1.15523
1.15523
1.15523
1.15523
1.15523
1.15523
1.15523
1.15523
1.15523
1.15523
1.15523
1.15523
1.15523
1.15523
1.15523
1.15523
1.15523
1.15523
1.15523
1.15523
1.15523
1.15523
1.15523
1.15523
1.15523
1.15523
1.15523
1.15523
1.15523
1.15523
1.15523
1.15523
1.15523
1.15523
1.15523
1.15523
1.15523
1.15225
1.15225
1.15225
1.15225
1.15225
1.15225
1.15225
1.15225
1.15225
1.15225
1.15225
1.15225
1.15225
1.15225
1.15225
1.15225
1.15225
1.15225
1.15225
1.15225
1.15225
1.15225
1.15225
1.15225
1.15225
1.15225
1.15225
1.15225
1.15225
1.15225
1.15225
1.15225
1.15225
1.15225
1.15225
1.15225
1.15225
1.15225
1.15225
1.15225
1.15225
1.15225
1.15225
1.15225
1.15225
1.15225
1.15225
1.15225
1.15225
1.15225
1.15225
1.15225
1.15225
1.15225
1.15225
1.15225
1.15225
1.15225
1.15225
1.15225
1.15225
1.15225
1.15225
1.15225
1.15225
1.15225
1.15225
1.15225
1.15225
1.15225
1.15225
1.15225
1.15225
1.15225
1.15225
1.15225
1.15225
1.15225
1.15225
1.15225
1.15225
1.15225
1.15189
1.15189
1.15189
1.15189
1.15189
1.15189
1.15189
1.15189
1.15189
1.15189
1.15189
1.15189
1.15189
1.15189
1.15189
1.15189
1.15189
1.15189
1.15189
1.15189
1.15189
1.15189
1.15189
1.15189
1.15189
1.15189
1.15189
1.15189
1.15189
1.15189
1.15189
1.15189
1.15189
1.15189
1.15189
1.15189
1.15189
1.15189
1.15189
1.15189
1.15189
1.15189
1.14503
1.14503
1.14468
1.14468
1.14468
1.14468
1.14468
1.14468
1.14468
1.14468
1.14468
1.14468
1.14201
1.14201
1.13994
1.13994
1.13994
1.13994
1.13994
1.13994
1.13994
1.13994
1.13994
1.13994
1.13994
1.13994
1.13994
1.13994
1.13994
1.13994
1.13994
1.13994
1.13994
1.13994
1.13994
1.13994
1.13994
1.13994
1.13994
1.13994
1.13994
1.13994
1.13994
1.13994
1.13994
1.13994
1.13994
1.13994
1.13994
1.13994
1.13994
1.13994
1.13994
1.13994
1.13994
1.13994
1.13994
1.13994
1.13994
1.13994
1.13994
1.13994
1.13994
1.13994
1.13994
1.13994
1.13994
1.13994
1.13994
1.13994
1.13994
1.13994
1.13994
1.13994
1.13994
1.13994
1.13994
1.13994
1.13994
1.13994
1.13994
1.13994
1.13994
1.13994
1.13994
1.13994
1.13994
1.13994
1.13994
1.13994
1.13994
1.13994
1.13785
1.13785
1.13785
1.13785
1.13785
1.13785
1.13785
1.13785
1.13785
1.13785
1.13785
1.13785
1.13785
1.13785
1.13785
1.13785
1.13785
1.13785
1.13785
1.13785
1.13785
1.13675
1.13675
1.13675
1.13378
1.13378
1.13378
1.13378
1.13378
1.13378
1.13378
1.13378
1.13378
1.13225
1.13225
1.13225
1.13225
1.13225
1.13225
1.13225
1.13203
1.13203
1.13203
1.13203
1.13203
1.13203
1.13203
1.13203
1.13203
1.13203
1.13203
1.13203
1.13203
1.13203
1.13203
1.13203
1.13203
1.13203
1.13203
1.13203
1.13203
1.13203
1.13203
1.13203
1.13203
1.13203
1.13203
1.13203
1.13203
1.13203
1.13203
1.13203
1.13203
1.13203
1.13203
1.13203
1.13203
1.13203
1.13203
1.13203
1.13203
1.13203
1.13203
1.13203
1.13203
1.13203
1.13203
1.13203
1.13203
1.13203
1.13203
1.13203
1.13203
1.13203
1.13203
1.13203
1.13203
1.13203
1.13203
1.13203
1.13203
1.13203
1.13203
1.13203
1.13203
1.13203
1.13203
1.13203
1.12873
1.12873
1.12873
1.12873
1.12873
1.12873
1.12873
1.12873
1.12873
1.12873
1.12873
1.12873
1.12873
1.12873
1.12873
1.12873
1.12873
1.12873
1.12873
1.12873
1.12873
1.12873
1.12873
1.12873
1.12873
1.12873
1.12873
1.12873
1.12873
1.12873
1.12873
1.12873
1.12873
1.12873
1.12873
1.12873
1.12873
1.12873
1.12873
1.12873
1.12873
1.12873
1.12873
1.12873
1.12873
1.12873
1.12873
1.12873
1.12873
1.12873
1.12873
1.12873
1.12873
1.12873
1.12873
1.12873
1.12873
1.12873
1.12873
1.12873
1.12873
1.12873
1.12873
1.12873
1.12873
1.12873
1.12873
1.12873
1.12873
1.12873
1.12873
1.12873
1.12873
1.12873
1.12873
1.12873
1.12844
1.12844
1.12844
1.12844
1.12844
1.12844
1.12844
1.12844
1.12844
1.12844
1.12844
1.12844
1.12844
1.12844
1.12844
1.12844
1.12844
1.12844
1.12844
1.12844
1.12844
1.12844
1.12844
1.12844
1.12844
1.12844
1.12844
1.12844
1.12844
1.12844
1.12844
1.12844
1.12844
1.12844
1.12844
1.12844
1.12844
1.12844
1.12844
1.12844
1.12844
1.12844
1.12844
1.12844
1.12844
1.12844
1.12844
1.12836
1.12836
1.12836
1.12836
1.12836
1.12836
1.12689
1.12639
1.1263
1.1263
1.1263
1.1263
1.1263
1.1263
1.1263
1.1263
1.1263
1.1263
1.1263
1.12424
1.12424
1.12424
1.12424
1.12424
1.12424
1.12424
1.12424
1.12424
1.12424
1.12424
1.12424
1.12424
1.12424
1.12424
1.12424
1.12424
1.12424
1.12424
1.12424
1.12424
1.12424
1.12424
1.12424
1.12424
1.12424
1.12424
1.12424
1.12424
1.12424
1.12424
1.12424
1.12424
1.12424
1.12424
1.12424
1.12424
1.12424
1.12424
1.12424
1.12424
1.12424
1.12424
1.12424
1.12424
1.12424
1.12424
1.12424
1.12424
1.12424
1.12424
1.12424
1.12424
1.12424
1.12424
1.12424
1.12424
1.12424
1.12424
1.12424
1.12424
1.12424
1.12424
1.12424
1.12424
1.12424
1.12424
1.12424
1.12424
1.12424
1.12424
1.12424
1.12424
1.12424
1.12424
1.12424
1.12424
1.12424
1.12424
1.12424
1.12424
1.12424
1.12424
1.12424
1.12424
1.12424
1.12424
1.12424
1.12424
1.12424
1.12424
1.12424
1.12424
1.12424
1.12424
1.12424
1.12424
1.12424
1.12424
1.12424
1.12424
1.12424
1.12424
1.12424
1.12424
1.12424
1.12424
1.12424
1.12424
1.12424
1.12424
1.12424
1.12424
1.12424
1.12424
1.12424
1.12424
1.12424
1.12424
1.12424
1.12424
1.12424
1.12424
1.12424
1.12424
1.12424
1.12424
1.12424
1.12424
1.12424
1.12424
1.12424
1.12424
1.12424
1.12424
1.12424
1.12424
1.12424
1.12424
1.12424
1.12424
1.12424
1.12424
1.12424
1.12424
1.12424
1.12424
1.12424
1.12424
1.12424
1.12424
1.12424
1.12424
1.12424
1.12424
1.12424
1.12424
1.12424
1.12424
1.12424
1.12424
1.12424
1.12424
1.12424
1.12424
1.12424
1.12424
1.12424
1.12424
1.12424
1.12424
1.12424
1.12424
1.12424
1.12424
1.12424
1.12424
1.12424
1.12424
1.12424
1.12424
1.12424
1.12424
1.12424
1.12424
1.12424
1.12424
1.12424
1.12424
1.12424
1.12424
1.12424
1.12424
1.12424
1.12424
1.12424
1.12424
1.12424
1.12424
1.12424
1.12424
1.12424
1.12424
1.12424
1.12424
1.12424
1.12424
1.12424
1.12424
1.12424
1.12424
1.12424
1.12424
1.12424
1.12424
1.12424
1.12424
1.12424
1.12424
1.1107
1.1107
1.1107
1.1107
1.1107
1.1107
1.1107
1.1107
1.1107
1.1107
1.1107
1.1107
1.1107
1.1107
1.1107
1.1107
1.1107
1.1107
1.1107
1.1107
1.1107
1.1107
1.1107
1.1107
1.1107
1.1107
1.1107
1.1107
1.1107
1.1107
1.1107
1.1107
1.1107
1.1107
1.1107
1.1107
1.1107
1.1107
1.1107
1.1107
1.1107
1.1107
1.1107
1.1107
1.1107
1.1107
1.1107
1.1107
1.1107
1.1107
1.1107
1.1107
1.1107
1.1107
1.1107
1.1107
1.1107
1.10909
1.10909
1.10727
1.10727
1.10727
1.10727
1.10727
1.10727
1.10727
1.10727
1.10496
1.10496
1.10496
1.10335
1.10335
1.10335
1.10335
1.10335
1.10335
1.10335
1.10335
1.10335
1.10335
1.10335
1.10335
1.10335
1.10335
1.10335
1.10335
1.10335
1.10335
1.10335
1.10335
1.10335
1.10335
1.10335
1.10335
1.10335
1.10335
1.10335
1.10335
1.10335
1.10335
1.10335
1.10335
1.10335
1.10335
1.10335
1.10335
1.10335
1.10335
1.10335
1.10335
1.10335
1.10335
1.10335
1.10335
1.10335
1.10335
1.10335
1.10335
1.10335
1.10335
1.10335
1.10335
1.10335
1.10335
1.10335
1.10335
1.10335
1.10335
1.10335
1.10335
1.10335
1.10335
1.10335
1.10335
1.10335
1.10335
1.10335
1.10335
1.10335
1.10335
1.10335
1.10335
1.10335
1.10335
1.10335
1.10335
1.10335
1.10335
1.10335
1.10335
1.10335
1.10335
1.10335
1.10335
1.10335
1.10335
1.10335
1.10335
1.10335
1.10335
1.10335
1.10335
1.10335
1.10335
1.10335
1.10335
1.10335
1.10335
1.10335
1.10335
1.10335
1.10335
1.10335
1.10335
1.10335
1.10335
1.10335
1.10335
1.10335
1.10335
1.10335
1.10335
1.10335
1.10335
1.10335
1.10335
1.10335
1.10335
1.10335
1.10335
1.10335
1.10335
1.10335
1.10335
1.10335
1.10335
1.10335
1.10335
1.10335
1.10335
1.10335
1.10335
1.10335
1.10335
1.10335
1.10335
1.10335
1.10335
1.10335
1.10335
1.10335
1.10335
1.10335
1.10335
1.10335
1.10335
1.10335
1.10335
1.10335
1.10335
1.10335
1.10335
1.10335
1.10335
1.10335
1.10335
1.10335
1.10335
1.10335
1.10335
1.10335
1.10335
1.10335
1.10335
1.10335
1.10335
1.10335
1.10335
1.10335
1.10335
1.10335
1.10335
1.10335
1.10335
1.10335
1.10335
1.10335
1.10335
1.10335
1.10335
1.10335
1.10335
1.10335
1.10335
1.10335
1.10335
1.10335
1.10335
1.10335
1.10335
1.10335
1.10335
1.10335
1.10335
1.10335
1.10335
1.10335
1.10335
1.10335
1.10335
1.10335
1.10335
1.10335
1.10335
1.10335
1.10335
1.10335
1.10335
1.10335
1.10335
1.10335
1.10335
1.10335
1.10335
1.10335
1.10335
1.10335
1.10335
1.10335
1.10335
1.10335
1.10335
1.10335
1.10335
1.10335
1.10335
1.10335
1.10335
1.10335
1.10335
1.10335
1.10335
1.10335
1.10335
1.10335
1.10335
1.10335
1.10335
1.10335
1.10335
1.10335
1.10335
1.10335
1.10335
1.10335
1.10335
1.10335
1.10335
1.10335
1.10335
1.10335
1.10335
1.10335
1.10335
1.10335
1.10335
1.10335
1.10335
1.10335
1.10335
1.10335
1.10335
1.10335
1.10335
1.10335
1.10335
1.10335
1.10335
1.10335
1.10335
1.10335
1.10335
1.10335
1.10335
1.10335
1.10335
1.10335
1.10335
1.10335
1.10335
1.10335
1.10335
1.10335
1.10335
1.10335
1.10335
1.10335
1.10335
1.10335
1.10335
1.10335
1.10335
1.10335
1.10335
1.10335
1.10335
1.10335
1.10335
1.10335
1.10335
1.10335
1.10335
1.10335
1.10335
1.10335
1.10335
1.10335
1.10335
1.10335
1.10335
1.10335
1.10335
1.10335
1.10335
1.10335
1.10335
1.10335
1.10335
1.10335
1.10335
1.10335
1.10335
1.10335
1.10335
1.10335
1.10335
1.10335
1.10335
1.10335
1.10335
1.10335
1.10335
1.10335
1.10335
1.10335
1.10335
1.10335
1.10335
1.10335
1.10335
1.10335
1.10335
1.10335
1.10335
1.10335
1.10335
1.10335
1.10335
1.10335
1.10335
1.10335
1.10335
1.10335
1.10335
1.10335
1.10335
1.10335
1.10335
1.10335
1.10335
1.10335
1.10335
1.10335
1.10335
1.10335
1.10335
1.10335
1.10335
1.10335
1.10335
1.10335
1.10335
1.10335
1.10335
1.10335
1.10335
1.10335
1.10335
1.10335
1.10335
1.10335
1.10335
1.10335
1.10335
1.10335
1.10335
1.10335
1.10335
1.10335
1.10335
1.10335
1.10335
1.10335
1.10335
1.10335
1.10335
1.10335
1.10335
1.10335
1.10335
1.10335
1.10335
1.10335
1.10335
1.10335
1.10335
1.10335
1.10335
1.10335
1.10335
1.10335
1.10335
1.10335
1.10335
1.10335
1.10335
1.10335
1.10335
1.10335
1.10335
1.10335
1.10335
1.10335
1.10335
1.10335
1.10335
1.10335
1.10335
1.10335
1.10335
1.10335
1.10335
1.10335
1.10335
1.10335
1.10335
1.10335
1.10335
1.10335
1.10335
1.10335
1.10335
1.10335
1.10335
1.10335
1.10335
1.10335
1.10335
1.10335
1.10335
1.10335
1.10335
1.10335
1.10335
1.10335
1.10335
1.10335
1.10335
1.10335
1.10335
1.10335
1.10335
1.10335
1.10335
1.10335
1.10335
1.10335
1.10335
1.10335
1.10335
1.10335
1.10335
1.10335
1.10335
1.10335
1.10335
1.10335
1.10335
1.10335
1.10335
1.10335
1.10335
1.10335
1.10335
1.10335
1.10335
1.10335
1.10335
1.10335
1.10335
1.10335
1.10335
1.10335
1.10335
1.10335
1.10335
1.10335
1.10335
1.10335
1.10335
1.10335
1.10335
1.10335
1.10335
1.10335
1.10335
1.10335
1.10335
1.10335
1.10335
1.10335
1.10335
1.10335
1.10335
1.10335
1.10335
1.10335
1.10335
1.10335
1.10335
1.10335
1.10335
1.10335
1.10335
1.10335
1.10335
1.10335
1.10335
1.10335
1.10335
1.10335
1.10335
1.10335
1.10335
1.10335
1.10335
1.10335
1.10335
1.10335
1.10335
1.10335
1.10335
1.10335
1.10335
1.10335
1.10335
1.10335
1.10335
1.10335
1.10335
1.10335
1.10335
1.10335
1.10335
1.10335
1.10335
1.10335
1.10335
1.10335
1.10335
1.10335
1.10335
1.10335
1.10335
1.10335
1.10335
1.10335
1.10335
1.10335
1.10335
1.10335
1.10335
1.10335
1.10335
1.10335
1.10335
1.10335
1.10335
1.10335
1.10335
1.10335
1.10335
1.10335
1.10335
1.10335
1.10335
1.10335
1.10335
1.10335
1.10335
1.10335
1.10335
1.10335
1.10335
1.10335
1.10335
1.10335
1.10335
1.10335
1.10335
1.10335
1.10335
1.10335
1.10335
1.10335
1.10335
1.10335
1.10335
1.10335
1.10335
1.10335
1.10335
1.10335
1.10335
1.10335
1.10335
1.10335
1.10335
1.10335
1.10335
1.10335
1.10335
1.10335
1.10335
1.10335
1.10335
1.10335
1.10335
1.10335
1.10335
1.10335
1.10335
1.10335
1.10335
1.10335
1.10335
1.10335
1.10335
1.10335
1.10335
1.10335
1.10335
1.10335
1.10335
1.10335
1.10335
1.10335
1.10335
1.10335
1.10335
1.10335
1.10335
1.10335
1.10335
1.10335
1.10335
1.10335
1.10335
1.10335
1.10335
1.10335
1.10335
1.10335
1.10335
1.10335
1.10335
1.10335
1.10335
1.10335
1.10335
1.10335
1.10335
1.10335
1.10335
1.10335
1.10335
1.10335
1.10335
1.10335
1.10335
1.10335
1.10335
1.10335
1.10335
1.10335
1.10335
1.10335
1.10335
1.10335
1.10335
1.10335
1.10335
1.10335
1.10335
1.10335
1.10335
1.10335
1.10335
1.10335
1.10335
1.10335
1.10335
1.10335
1.10335
1.10335
1.10335
1.10335
1.10335
1.10335
1.10335
1.10335
1.10335
1.10335
1.10335
1.10335
1.10335
1.10335
1.10335
1.10335
1.10335
1.10335
1.10335
1.10335
1.10335
1.10335
1.10335
1.10335
1.10335
1.10335
1.10335
1.10335
1.10335
1.10335
1.10335
1.10335
1.10335
1.10335
1.10335
1.10335
1.10335
1.10335
1.10335
1.10335
1.10335
1.10335
1.10335
1.10335
1.10335
1.10335
1.10335
1.10335
1.10335
1.10335
1.10335
1.10335
1.10335
1.10335
1.10335
1.10335
1.10335
1.10335
1.10335
1.10335
1.10335
1.10335
1.10335
1.10335
1.10335
1.10335
1.10335
1.10335
1.10335
1.10335
1.10335
1.10335
1.10335
1.10335
1.10335
1.10335
1.10335
1.10335
1.10335
1.10335
1.10335
1.10335
1.10335
1.10335
1.10335
1.10335
1.10335
1.10335
1.10335
1.10335
1.10335
1.10335
1.10335
1.10335
1.10335
1.10335
1.10335
