7.05344
6.80639
6.62734
6.39434
6.35827
6.18743
6.05896
6.05896
5.6751
5.6751
5.6751
5.6751
5.40263
5.40263
5.40263
5.15752
5.13742
5.06724
5.06724
5.06668
4.76284
4.76284
4.76284
4.76284
4.76284
4.7376
4.7376
4.62725
4.62725
4.62725
4.525
4.4175
4.41232
4.41232
4.35365
4.35365
4.35365
4.35365
4.35365
4.31469
4.31469
4.18736
4.18736
4.14931
4.14931
4.14931
4.1286
4.00793
4.00793
3.93683
3.93683
3.93683
3.93683
3.89431
3.89196
3.82788
3.82788
3.72292
3.72292
3.71452
3.71452
3.71452
3.71452
3.66619
3.66619
3.65152
3.65152
3.65152
3.57432
3.57432
3.54326
3.54326
3.54326
3.54326
3.54326
3.54326
3.46755
3.46755
3.46755
3.43648
3.43108
3.43108
3.4019
3.4019
3.39345
3.38109
3.33699
3.33699
3.26328
3.18774
3.18774
3.18774
3.18774
3.16673
3.16351
3.14232
3.13784
3.13784
3.12944
3.04844
3.04844
2.96107
2.96107
2.93673
2.91249
2.91249
2.91249
2.91249
2.91249
2.87583
2.87583
2.81923
2.81923
2.81923
2.81923
2.81923
2.79319
2.77485
2.77485
2.77478
2.77175
2.73954
2.73954
2.69955
2.69955
2.66956
2.62937
2.60111
2.60111
2.58181
2.56441
2.56441
2.55695
2.55329
2.55207
2.54122
2.51317
2.51317
2.51317
2.51317
2.47373
2.47373
2.47373
2.45287
2.44462
2.44462
2.43455
2.43455
2.41916
2.41916
2.40584
2.40584
2.37763
2.37763
2.37763
2.37763
2.36362
2.35293
2.35293
2.35138
2.34975
2.33902
2.33902
2.28314
2.28314
2.27482
2.27482
2.27482
2.27448
2.26746
2.26746
2.26746
2.26746
2.26746
2.2665
2.26405
2.25939
2.25939
2.25798
2.25717
2.25044
2.25044
2.25044
2.24427
2.24427
2.23466
2.23466
2.23314
2.23162
2.22478
2.22478
2.22158
2.21296
2.20942
2.20942
2.20942
2.20154
2.20007
2.19649
2.19219
2.19219
2.18468
2.18468
2.18468
2.18404
2.18348
2.18348
2.17934
2.17934
2.17934
2.17934
2.17934
2.1775
2.17687
2.15955
2.15835
2.15835
2.15835
2.1487
2.14635
2.14516
2.14461
2.14102
2.14102
2.14102
2.13927
2.13927
2.13927
2.13927
2.13927
2.13627
2.13627
2.13627
2.13627
2.13533
2.13188
2.13188
2.12981
2.12841
2.11963
2.11963
2.11963
2.11963
2.11209
2.11209
2.11209
2.11209
2.11093
2.10718
2.10718
2.10718
2.10718
2.10718
2.10508
2.10495
2.10321
2.10181
2.10016
2.09939
2.09808
2.09222
2.09222
2.09222
2.09222
2.09222
2.08816
2.08816
2.08816
2.08816
2.08722
2.07933
2.07867
2.07867
2.07867
2.07793
2.07793
2.07077
2.07053
2.07018
2.07018
2.05723
2.05723
2.05723
2.05723
2.057
2.05688
2.05545
2.04851
2.01218
2.01218
2.01218
2.01218
2.01218
2.01218
2.01086
2.01086
1.9889
1.9889
1.9889
1.9889
1.97496
1.97496
1.97461
1.97461
1.97242
1.97242
1.96996
1.96985
1.96951
1.96951
1.96859
1.96561
1.96561
1.96197
1.96197
1.95334
1.94892
1.93833
1.93833
1.93833
1.92862
1.92413
1.92413
1.91803
1.91387
1.91387
1.90761
1.90761
1.90658
1.90658
1.90424
1.9014
1.9014
1.89682
1.89682
1.87823
1.87706
1.87706
1.87121
1.87121
1.87121
1.86767
1.86767
1.86565
1.86565
1.86565
1.85365
1.85365
1.85365
1.85365
1.84946
1.84763
1.84151
1.8346
1.8346
1.8286
1.82734
1.82245
1.80763
1.80763
1.79747
1.77312
1.77312
1.77312
1.77312
1.76296
1.75998
1.75714
1.75696
1.71298
1.703
1.703
1.703
1.697
1.697
1.69682
1.69144
1.68977
1.68977
1.68511
1.68349
1.68349
1.68349
1.6716
1.6716
1.6716
1.6716
1.6716
1.6716
1.6716
1.6716
1.6716
1.6716
1.6716
1.6716
1.6716
1.66856
1.66788
1.66788
1.66788
1.66788
1.66788
1.66788
1.66788
1.66788
1.66506
1.66506
1.66331
1.66331
1.66331
1.66331
1.66331
1.66331
1.66331
1.66331
1.66331
1.66331
1.66331
1.66169
1.66169
1.66169
1.65994
1.65994
1.64959
1.64253
1.64253
1.64253
1.64253
1.64253
1.6415
1.64139
1.64139
1.64139
1.64139
1.64139
1.64139
1.64139
1.64139
1.64139
1.64139
1.64139
1.64139
1.64139
1.64139
1.64139
1.64139
1.64139
1.63998
1.63649
1.63649
1.63649
1.63313
1.63303
1.63303
1.62469
1.62469
1.62469
1.62331
1.61826
1.61826
1.61826
1.61826
1.61826
1.61826
1.61826
1.61826
1.61826
1.61826
1.61826
1.61826
1.61826
1.61826
1.61826
1.61826
1.61826
1.61826
1.60964
1.60964
1.60964
1.60705
1.60705
1.60705
1.60705
1.60705
1.60705
1.60705
1.60705
1.60495
1.60495
1.59809
1.59809
1.59809
1.59809
1.59809
1.59809
1.59211
1.58971
1.58971
1.58373
1.58373
1.58373
1.58373
1.58192
1.58192
1.56903
1.56903
1.56903
1.56903
1.56903
1.56903
1.56903
1.56903
1.56903
1.56903
1.56283
1.56283
1.56283
1.56283
1.54529
1.54529
1.53909
1.53909
1.53897
1.53879
1.53879
1.53879
1.53707
1.53707
1.53707
1.53676
1.53676
1.53676
1.53676
1.53676
1.53676
1.53676
1.53676
1.53676
1.53676
1.53676
1.53676
1.53676
1.53676
1.53676
1.53676
1.53676
1.53676
1.53676
1.53676
1.53676
1.53676
1.53676
1.53676
1.53676
1.53676
1.53676
1.53676
1.53662
1.53662
1.53644
1.53644
1.53644
1.53644
1.53644
1.53644
1.53644
1.53644
1.53644
1.53644
1.53644
1.53644
1.53644
1.53644
1.53644
1.53644
1.53644
1.53644
1.53644
1.53644
1.53644
1.53644
1.53644
1.53644
1.53644
1.53644
1.53644
1.53644
1.53099
1.53099
1.53099
1.53099
1.53099
1.53099
1.53099
1.53099
1.53099
1.53099
1.53099
1.53099
1.53099
1.53099
1.53099
1.53099
1.53099
1.53099
1.53099
1.53099
1.53099
1.53099
1.53099
1.52861
1.52861
1.5271
1.5271
1.5271
1.5271
1.5271
1.5271
1.5271
1.5271
1.5271
1.5271
1.5271
1.5271
1.5239
1.5239
1.52238
1.50427
1.50427
1.50275
1.50275
1.50275
1.50275
1.50275
1.50275
1.50275
1.50275
1.50275
1.50275
1.50275
1.50275
1.50275
1.50275
1.50275
1.50275
1.50275
1.50275
1.50275
1.50275
1.50275
1.50275
1.50275
1.50001
1.50001
1.50001
1.50001
1.49539
1.4903
1.48978
1.48878
1.4839
1.4839
1.4839
1.4839
1.4839
1.4839
1.47369
1.47369
1.47369
1.47369
1.47369
1.47369
1.47369
1.47369
1.47369
1.47369
1.47369
1.47369
1.47369
1.47369
1.47369
1.47369
1.47369
1.47369
1.47369
1.47367
1.47367
1.47367
1.47367
1.47367
1.46492
1.46492
1.46492
1.46492
1.46422
1.46422
1.46422
1.4642
1.4642
1.4642
1.4642
1.4642
1.46163
1.46163
1.45848
1.45641
1.45641
1.45641
1.45641
1.45641
1.43927
1.43927
1.43927
1.43927
1.43845
1.43845
1.43845
1.43845
1.43845
1.43845
1.43845
1.43845
1.43845
1.43845
1.43843
1.43843
1.43843
1.43843
1.43843
1.43843
1.41589
1.41587
1.41587
1.41587
1.41587
1.41587
1.41587
1.41587
1.41587
1.41587
1.41587
1.41587
1.41587
1.41587
1.41587
1.41587
1.41587
1.41587
1.41587
1.41587
1.41587
1.41587
1.41587
1.41587
1.41587
1.41587
1.41587
1.41587
1.41587
1.41587
1.41587
1.41587
1.41587
1.41587
1.41587
1.41587
1.41587
1.41587
1.41165
1.41165
1.41165
1.41165
1.41165
1.41165
1.41165
1.41165
1.41165
1.41165
1.41165
1.41165
1.41165
1.41165
1.41165
1.41165
1.41165
1.41165
1.41165
1.41165
1.41165
1.41165
1.41165
1.41165
1.40846
1.40846
1.40846
1.40846
1.40846
1.40846
1.40846
1.40846
1.40846
1.40846
1.40846
1.40846
1.40846
1.40846
1.40846
1.40846
1.40846
1.40846
1.40846
1.40692
1.40692
1.40692
1.40692
1.40094
1.40094
1.40094
1.39849
1.39849
1.39849
1.39849
1.39849
1.39849
1.39849
1.39849
1.39849
1.39849
1.39849
1.39849
1.39849
1.39849
1.39849
1.39849
1.39849
1.39849
1.39849
1.39849
1.39849
1.39849
1.39849
1.39849
1.39849
1.39849
1.39849
1.39849
1.39849
1.39849
1.39849
1.39849
1.39849
1.39849
1.39849
1.39849
1.39849
1.39849
1.39849
1.39849
1.39849
1.39849
1.39849
1.39849
1.39849
1.39849
1.39849
1.39849
1.39849
1.39849
1.39849
1.39849
1.39849
1.39849
1.39849
1.39849
1.39849
1.39849
1.39849
1.39849
1.39849
1.39849
1.39849
1.39849
1.39849
1.39849
1.39849
1.39849
1.39849
1.39849
1.39849
1.39849
1.39849
1.39849
1.39849
1.39849
1.39849
1.39849
1.39849
1.39849
1.39849
1.39849
1.39849
1.39849
1.39849
1.39849
1.39849
1.39849
1.39655
1.39655
1.39501
1.39501
1.39501
1.39501
1.39501
1.39501
1.39501
1.39501
1.39501
1.39501
1.39501
1.39501
1.39501
1.39501
1.39501
1.39501
1.39501
1.39501
1.39501
1.39501
1.39501
1.39501
1.39501
1.39501
1.39501
1.39501
1.39501
1.39501
1.39501
1.39501
1.39501
1.39501
1.39501
1.39501
1.39501
1.39501
1.39501
1.39501
1.39501
1.39501
1.39501
1.39501
1.39501
1.39501
1.39501
1.39501
1.39501
1.39501
1.39501
1.39501
1.39501
1.39501
1.39501
1.39501
1.39501
1.39501
1.39163
1.39163
1.39163
1.39163
1.39125
1.39125
1.39125
1.39125
1.39125
1.39115
1.39115
1.39115
1.39115
1.39115
1.39115
1.39115
1.39115
1.39115
1.39115
1.39115
1.39115
1.39115
1.39115
1.39115
1.39115
1.39115
1.39115
1.39115
1.39115
1.39115
1.39115
1.39115
1.39115
1.39115
1.39115
1.39115
1.39115
1.39115
1.39115
1.39115
1.39115
1.39115
1.39115
1.39115
1.39115
1.39115
1.39115
1.39115
1.39115
1.39115
1.39115
1.39115
1.39115
1.39115
1.39115
1.39115
1.39115
1.39115
1.39115
1.39115
1.39115
1.39115
1.39115
1.39115
1.39115
1.39115
1.39115
1.39115
1.39115
1.39115
1.39027
1.39027
1.38672
1.38672
1.38672
1.38672
1.38672
1.38672
1.38672
1.38672
1.38615
1.38615
1.38615
1.38615
1.38615
1.38615
1.38615
1.38615
1.38615
1.38615
1.38615
1.38615
1.38615
1.38615
1.3843
1.3843
1.3843
1.3843
1.38372
1.38372
1.38372
1.38372
1.38372
1.38372
1.38372
1.38372
1.38372
1.38372
1.38372
1.38372
1.38372
1.38372
1.38372
1.38372
1.38372
1.38372
1.38372
1.38372
1.38372
1.38372
1.38372
1.38372
1.38372
1.38372
1.38372
1.38372
1.38372
1.38372
1.38372
1.38372
1.38372
1.38372
1.38372
1.38372
1.38372
1.38372
1.38372
1.38372
1.38372
1.38372
1.38372
1.38372
1.38372
1.38372
1.38372
1.38372
1.38372
1.38372
1.38372
1.38372
1.38372
1.38372
1.38372
1.38372
1.38372
1.38372
1.3765
1.3765
1.3765
1.3765
1.3765
1.37009
1.37009
1.3676
1.3676
1.3676
1.3676
1.3676
1.3676
1.3676
1.3676
1.3676
1.3676
1.3676
1.3676
1.3676
1.3676
1.36322
1.36074
1.35992
1.35992
1.35992
1.35992
1.35992
1.35992
1.35992
1.35992
1.35992
1.35992
1.35992
1.35992
1.35992
1.35992
1.35992
1.35992
1.35992
1.35992
1.35992
1.35992
1.35992
1.35992
1.35992
1.35992
1.35992
1.35992
1.35992
1.35992
1.35992
1.35992
1.35992
1.35992
1.35992
1.35992
1.35992
1.35992
1.35992
1.35992
1.35992
1.35992
1.35992
1.35992
1.35992
1.35992
1.35992
1.35992
1.35992
1.35992
1.35042
1.35042
1.35042
1.35042
1.35042
1.35042
1.35042
1.35042
1.35042
1.35042
1.35042
1.35042
1.35042
1.35042
1.35042
1.35042
1.35042
1.35042
1.35042
1.35042
1.35042
1.35042
1.35042
1.35042
1.35042
1.35042
1.35042
1.35042
1.35042
1.3485
1.3485
1.3485
1.3485
1.3485
1.3485
1.3485
1.3485
1.3485
1.34246
1.34246
1.34246
1.34246
1.34246
1.34246
1.34246
1.34246
1.34246
1.34246
1.34246
1.34246
1.34246
1.34246
1.34246
1.34246
1.34246
1.34246
1.34246
1.34246
1.34246
1.34246
1.34246
1.34246
1.34246
1.34246
1.34246
1.34246
1.34246
1.34246
1.34246
1.34246
1.34246
1.34246
1.34246
1.34246
1.34246
1.34246
1.34246
1.34246
1.34246
1.34246
1.34246
1.34246
1.34246
1.34246
1.34246
1.34246
1.34246
1.34146
1.31684
1.31684
1.31684
1.31684
1.31684
1.31684
1.31684
1.31684
1.31684
1.31684
1.31675
1.31675
1.31665
1.31665
1.31665
1.31665
1.31665
1.31665
1.31665
1.31665
1.31665
1.31665
1.31665
1.31665
1.31665
1.31665
1.31665
1.31665
1.31665
1.31665
1.31665
1.31665
1.31665
1.31522
1.31522
1.31522
1.31522
1.31522
1.31522
1.31522
1.31522
1.31522
1.31503
1.31503
1.31503
1.31503
1.31503
1.31503
1.31503
1.31503
1.31503
1.31503
1.31503
1.31503
1.31132
1.31132
1.31132
1.31132
1.31132
1.31132
1.31132
1.31132
1.31132
1.31132
1.31132
1.31132
1.31132
1.31132
1.31132
1.31132
1.31132
1.30229
1.30229
1.30229
1.30229
1.30229
1.30229
1.30219
1.30219
1.30219
1.30219
1.30219
1.30219
1.30219
1.30219
1.302
1.302
1.302
1.302
1.302
1.302
1.302
1.302
1.302
1.302
1.302
1.302
1.302
1.302
1.302
1.302
1.302
1.302
1.302
1.302
1.30158
1.30158
1.30158
1.30158
1.30158
1.30158
1.30158
1.30149
1.30149
1.30149
1.30139
1.30139
1.2881
1.2881
1.28504
1.28504
1.28504
1.28504
1.28504
1.28504
1.28504
1.28504
1.28504
1.28504
1.28504
1.28504
1.28504
1.28504
1.28504
1.28504
1.28504
1.28504
1.28504
1.28504
1.28504
1.28504
1.28504
1.28504
1.28504
1.28504
1.28504
1.28504
1.28504
1.28504
1.28504
1.28504
1.28504
1.28504
1.28504
1.28504
1.28504
1.28504
1.28504
1.28504
1.28504
1.28504
1.28504
1.28504
1.28504
1.28504
1.28504
1.28504
1.28504
1.28504
1.28504
1.28504
1.28504
1.28504
1.28504
1.28504
1.28504
1.28504
1.28504
1.28504
1.28504
1.28504
1.28504
1.28504
1.28504
1.28504
1.28504
1.28504
1.28504
1.28504
1.28504
1.28504
1.28504
1.28504
1.28504
1.28504
1.28504
1.28504
1.28504
1.28504
1.28504
1.28504
1.28504
1.28504
1.28504
1.28504
1.28504
1.28504
1.28504
1.28504
1.28504
1.28504
1.28504
1.28504
1.28504
1.28504
1.28504
1.28504
1.28504
1.28504
1.28504
1.28504
1.28504
1.28504
1.28504
1.28504
1.28504
1.28504
1.28504
1.28504
1.28504
1.28504
1.28504
1.28504
1.28504
1.28504
1.28504
1.28504
1.28504
1.28504
1.28504
1.28504
1.28504
1.28504
1.28504
1.28504
1.28504
1.28504
1.28504
1.28504
1.28504
1.28504
1.28504
1.28504
1.28504
1.28504
1.28504
1.28504
1.28504
1.28504
1.28504
1.28504
1.28504
1.28504
1.28504
1.28504
1.28504
1.28504
1.28504
1.28504
1.28504
1.28504
1.27812
1.27812
1.27536
1.27536
1.27526
1.27526
1.27526
1.27526
1.27526
1.27526
1.27526
1.27526
1.27526
1.27325
1.27325
1.27325
1.27325
1.27325
1.27325
1.27325
1.27325
1.27325
1.27325
1.27325
1.27325
1.27325
1.27325
1.27325
1.27325
1.27325
1.27325
1.27325
1.27325
1.27325
1.27325
1.27325
1.27325
1.27325
1.27325
1.27325
1.27325
1.27325
1.27325
1.27325
1.27325
1.27325
1.27325
1.27325
1.27325
1.27325
1.27325
1.27325
1.27325
1.27325
1.27325
1.27325
1.27325
1.27325
1.27325
1.27325
1.27325
1.27325
1.27325
1.27325
1.27325
1.27325
1.27325
1.27325
1.27325
1.27325
1.27325
1.27325
1.27325
1.27325
1.27325
1.27325
1.27325
1.27325
1.26762
1.26762
1.26762
1.26762
1.26762
1.26762
1.26762
1.26762
1.26762
1.26762
1.26762
1.26762
1.26762
1.26762
1.26762
1.26762
1.26762
1.26762
1.26762
1.26762
1.26762
1.26762
1.26762
1.26762
1.26762
1.26762
1.26762
1.26762
1.26762
1.26762
1.26762
1.26762
1.26762
1.26762
1.26762
1.26762
1.26762
1.26762
1.26762
1.26762
1.2647
1.2647
1.2647
1.2633
1.2633
1.2633
1.2633
1.2633
1.2633
1.2633
1.2633
1.2633
1.2633
1.2633
1.2633
1.2633
1.2633
1.2633
1.2633
1.2633
1.2633
1.2633
1.2633
1.2633
1.2633
1.2633
1.2633
1.2633
1.2633
1.2633
1.2633
1.2633
1.2633
1.2633
1.2633
1.2633
1.2633
1.2633
1.2633
1.2633
1.2633
1.2633
1.2633
1.2633
1.2633
1.2633
1.2633
1.2633
1.2633
1.2633
1.2633
1.2633
1.2633
1.2633
1.2633
1.2633
1.2633
1.2633
1.2633
1.2633
1.2633
1.2633
1.2633
1.2633
1.2633
1.2633
1.2633
1.2633
1.2633
1.2633
1.2633
1.2633
1.2633
1.2633
1.2633
1.2633
1.2633
1.2633
1.2633
1.2633
1.2633
1.2633
1.2633
1.2633
1.2633
1.2633
1.2633
1.2633
1.2633
1.2633
1.2633
1.2633
1.2633
1.2633
1.2633
1.2633
1.2633
1.2633
1.2633
1.2633
1.2633
1.2633
1.2633
1.2633
1.2633
1.2633
1.2633
1.2633
1.2633
1.2633
1.2633
1.2633
1.2633
1.2633
1.2633
1.2633
1.2633
1.2633
1.2633
1.2633
1.2633
1.2633
1.2633
1.2633
1.2633
1.2633
1.2633
1.2633
1.2633
1.2633
1.2633
1.2633
1.2633
1.2633
1.2633
1.2633
1.2633
1.2633
1.2633
1.2633
1.2633
1.2633
1.2633
1.2633
1.2633
1.2633
1.2633
1.2633
1.2633
1.2633
1.2633
1.2633
1.2633
1.2633
1.2633
1.2633
1.2633
1.2633
1.2633
1.2633
1.2633
1.2633
1.2633
1.2633
1.2633
1.2633
1.2633
1.2633
1.2633
1.2609
1.2609
1.2609
1.2609
1.2609
1.2609
1.2609
1.2609
1.2609
1.2609
1.2609
1.2609
1.2609
1.2609
1.2609
1.2609
1.2609
1.2609
1.2609
1.2609
1.2609
1.2609
1.2609
1.2609
1.2609
1.2609
1.2609
1.2609
1.2609
1.2609
1.2609
1.2609
1.2609
1.2609
1.2609
1.2609
1.2609
1.2609
1.2609
1.2609
1.2609
1.2609
1.2609
1.2609
1.2609
1.2609
1.2609
1.2609
1.2609
1.2609
1.2609
1.2609
1.2609
1.2609
1.2609
1.2609
1.2609
1.2609
1.2609
1.2609
1.2609
1.2609
1.2609
1.2609
1.2609
1.2609
1.2609
1.2609
1.2609
1.2609
1.2609
1.2609
1.2609
1.2609
1.2609
1.2609
1.2609
1.2609
1.2609
1.2609
1.2609
1.2609
1.2609
1.2609
1.2609
1.2609
1.2609
1.2609
1.2609
1.2609
1.2609
1.2609
1.2609
1.2609
1.2609
1.2609
1.2609
1.2609
1.2609
1.2609
1.2609
1.2609
1.2609
1.2609
1.2609
1.2609
1.2609
1.2609
1.2609
1.2609
1.2609
1.2609
1.2609
1.2609
1.2609
1.2609
1.2609
1.2609
1.2609
1.2609
1.2609
1.2609
1.2609
1.2609
1.2609
1.2609
1.2609
1.2609
1.2609
1.2609
1.2609
1.2609
1.2609
1.2609
1.2609
1.2609
1.2609
1.2609
1.2609
1.2609
1.2609
1.2609
1.2609
1.2609
1.2609
1.2609
1.2609
1.2609
1.2609
1.2609
1.2609
1.2609
1.2609
1.2609
1.2609
1.2609
1.2609
1.2609
1.2609
1.2609
1.2609
1.2609
1.2609
1.2609
1.2609
1.2609
1.2609
1.2609
1.2609
1.2609
1.2609
1.2609
1.2609
1.2609
1.2609
1.2609
1.2609
1.2609
1.2609
1.2609
1.2609
1.2609
1.2609
1.2609
1.2609
1.2609
1.2609
1.2609
1.2609
1.2609
1.2609
1.2609
1.2609
1.2609
1.2609
1.2609
1.2609
1.2609
1.2609
1.2609
1.2609
1.2609
1.2609
1.2609
1.2609
1.2609
1.2609
1.2609
1.2609
1.2609
1.2609
1.2609
1.2609
1.2609
1.2609
1.2609
1.2609
1.2609
1.2609
1.2609
1.2609
1.2609
1.2609
1.2609
1.2609
1.2609
1.2609
1.2609
1.2609
1.2609
1.2609
1.2609
1.2609
1.2609
1.2609
1.2609
1.2609
1.2609
1.2609
1.2609
1.2609
1.2609
1.2609
1.2609
1.2609
1.2609
1.2609
1.2609
1.2609
1.2609
1.2609
1.2609
1.2609
1.2609
1.2609
1.2609
1.2609
1.2609
1.2609
1.2609
1.2609
1.2609
1.2609
1.2609
1.2609
1.2609
1.2609
1.2609
1.2609
1.2609
1.2609
1.2609
1.2609
1.2609
1.2609
1.2609
1.2609
1.2609
1.2609
1.2609
1.2609
1.2609
1.2609
1.2609
1.2609
1.2609
1.2609
1.2609
1.2609
1.2609
1.2609
1.2609
1.2609
1.2609
1.2609
1.2609
1.2609
1.2609
1.2609
1.2609
1.2609
1.2609
1.2609
1.2609
1.2609
1.2609
1.2609
1.2609
1.2609
1.2609
1.2609
1.2609
1.2609
1.2609
1.2609
1.2609
1.2609
1.2609
1.2609
1.2609
1.2609
1.2609
1.2609
1.2609
1.2609
1.2609
1.2609
1.2609
1.2609
1.2609
1.2609
1.2609
1.2609
1.2609
1.2609
1.2609
1.25989
1.25989
1.25989
1.25989
1.25826
1.25826
1.25826
1.25826
1.25826
1.25826
1.25826
1.25826
1.25826
1.25826
1.25826
1.25826
1.25826
1.25826
1.25826
1.25826
1.25826
1.25826
1.25826
1.25826
1.25826
1.25826
1.25826
1.25826
1.25826
1.25826
1.25826
1.25826
1.25826
1.25826
1.25826
1.25826
1.25826
1.25826
1.25826
1.25826
1.25826
1.25826
1.25826
1.25826
1.25826
1.25826
1.25826
1.25826
1.25826
1.25826
1.25826
1.25826
1.25826
1.25826
1.25826
1.25826
1.25826
1.25826
1.25826
1.25826
1.25826
1.25826
1.25826
1.25826
1.25826
1.25826
1.25826
1.25826
1.25826
1.25826
1.25826
1.25826
1.25826
1.25826
1.25826
1.25826
1.25826
1.25826
1.25826
1.25826
1.25826
1.25826
1.25826
1.25826
1.25826
1.25826
1.25826
1.25826
1.25826
1.25826
1.25826
1.25826
1.25826
1.25826
1.25826
1.25826
1.25826
1.25826
1.25826
1.25826
1.25826
1.25826
1.25826
1.25826
1.25826
1.25826
1.25826
1.25826
1.25826
1.25826
1.25826
1.25826
1.25826
1.25826
1.25826
1.25826
1.25826
1.25826
1.25826
1.25826
1.25826
1.25826
1.25826
1.25826
1.25826
1.25826
1.25826
1.25826
1.25826
1.25826
1.25826
1.25826
1.25826
1.25826
1.25826
1.25826
1.25826
1.25826
1.25826
1.25826
1.25826
1.25826
1.25826
1.25826
1.25826
1.25826
1.25826
1.25826
1.25826
1.25826
1.25826
1.25826
1.25826
1.25826
1.25826
1.25826
1.25826
1.25826
1.25826
1.25826
1.25826
1.25826
1.25826
1.25826
1.25826
1.25826
1.25826
1.25826
1.25826
1.25826
1.25826
1.25826
1.25826
1.25826
1.25826
1.25826
1.25826
1.25826
1.25826
1.25826
1.25826
1.25826
1.25826
1.25826
1.25826
1.25826
1.25826
1.25826
1.25826
1.25826
1.25826
1.25826
1.25826
1.25826
1.25826
1.25826
1.25826
1.25826
1.25826
1.25826
1.25826
1.25826
1.25826
1.25826
1.25826
1.25826
1.25826
1.25826
1.25826
1.25826
1.25826
1.25826
1.25826
1.25826
1.25826
1.25826
1.25826
1.25826
1.25826
1.25826
1.25826
1.25826
1.25826
1.25826
1.25826
1.25826
1.25826
1.25826
1.25826
1.25826
1.25826
1.25826
1.25826
1.25826
1.25826
1.25826
1.25826
1.25826
1.25826
1.25826
1.25826
1.25826
1.25826
1.25826
1.25826
1.25826
1.25826
1.25826
1.25826
1.25826
1.25826
1.25826
1.25826
1.25826
1.25826
1.25826
1.25826
1.25826
1.25826
1.25826
1.25826
1.25826
1.25826
1.25826
1.25826
1.25826
1.25826
1.25826
1.25826
1.25826
1.25826
1.25826
1.25826
1.25826
1.25826
1.25826
1.25826
1.25826
1.25826
1.25826
1.25826
1.25826
1.25826
1.25826
1.25826
1.25826
1.25826
1.25826
1.25826
1.25826
1.25826
1.25826
1.25826
1.25826
1.25826
1.25826
1.25826
1.25826
1.25826
1.25826
1.25826
1.25826
1.25826
1.25826
1.25826
1.25826
1.25826
1.25826
1.25826
1.25826
1.25826
1.25826
1.25826
1.25826
1.25826
1.25826
1.25826
1.25826
1.25826
1.25826
1.25826
1.25826
1.25826
1.25826
1.25826
1.25826
1.25826
1.25826
1.25826
1.25826
1.25826
1.25826
1.25826
1.25826
1.25826
1.25826
1.25826
1.25826
1.25826
1.25826
1.25826
1.25826
1.25826
1.25826
1.25826
1.25826
1.25826
1.25826
1.25826
1.25826
1.25826
1.25826
1.25826
1.25826
1.25826
1.25826
1.25826
1.25826
1.25826
1.25826
1.25826
1.25826
1.25826
1.25826
1.25826
1.25826
1.25826
1.25826
1.25826
1.25826
1.25826
1.25826
1.25826
1.25826
1.25826
1.25826
1.25826
1.25826
1.25826
1.25826
1.25826
1.25826
1.25826
1.25826
1.25826
1.25826
1.25826
1.25826
1.25826
1.25826
1.25826
1.25826
1.25826
1.25826
1.25826
1.25826
1.25826
1.25826
1.25826
1.25826
1.25826
1.25826
1.25826
1.25826
1.25826
1.25826
1.25826
1.25826
1.25826
1.25826
1.25826
1.25826
1.25826
1.25826
1.25826
1.25826
1.25826
1.25826
1.25826
1.25826
1.25826
1.25826
1.25826
1.25826
1.25826
1.25826
1.25826
1.25826
1.25826
1.25826
1.25826
1.25826
1.25826
1.25826
1.25826
1.25826
1.25826
1.25826
1.25826
1.25826
1.25826
1.25826
1.25826
1.25826
1.25826
1.25826
1.25826
1.25826
1.25826
1.25826
1.25826
1.25826
1.25826
1.25826
1.25826
1.25826
1.25826
1.25826
1.25826
1.25826
1.25826
1.25826
1.25826
1.25826
1.25826
1.25826
1.25826
1.25826
1.25826
1.25826
1.25826
1.25826
1.25826
1.25826
1.25826
1.25826
1.25826
1.25826
1.25826
1.25826
1.25826
1.25826
1.25826
1.25826
1.25826
1.25826
1.25826
1.25826
1.25826
1.25826
1.25826
1.25826
1.25826
1.25826
1.25826
1.25826
1.25826
1.25826
1.25826
1.25826
1.25826
1.25826
1.25826
1.25826
1.25826
1.25826
1.25826
1.25826
1.25826
1.25826
1.25826
1.25826
1.25826
1.25826
1.25826
1.25826
1.25826
1.25826
1.25826
1.25826
1.25826
1.25826
1.25826
1.25826
1.25826
1.25826
1.25826
1.25826
1.25826
1.25826
1.25826
1.25826
1.25826
1.25826
1.25826
1.25826
1.25826
1.25826
1.25826
1.25826
1.25826
1.25826
1.25826
1.25826
1.25826
1.25826
1.25826
1.25826
1.25826
1.25826
1.25826
1.25826
1.25826
1.25826
1.25826
1.25826
1.25826
1.25826
1.25826
1.25826
1.25826
1.25826
1.25826
1.25826
1.25826
1.25826
1.25826
1.25826
1.25826
1.25826
1.25826
1.25826
1.25826
1.25826
1.25826
1.25826
1.25826
1.25826
1.25826
1.25826
1.25826
1.25826
1.25826
1.25826
1.25826
1.25826
1.25826
1.25826
1.25826
1.25826
1.25826
1.25826
1.25826
1.25826
1.25826
1.25826
1.25826
1.25826
1.25826
1.25826
1.25826
1.25826
1.25826
1.25826
1.25826
1.25826
1.25826
1.25826
1.25826
1.25826
1.25826
1.25826
1.25826
1.25826
1.25826
1.25826
1.25826
1.25826
1.25826
1.25826
1.25826
1.25826
1.25826
1.25826
1.25826
1.25826
1.25826
1.25826
1.25826
1.25826
1.25826
1.25826
1.25826
1.25826
1.25826
1.25826
1.25826
1.25826
1.25826
1.25826
1.25826
1.25826
1.25826
1.25826
1.25826
1.25826
1.25826
1.25826
1.25826
1.25826
1.25826
1.25826
1.25826
1.25826
1.25826
1.25826
1.25826
1.25826
1.25826
1.25826
1.25826
1.25826
1.25826
1.25826
1.25826
1.25826
1.25826
1.25826
1.25826
1.25826
1.25826
1.25826
1.25826
1.25826
1.25826
1.25826
1.25826
1.25826
1.25826
1.25826
1.25826
1.25826
1.25826
1.25826
1.25826
1.25826
1.25826
1.25826
1.25826
1.25826
1.25826
1.25826
1.25826
1.25826
1.25826
1.25826
1.25826
1.25826
1.25826
1.25826
1.25826
1.25826
1.25826
1.25826
1.25826
1.25826
1.25826
1.25826
1.25826
1.25826
1.25826
1.25826
1.25826
1.25826
1.25826
1.25826
1.25826
1.25826
1.25826
1.25826
1.25826
1.25826
1.25826
1.25826
1.25826
1.25826
1.25826
1.25826
1.25826
1.25826
1.25826
1.25826
1.25826
1.25826
1.25826
1.25826
1.25826
1.25826
1.25826
1.25826
1.25826
1.25826
1.25826
1.25826
1.25826
1.25826
1.25826
1.25826
1.25826
1.25826
1.25826
1.25826
1.25826
1.25826
1.25826
1.25826
1.25826
1.25826
1.25826
1.25826
1.25826
1.25826
1.25826
1.25826
1.25826
1.25826
1.25826
1.25826
1.25826
1.25826
1.25826
1.25826
1.25826
1.25826
1.25826
1.25826
1.25826
1.25826
1.25826
1.25826
1.25826
1.25826
1.25826
1.25826
1.25826
1.25826
1.25826
1.25826
1.25826
1.25826
1.25826
1.25826
1.25826
1.25826
1.25826
1.25826
1.25826
1.25826
1.25826
1.25826
1.25826
1.25826
1.25826
1.25826
