
/*---------------------------贪心算法思想下解的说明------------------------------*/

算法思想：以当前所在的点为参考选择离自己最近的点作为下一站，走过的点不在经过


贪心思想只能求得每一步只能求得局部最短路径，因此最终结果是近似最优解

贪心算法求解的最短路程的长度为：26327.4
实际的最短路径为：20750.8
此算法和最优解的近似度为:1.26874
time = 0.003s
/*---------------------------贪心算法思想下解的说明------------------------------*/



/*---------------------------遗传算法2思想下解的说明------------------------------*/

算法思想：随机生成一个路线序列，路线路径长度短的会更可能遗传下去，所以经过多次代际迭代，最终的结果会趋近于最优解


代际更迭次数越多，越接近最优解。这种算法最终结果是近似最优解

遗传算法求解的最短路程的长度为：26109.9
实际的最短路径为：20750.8
此算法和最优解的近似度为:1.25826
time = 96.021s
这个算法迭代终止条件是前后 800 代最优个体一样
这个算法中共计迭代 2977次
其中每一代个体数为 200   交叉遗传的概率为 0.8   变异的概率为 0.1

迭代过程中 交叉遗传次数为238135  其中变异次数为56132

以下是迭代过程中每一代中最好的个体所对应的路先长度变化（每20代输出一次）

105138 89533.1 77079.2 71309.6 63257.4 57578.9 52150.2 48792.9 46837.9 45489.6 44538.4 43983.9 43536.7 42957.9 41271.1 40221.8 38829 37509.6 34967.4 34609.8 
34481.3 34060.2 33580.1 33347.6 32863.7 32066 31889 31882.2 31882.2 31769.3 31688.4 31183.3 30893.4 30580.1 30383.2 29848.9 29380.4 29380.4 29292.8 29226.6 
29019.8 29019.8 29019.8 29019.8 29019.8 28947.6 28947.6 28947.6 28867.4 28867.4 28867.4 28775.6 28725.4 28713.3 28713.3 28713.3 28378.8 28219.3 28219.3 28022.2 
28022.2 27857 27857 27325.4 27321.4 27291.8 27210.9 27021.5 27017.5 26665.6 26665.6 26665.6 26665.6 26665.6 26665.6 26665.6 26665.6 26462.6 26420.8 26420.8 
26420.8 26304.1 26304.1 26214.4 26214.4 26214.4 26214.4 26214.4 26214.4 26214.4 26214.4 26164.6 26164.6 26164.6 26164.6 26164.6 26164.6 26164.6 26164.6 26164.6 
26164.6 26164.6 26164.6 26164.6 26164.6 26164.6 26164.6 26164.6 26109.9 26109.9 26109.9 26109.9 26109.9 26109.9 26109.9 26109.9 26109.9 26109.9 26109.9 26109.9 
26109.9 26109.9 26109.9 26109.9 26109.9 26109.9 26109.9 26109.9 26109.9 26109.9 26109.9 26109.9 26109.9 26109.9 26109.9 26109.9 26109.9 26109.9 26109.9 26109.9 
26109.9 26109.9 26109.9 26109.9 26109.9 26109.9 26109.9 26109.9 
/*---------------------------遗传算法2思想下解的说明------------------------------*/


