1.22725
1.22725
1.22725
1.22725
1.22429
1.22337
1.22337
1.22337
1.22337
1.21959
1.21959
1.21959
1.21959
1.21959
1.21587
1.21587
1.21587
1.21322
1.21322
1.21322
1.21322
1.21322
1.21322
1.21307
1.21219
1.21219
1.21219
1.21142
1.20877
1.20774
1.20774
1.20774
1.20774
1.2077
1.20666
1.20666
1.20666
1.20666
1.20666
1.20666
1.20392
1.20392
1.20392
1.20288
1.20211
1.20211
1.20211
1.20135
1.19833
1.19833
1.19833
1.1983
1.1983
1.19573
1.19573
1.19195
1.19195
1.19195
1.19195
1.19195
1.19195
1.19071
1.19071
1.18917
1.18917
1.18793
1.18793
1.18793
1.18793
1.18793
1.18633
1.18633
1.18633
1.18369
1.18369
1.18369
1.18369
1.18369
1.18369
1.18369
1.18369
1.18369
1.18369
1.18369
1.18369
1.18369
1.18369
1.18369
1.18369
1.18369
1.18369
1.18369
1.18245
1.18245
1.18245
1.18245
1.18245
1.18245
1.18245
1.18245
1.18245
1.18245
1.18245
1.18245
1.18245
1.18245
1.18245
1.18245
1.18245
1.18245
1.18245
1.18245
1.18245
1.18202
1.18095
1.18095
1.17986
1.17986
1.17986
1.17986
1.17986
1.17986
1.17986
1.17986
1.17836
1.17836
1.17836
1.17836
1.17836
1.17836
1.17836
1.17836
1.17836
1.17836
1.17836
1.17836
1.17836
1.17836
1.17836
1.17836
1.17836
1.17836
1.17836
1.17836
1.17814
1.17814
1.17747
1.17747
1.17747
1.17747
1.17747
1.17747
1.17747
1.17747
1.17747
1.17747
1.17747
1.17747
1.17747
1.17314
1.17314
1.17314
1.17224
1.17224
1.17224
1.17224
1.17224
1.17224
1.17224
1.17224
1.17224
1.17224
1.17111
1.17111
1.17111
1.17111
1.17022
1.17022
1.17022
1.17022
1.17022
1.17022
1.17022
1.17022
1.17022
1.17022
1.17022
1.17022
1.17022
1.17022
1.17022
1.17022
1.16977
1.16977
1.16977
1.16388
1.16388
1.16388
1.16388
1.16343
1.16343
1.16343
1.16343
1.16343
1.16343
1.16155
1.16155
1.16155
1.16155
1.16155
1.16042
1.15453
1.15453
1.15453
1.15453
1.15453
1.15442
1.15255
1.15107
1.14909
1.14909
1.14909
1.14795
1.14795
1.14749
1.14749
1.14749
1.14404
1.14404
1.1429
1.1429
1.1429
1.1429
1.1429
1.14274
1.14274
1.14274
1.14274
1.14274
1.14274
1.14274
1.14274
1.14274
1.14274
1.14274
1.14274
1.14274
1.14274
1.14274
1.14274
1.14274
1.14274
1.14274
1.14274
1.14274
1.14274
1.14274
1.14274
1.14274
1.14274
1.14274
1.14274
1.14274
1.14274
1.14274
1.14274
1.14274
1.14274
1.14274
1.14274
1.14274
1.14274
1.14274
1.14274
1.14274
1.14274
1.14274
1.14274
1.14274
1.14274
1.14274
1.14274
1.14274
1.14274
1.14274
1.14274
1.14274
1.14274
1.14274
1.14274
1.14274
1.14274
1.14274
1.14274
1.14274
1.14274
1.14274
1.14274
1.14274
1.14274
1.14274
1.14274
1.14274
1.14274
1.14274
1.14274
1.14274
1.14274
1.14274
1.14274
1.14274
1.14274
1.14274
1.14274
1.14274
1.14274
1.14274
1.14274
1.14274
1.14274
1.14274
1.14274
1.14274
1.14274
1.14274
1.14274
1.14274
1.14274
1.14274
1.14274
1.14274
1.14274
1.14274
1.14274
1.14274
1.14274
1.14274
1.14274
1.14274
1.14274
1.14274
1.14274
1.14274
1.14274
1.14274
1.14274
1.14274
1.14274
1.14274
1.14274
1.14274
1.14274
1.14274
1.14274
1.14274
1.14274
1.14274
1.14274
1.14274
1.14274
1.14274
1.14274
1.14274
1.14274
1.14274
1.14274
1.14274
1.14274
1.14274
1.14274
1.14274
1.14274
1.14274
1.14274
1.14274
1.14274
1.14274
1.14274
1.14274
1.14274
1.14274
1.14274
1.14274
1.14274
1.14274
1.14274
1.14274
1.14274
1.14274
1.14274
1.14274
1.14274
1.14274
1.14274
1.14274
1.14274
1.14274
1.14274
1.14274
1.14274
1.14274
1.14274
1.14274
1.14274
1.14274
1.14274
1.14274
1.14274
1.14274
1.14274
1.14274
1.14274
1.14274
1.14274
1.14274
1.14274
1.14274
1.14274
1.14274
1.14274
1.14274
1.14274
1.14274
1.14274
1.14274
1.14274
1.14274
1.14274
1.14274
1.14274
1.14274
1.14274
1.14274
1.14274
1.14274
1.14274
1.14274
1.14274
1.14274
1.14274
1.14274
1.14274
1.14274
1.14274
1.14274
1.14274
1.14274
1.14274
1.14274
1.14274
1.14274
1.14274
1.14274
1.14274
1.14274
1.14274
1.14274
1.14274
1.14274
1.14274
1.14274
1.14215
1.14215
1.14215
1.14215
1.14215
1.14215
1.14215
1.14215
1.14215
1.14215
1.14215
1.14215
1.13902
1.13902
1.13902
1.13902
1.13902
1.13612
1.13612
1.13612
1.13524
1.13524
1.13524
1.13524
1.1324
1.1324
1.1324
1.1324
1.1324
1.1324
1.1324
1.1324
1.1324
1.1324
1.1324
1.1324
1.13127
1.13127
1.13127
1.13127
1.13127
1.13127
1.13127
1.13127
1.13127
1.13127
1.13127
1.13127
1.13127
1.13127
1.13127
1.13127
1.13127
1.13127
1.13127
1.13127
1.13127
1.13127
1.13127
1.13127
1.13127
1.13127
1.13127
1.13127
1.13127
1.13127
1.13127
1.13127
1.13127
1.13127
1.13127
1.13127
1.13127
1.13127
1.13127
1.13127
1.13127
1.13127
1.13127
1.13127
1.13127
1.13127
1.13127
1.13127
1.13127
1.13127
1.13127
1.13127
1.13127
1.13127
1.13127
1.13127
1.13127
1.13127
1.13127
1.13127
1.13127
1.13127
1.13127
1.13127
1.13127
1.13127
1.13127
1.13127
1.13127
1.13127
1.13127
1.13127
1.13127
1.13127
1.13127
1.13127
1.13127
1.13127
1.13127
1.13127
1.13127
1.13127
1.13127
1.13127
1.13127
1.13127
1.13127
1.13127
1.13127
1.13127
1.13127
1.13127
1.13127
1.13127
1.13127
1.13127
1.13127
1.13127
1.13127
1.13127
1.13127
1.13127
1.13127
1.13127
1.13127
1.13127
1.13127
1.13127
1.13127
1.13127
1.13127
1.13127
1.13127
1.13127
1.13127
1.13127
1.13127
1.13127
1.13127
1.13127
1.13127
1.13127
1.13127
1.13127
1.13127
1.13127
1.13127
1.13127
1.13127
1.13127
1.13127
1.13127
1.13127
1.13127
1.13127
1.13127
1.13127
1.13127
1.13127
1.13127
1.13127
1.13127
1.13127
1.13127
1.13127
1.13127
1.13127
1.13127
1.13127
1.13127
1.13127
1.13127
1.13127
1.13127
1.13127
1.13127
1.13127
1.13127
1.13127
1.13127
1.13127
1.13127
1.13127
1.13127
1.13127
1.13127
1.13127
1.13127
1.13127
1.13127
1.13127
1.13127
1.13127
1.13127
1.13127
1.13127
1.13127
1.13127
1.13127
1.13127
1.13127
1.13127
1.13127
1.13127
1.13127
1.13127
1.13127
1.13127
1.13127
1.13127
1.13127
1.13127
1.13127
1.13127
1.13127
1.13127
1.13127
1.13127
1.13127
1.13127
1.13127
1.13127
1.13127
1.13127
1.13127
1.13127
1.13127
1.13127
1.13127
1.13127
1.13127
1.13127
1.13127
1.13127
1.13127
1.13127
1.13127
1.13127
1.13127
1.13127
1.13127
1.13127
1.13127
1.13127
1.13127
1.13127
1.13127
1.13127
1.13127
1.13127
1.13127
1.13127
1.13127
1.13127
1.13127
1.13127
1.13127
1.13127
1.13127
1.13127
1.13127
1.13127
1.13127
1.13127
1.13127
1.13127
1.13127
1.13127
1.13127
1.13127
1.13127
1.13127
1.13127
1.13127
1.13127
1.13127
1.13127
1.13127
1.13127
1.13127
1.13127
1.13127
1.13127
1.13127
1.13127
1.13127
1.13127
1.13127
1.13127
1.13127
1.13127
1.13127
1.13127
1.13127
1.13127
1.13127
1.13127
1.13127
1.13127
1.13127
1.13127
1.13127
1.13127
1.13127
1.13127
1.13127
1.13127
1.13127
1.13127
1.13127
1.13127
1.13127
1.13127
1.13127
1.13127
1.13127
1.12748
1.12748
1.12748
1.12748
1.12748
1.12748
1.12748
1.12748
1.12748
1.12748
1.12748
1.12748
1.12748
1.12748
1.12748
1.12748
1.12748
1.12748
1.12748
1.12748
1.12748
1.12625
1.12625
1.12625
1.12625
1.12625
1.12625
1.12625
1.12625
1.12625
1.12625
1.12625
1.12625
1.12625
1.12625
1.12625
1.12625
1.12625
1.12625
1.12625
1.12625
1.12625
1.12625
1.12625
1.12625
1.12625
1.12625
1.12625
1.12625
1.12625
1.12625
1.12625
1.12625
1.12625
1.12625
1.12625
1.12625
1.12625
1.12625
1.12625
1.12625
1.12625
1.12625
1.12625
1.12625
1.12625
1.12625
1.12625
1.12625
1.12625
1.12625
1.12625
1.12625
1.12625
1.12625
1.12625
1.12625
1.12625
1.12625
1.12625
1.12625
1.12625
1.12625
1.12625
1.12625
1.12625
1.12625
1.12625
1.12625
1.12625
1.12625
1.12625
1.12625
1.12625
1.12625
1.12625
1.12625
1.12625
1.12625
1.12625
1.12625
1.12625
1.12625
1.12625
1.12625
1.12625
1.12625
1.12625
1.12625
1.12625
1.12625
1.12625
1.12625
1.12625
1.12625
1.12625
1.12625
1.12625
1.12625
1.12625
1.12625
1.12625
1.12625
1.12625
1.12625
1.12625
1.12625
1.12625
1.12625
1.12625
1.12625
1.12625
1.12625
1.12625
1.12625
1.12625
1.12625
1.12625
1.12625
1.12625
1.12625
1.12625
1.12625
1.12625
1.12625
1.12625
1.12625
1.12625
1.12625
1.12625
1.12625
1.12625
1.12625
1.12625
1.12625
1.12625
1.12625
1.12625
1.12625
1.12625
1.12625
1.12625
1.12625
1.12625
1.12625
1.12625
1.12625
1.12625
1.12625
1.12625
1.12625
1.12625
1.12625
1.12625
1.12625
1.12625
1.12625
1.12625
1.12625
1.12625
1.12625
1.12625
1.12625
1.12625
1.12625
1.12625
1.12625
1.12625
1.12625
1.12625
1.12625
1.12625
1.12625
1.12625
1.12625
1.12625
1.12625
1.12625
1.12625
1.12625
1.12625
1.12625
1.12625
1.12625
1.12625
1.12625
1.12625
1.12625
1.12625
1.12625
1.12625
1.12625
1.12625
1.12625
1.12625
1.12625
1.12625
1.12625
1.12625
1.12625
1.12625
1.12625
1.12625
1.12625
1.12625
1.12625
1.12625
1.12625
1.12625
1.12625
1.12517
1.12517
1.12517
1.12517
1.12517
1.12517
1.12517
1.12517
1.12517
1.12517
1.12517
1.12517
1.12517
1.12517
1.12517
1.12517
1.12517
1.12517
1.12517
1.12431
1.12431
1.12431
1.12431
1.12324
1.12324
1.12324
1.12224
1.12224
1.12224
1.12224
1.12224
1.12224
1.12224
1.12224
1.12224
1.12224
1.12224
1.12224
1.12224
1.12224
1.12224
1.12224
1.12224
1.12224
1.12059
1.12059
1.12059
1.12059
1.12059
1.12059
1.12059
1.12059
1.12059
1.12059
1.12059
1.12059
1.12059
1.12059
1.12059
1.12059
1.12059
1.12059
1.12059
1.12059
1.12059
1.12059
1.12059
1.12059
1.12059
1.12059
1.12059
1.12059
1.12059
1.12059
1.12059
1.12059
1.12059
1.12059
1.12059
1.12059
1.12059
1.12059
1.12059
1.12059
1.12059
1.12059
1.12059
1.12059
1.12059
1.12059
1.12059
1.12059
1.12059
1.12059
1.12059
1.12059
1.12059
1.12059
1.12059
1.12059
1.12059
1.12059
1.12059
1.12059
1.12059
1.12059
1.12059
1.12059
1.12059
1.12059
1.12059
1.12059
1.12059
1.12059
1.12059
1.12059
1.12059
1.12059
1.12059
1.12059
1.12059
1.12059
1.12059
1.12059
1.12059
1.12059
1.12059
1.12059
1.12059
1.12059
1.12059
1.12059
1.12059
1.12059
1.12059
1.12059
1.12059
1.12059
1.12059
1.12059
1.12059
1.12059
1.12059
1.12059
1.12059
1.12059
1.12059
1.12059
1.12059
1.12059
1.12059
1.12059
1.12059
1.12059
1.12059
1.12059
1.12059
1.12059
1.12059
1.12059
1.12059
1.12059
1.12059
1.12059
1.12059
1.12059
1.12059
1.12059
1.12059
1.12059
1.12059
1.12059
1.12059
1.12059
1.12059
1.12059
1.12059
1.12059
1.12059
1.12059
1.12059
1.12059
1.12059
1.12059
1.12059
1.12059
1.12059
1.12059
1.12059
1.12059
1.12059
1.12059
1.12059
1.12059
1.12059
1.12059
1.12059
1.12059
1.12059
1.12059
1.12059
1.12059
1.12059
1.12059
1.12059
1.12059
1.12059
1.12059
1.12059
1.12059
1.12059
1.12059
1.12059
1.12059
1.12059
1.12059
1.12059
1.12059
1.12059
1.12059
1.12059
1.12059
1.12059
1.12059
1.12059
1.12059
1.12059
1.12059
1.12059
1.12059
1.12059
1.12059
1.12059
1.12059
1.12059
1.12059
1.12059
1.12059
1.12059
1.12059
1.12059
1.12059
1.12059
1.12059
1.12059
1.12059
1.12059
1.12059
1.12059
1.12059
1.12059
1.12059
1.12059
1.12059
1.12059
1.12059
1.12059
1.12059
1.12059
1.12059
1.12059
1.12059
1.12059
1.12059
1.12059
1.12059
1.12059
1.12059
1.12059
1.12059
1.12059
1.12059
1.12059
1.12059
1.12059
1.12059
1.12059
1.12059
1.12059
1.12059
1.12059
1.12059
1.12059
1.12059
1.12059
1.12059
1.12059
1.12059
1.12059
1.12059
1.12059
1.12059
1.12059
1.12059
1.12059
1.12059
1.12059
1.12059
1.12059
1.12059
1.12059
1.12059
1.12059
1.12059
1.12059
1.12059
1.12059
1.12059
1.12059
1.12059
1.12059
1.12059
1.12059
1.12059
1.12059
1.12059
1.12059
1.12059
1.12059
1.12059
1.12059
1.12059
1.12059
1.12059
1.12059
1.12059
1.12059
1.12059
1.12059
1.12059
1.12059
1.12059
1.12059
1.12059
1.12059
1.12059
1.12059
1.12059
1.12059
1.12059
1.12059
1.12059
1.12059
1.12059
1.12059
1.12059
1.12059
1.12059
1.12059
1.12059
1.12059
1.12059
1.12059
1.12059
1.12059
1.12059
1.12059
1.12059
1.12059
1.12059
1.12059
1.12059
1.12059
1.12059
1.12059
1.12059
1.12059
1.12059
1.12059
1.12059
1.12059
1.12059
1.12059
1.12059
1.12059
1.12059
1.12059
1.12059
1.12059
1.12059
1.12059
1.12059
1.12059
1.12059
1.12059
1.12059
1.12059
1.12059
1.12059
1.12059
1.12059
1.12059
1.12059
1.12059
1.12059
1.12059
1.12059
1.12059
1.12059
1.12059
1.12059
1.12059
1.12059
1.12059
1.12059
1.12059
1.12059
1.12059
1.12059
1.12059
1.12059
1.12059
1.12059
1.12059
1.12059
1.12059
1.12059
1.12059
1.12059
1.12059
1.12059
1.12059
1.12059
1.12059
1.12059
1.12059
1.12059
1.12059
1.12059
1.12059
1.12059
1.12059
1.12059
1.12059
1.12059
1.12059
1.12059
1.12059
1.12059
1.12059
1.12059
1.12059
1.12059
1.12059
1.12059
1.12059
1.12059
1.12059
1.12059
1.12059
1.12059
1.12059
1.12059
1.12059
1.12059
1.12059
1.12059
1.12059
1.12059
1.12059
1.12059
1.12059
1.12059
1.12059
1.12059
1.12059
1.12059
1.12059
1.12059
1.12059
1.12059
1.12059
1.12059
1.12059
1.12059
1.12059
1.12059
1.12059
1.12059
1.12059
1.12059
1.12059
1.12059
1.12059
1.12059
1.12059
1.12059
1.12059
1.12059
1.12059
1.12059
1.12059
1.12059
1.12059
1.12059
1.12059
1.12059
1.12059
1.12059
1.12059
1.12059
1.12059
1.12059
1.12059
1.12059
1.12059
1.12059
1.12059
1.12059
1.12059
1.12059
1.12059
1.12059
1.12059
1.12059
1.12059
1.12059
1.12059
1.12059
1.12059
1.12059
1.12059
1.12059
1.12059
1.12059
1.12059
1.12059
1.12059
1.12059
1.12059
1.12059
1.12059
1.12059
1.12059
1.12059
1.11956
1.11956
1.11956
1.11848
1.11848
1.11848
1.11848
1.11848
1.11848
1.11848
1.11848
1.11848
1.11848
1.11848
1.11848
1.11848
1.11848
1.11848
1.11848
1.11848
1.11848
1.11848
1.11848
1.11848
1.11848
1.11848
1.11848
1.11848
1.11848
1.11848
1.11848
1.11848
1.11848
1.11848
1.11848
1.11848
1.11848
1.11848
1.11848
1.11848
1.11848
1.11848
1.11848
1.11848
1.11848
1.11848
1.11848
1.11848
1.11848
1.11848
1.11848
1.11848
1.11848
1.11848
1.11848
1.11848
1.11848
1.11848
1.11848
1.11848
1.11848
1.11848
1.11848
1.11848
1.11848
1.11848
1.11848
1.11848
1.11848
1.11848
1.11848
1.11848
1.11848
1.11848
1.11848
1.11848
1.11848
1.11848
1.11848
1.11848
1.11848
1.11848
1.11848
1.11848
1.11848
1.11848
1.11848
1.11848
1.11848
1.11848
1.11848
1.11848
1.11848
1.11848
1.11848
1.11848
1.11848
1.11848
1.11848
1.11848
1.11848
1.11848
1.11848
1.11848
1.11848
1.11848
1.11848
1.11848
1.11848
1.11848
1.11848
1.11848
1.11848
1.11848
1.11848
1.11848
1.11848
1.11848
1.11848
1.11848
1.11848
1.11848
1.11848
1.11848
1.11848
1.11848
1.11848
1.11848
1.11848
1.11848
1.11848
1.11848
1.11848
1.11848
1.11848
1.11848
1.11848
1.11848
1.11848
1.11848
1.11848
1.11848
1.11848
1.11848
1.11848
1.11848
1.11848
1.11848
1.11848
1.11848
1.11848
1.11848
1.11848
1.11848
1.11848
1.11848
1.11848
1.11848
1.11848
1.11848
1.11848
1.11848
1.11848
1.11848
1.11848
1.11848
1.11848
1.11848
1.11848
1.11848
1.11848
1.11848
1.11848
1.11848
1.11848
1.11848
1.11848
1.11848
1.11848
1.11848
1.11848
1.11848
1.11848
1.11848
1.11848
1.11848
1.11848
1.11848
1.11848
1.11848
1.11848
1.11848
1.11848
1.11848
1.11848
1.11848
1.11848
1.11848
1.11848
1.11848
1.11848
1.11848
1.11848
1.11848
1.11848
1.11848
1.11848
1.11848
1.11848
1.11848
1.11848
1.11848
1.11848
1.11848
1.11848
1.11848
1.11848
1.11848
1.11848
1.11848
1.11848
1.11848
1.11848
1.11848
1.11848
1.11848
1.11848
1.11848
1.11848
1.11848
1.11848
1.11848
1.11848
1.11848
1.11848
1.11848
1.11848
1.11848
1.11848
1.11848
1.11848
1.11848
1.11848
1.11848
1.11848
1.11848
1.11848
1.11848
1.11848
1.11848
1.11848
1.11848
1.11848
1.11848
1.11848
1.11848
1.11848
1.11848
1.11848
1.11848
1.11848
1.11848
1.11848
1.11848
1.11848
1.11848
1.11848
1.11848
1.11848
1.11848
1.11848
1.11848
1.11848
1.11848
1.11848
1.11848
1.11848
1.11848
1.11848
1.11848
1.11848
1.11848
1.11848
1.11848
1.11848
1.11848
1.11848
1.11848
1.11848
1.11848
1.11848
1.11848
1.11848
1.11848
1.11848
1.11848
1.11848
1.11848
1.11848
1.11848
1.11848
1.11848
1.11848
1.11848
1.11848
1.11848
1.11848
1.11848
1.11848
1.11848
1.11848
1.11848
1.11848
1.11848
1.11848
1.11848
1.11848
1.11848
1.11848
1.11848
1.11848
1.11848
1.11848
1.11848
1.11848
1.11848
1.11848
1.11848
1.11848
1.11848
1.11848
1.11848
1.11848
1.11848
1.11848
1.11848
1.11848
1.11848
1.11848
1.11848
1.11848
1.11848
1.11848
1.11848
1.11848
1.11848
1.11848
1.11848
1.11848
1.11848
1.11848
1.11848
1.11848
1.11848
1.11848
1.11848
1.11848
1.11848
1.11848
1.11848
1.11848
1.11848
1.11848
1.11848
1.11848
1.11848
1.11848
1.11848
1.11848
1.11848
1.11848
1.11848
1.11848
1.11848
1.11848
1.11848
1.11848
1.11848
1.11848
1.11848
1.11848
1.11848
1.11848
1.11848
1.11848
1.11848
1.11848
1.11848
1.11848
1.11848
1.11848
1.11848
1.11848
1.11848
1.11848
1.11848
1.11848
1.11848
1.11848
1.11848
1.11848
1.11848
1.11848
1.11848
1.11848
1.11848
1.11848
1.11848
1.11848
1.11848
1.11848
1.11848
1.11848
1.11848
1.11848
1.11848
1.11848
1.11848
1.11848
1.11848
1.11848
1.11848
1.11848
1.11848
1.11848
1.11848
1.11848
1.11848
1.11848
1.11848
1.11848
1.11848
1.11848
1.11848
1.11848
1.11848
1.11848
1.11848
1.11848
1.11848
1.11848
1.11848
1.11848
1.11848
1.11848
1.11848
1.11848
1.11848
1.11848
1.11848
1.11848
1.11848
1.11848
1.11848
1.11848
1.11848
1.11848
1.11848
1.11848
1.11848
1.11848
1.11848
1.11848
1.11848
1.11848
1.11848
1.11848
1.11848
1.11848
1.11848
1.11848
1.11848
1.11848
1.11848
1.11848
1.11848
1.11848
1.11848
1.11848
1.11848
1.11848
1.11848
1.11848
1.11848
1.11848
1.11848
1.11848
1.11848
1.11848
1.11848
1.11848
1.11848
1.11848
1.11848
1.11848
1.11848
1.11848
1.11848
1.11848
1.11848
1.11848
1.11848
1.11848
1.11848
1.11848
1.11848
1.11848
1.11848
1.11848
1.11848
1.11848
1.11848
1.11848
1.11848
1.11848
1.11848
1.11848
1.11848
1.11848
1.11848
1.11848
1.11848
1.11848
1.11848
1.11848
1.11848
1.11848
1.11848
1.11848
1.11848
1.11848
1.11848
1.11848
1.11848
1.11848
1.11848
1.11848
1.11848
1.11848
1.11848
1.11848
1.11848
1.11848
1.11848
1.11848
1.11848
1.11848
1.11848
1.11848
1.11848
1.11848
1.11848
1.11848
1.11848
1.11848
1.11848
1.11848
1.11848
1.11848
1.11848
1.11848
1.11848
1.11848
1.11848
1.11848
1.11848
1.11848
1.11848
1.11848
1.11848
1.11848
1.11848
1.11848
1.11848
1.11848
1.11848
1.11848
1.11848
1.11848
1.11848
1.11848
1.11848
1.11848
1.11848
1.11848
1.11848
1.11848
1.11848
1.11848
1.11848
1.11848
1.11848
1.11848
1.11848
1.11848
1.11848
1.11848
1.11848
1.11848
1.11848
1.11848
1.11848
1.11848
1.11848
1.11848
1.11848
1.11848
1.11848
1.11848
1.11848
1.11848
1.11848
1.11848
1.11848
1.11848
1.11848
1.11848
1.11848
1.11848
1.11848
1.11848
1.11848
1.11848
1.11848
1.11848
1.11848
1.11848
1.11848
1.11848
1.11848
1.11848
1.11848
1.11848
1.11848
1.11848
1.11848
1.11848
1.11848
1.11848
1.11848
1.11848
1.11848
1.11848
1.11848
1.11848
1.11848
1.11848
1.11848
1.11848
1.11848
1.11848
1.11848
1.11848
1.11848
1.11848
1.11848
1.11848
1.11848
1.11848
1.11848
1.11848
1.11848
1.11848
1.11848
1.11848
1.11848
1.11848
1.11848
1.11848
1.11848
1.11848
1.11848
1.11848
1.11848
1.11848
1.11848
1.11848
1.11848
1.11848
1.11848
1.11848
1.11848
1.11848
1.11848
1.11848
1.11848
1.11848
1.11848
1.11848
1.11848
1.11848
1.11848
1.11848
1.11848
1.11848
1.11848
1.11848
1.11848
1.11848
1.11848
1.11848
1.11848
1.11848
1.11848
1.11848
1.11848
1.11848
1.11848
1.11848
1.11848
1.11848
1.11848
1.11848
1.11848
1.11848
1.11848
1.11848
1.11848
1.11848
1.11848
1.11848
1.11848
1.11848
1.11848
1.11848
1.11848
1.11848
1.11848
1.11848
1.11848
1.11848
1.11848
1.11848
1.11848
1.11848
1.11848
1.11848
1.11848
1.11848
1.11848
1.11848
1.11848
1.11848
1.11848
1.11848
1.11848
1.11848
1.11848
1.11848
1.11848
1.11848
1.11848
1.11848
1.11848
1.11848
1.11848
1.11848
1.11848
1.11848
1.11848
1.11848
1.11848
1.11848
1.11848
1.11848
1.11848
1.11848
1.11848
1.11848
1.11848
1.11848
1.11848
1.11848
1.11848
1.11848
1.11848
1.11848
1.11848
1.11848
1.11848
1.11848
1.11848
1.11848
1.11848
1.11848
1.11848
1.11848
1.11848
1.11848
1.11848
1.11848
1.11848
1.11848
1.11848
1.11848
1.11848
1.11848
1.11848
1.11848
1.11848
1.11848
1.11848
1.11848
1.11848
1.11848
1.11848
1.11848
1.11848
1.11848
1.11848
1.11848
1.11848
1.11848
1.11848
1.11848
1.11848
1.11848
1.11848
1.11848
1.11848
1.11848
1.11848
1.11848
1.11848
1.11848
1.11848
1.11848
1.11848
1.11848
1.11848
1.11848
1.11848
1.11848
1.11848
1.11848
1.11848
1.11848
1.11848
1.11848
1.11848
1.11848
1.11848
1.11848
1.11848
1.11848
1.11848
1.11848
1.11848
1.11848
1.11848
1.11848
1.11848
1.11848
1.11848
1.11848
1.11848
1.11848
1.11848
1.11848
