125
224
210
251
239
134
274
256
185
166
95
163
65
52
117
43
178
66
173
158
79
103
189
106
62
34
88
16
18
29
35
198
252
209
123
41
38
27
128
208
277
142
8
273
14
124
127
213
111
77
53
265
196
221
261
147
139
110
99
97
161
214
243
242
186
175
102
48
31
63
64
269
19
130
23
9
271
148
245
181
104
202
129
170
68
126
215
5
279
257
94
17
268
164
146
230
11
54
267
233
182
121
203
32
33
92
30
58
152
89
253
275
13
49
72
157
207
150
266
211
156
46
36
159
176
162
177
100
93
155
109
115
22
222
216
132
26
90
101
179
76
188
174
154
165
183
160
145
144
74
140
138
238
1
12
276
20
44
51
39
28
47
75
78
42
87
116
270
7
259
171
112
55
21
96
84
197
223
105
108
83
120
24
118
180
50
250
228
195
199
184
248
219
201
168
81
67
85
3
229
4
235
225
143
2
220
247
278
232
206
236
262
40
69
59
169
237
200
249
10
240
246
137
194
192
187
172
234
264
131
15
254
255
280
167
61
91
114
141
263
227
226
244
241
6
260
212
136
119
191
190
73
122
193
149
217
231
205
204
218
56
71
57
60
113
80
153
258
272
133
135
151
37
82
98
45
70
107
25
86
125