1.38449
1.38449
1.37743
1.37743
1.37114
1.37114
1.3616
1.3082
1.28542
1.28542
1.28542
1.24393
1.24393
1.22745
1.15821
1.15821
1.15821
1.15821
1.15772
1.14772
1.14432
1.14432
1.14432
1.14432
1.14432
1.14432
1.14432
1.14432
1.14432
1.14432
1.1433
1.1433
1.1433
1.1433
1.1433
1.1433
1.1433
1.1433
1.1433
1.1433
1.1433
1.1433
1.1433
1.1433
1.1433
1.1433
1.1433
1.1433
1.1433
1.1433
1.1433
1.1433
1.1433
1.1433
1.1433
1.1433
1.1433
1.1433
1.1433
1.1433
1.1433
1.1433
1.1433
1.1433
1.1433
1.1433
1.1433
1.1433
1.1433
1.1433
1.1433
1.1433
1.1433
1.10412
1.10412
1.10412
1.10412
1.10412
1.10412
1.10412
1.10412
1.10261
1.10193
1.10193
1.09166
1.09166
1.09166
1.09166
1.09166
1.09166
1.0915
1.0915
1.0915
1.0915
1.0915
1.0915
1.0915
1.0915
1.0915
1.07037
1.07037
1.07037
1.07037
1.07037
1.07037
1.07037
1.07037
1.07037
1.07037
1.07037
1.07037
1.07037
1.07037
1.07037
1.07037
1.07037
1.07037
1.07037
1.07037
1.07037
1.07037
1.07037
1.07037
1.07037
1.07037
1.07037
1.07037
1.07037
1.07037
1.06847
1.06847
1.06847
1.06847
1.06847
1.06392
1.06202
1.06202
1.06202
1.06202
1.06202
1.06202
1.06202
1.06202
1.06202
1.06202
1.06202
1.06202
1.06202
1.06202
1.06202
1.06202
1.06202
1.06202
1.06202
1.06202
1.06202
1.06202
1.06202
1.06202
1.06202
1.06202
1.06202
1.06202
1.06202
1.06202
1.06202
1.06202
1.05573
1.05461
1.05461
1.05461
1.05461
1.05461
1.05461
1.05461
1.05461
1.05461
1.05461
1.05461
1.05461
1.05461
1.05461
1.05461
1.05461
1.05461
1.05461
1.05461
1.05461
1.05461
1.05461
1.05461
1.05461
1.05461
1.05461
1.05461
1.05461
1.05461
1.05461
1.05461
1.05461
1.05461
1.05461
1.05461
1.05461
1.05461
1.05461
1.05461
1.05461
1.05461
1.05461
1.05461
1.05461
1.05461
1.05461
1.05461
1.05461
1.05461
1.05461
1.05461
1.05461
1.05461
1.05461
1.05461
1.05461
1.05461
1.05461
1.05461
1.05461
1.05461
1.05461
1.05461
1.05461
1.05461
1.05461
1.05461
1.05461
1.05461
1.05461
1.05461
1.05461
1.05461
1.05461
1.05461
1.05461
1.05461
1.05461
1.05461
1.05461
1.05461
1.05461
1.05461
1.05461
1.04538
1.04538
1.04538
1.04538
1.04538
1.04538
1.04538
1.04505
1.04505
1.04505
1.03421
1.03421
1.03421
1.03421
1.03421
1.03421
1.03421
1.03421
1.03421
1.03421
1.03421
1.03421
1.03421
1.03421
1.03421
1.03421
1.03421
1.03421
1.03421
1.03421
1.03421
1.03421
1.03421
1.03421
1.03421
1.03421
1.03421
1.03421
1.03421
1.03421
1.03421
1.03421
1.03421
1.03421
1.03421
1.03421
1.03421
1.03421
1.03421
1.03421
1.03421
1.03421
1.03421
1.03421
1.03421
1.03421
1.03421
1.03421
1.03421
1.03421
1.03421
1.03421
1.03421
1.03421
1.03421
1.03421
1.03421
1.03421
1.03421
1.03421
1.03421
1.03421
1.03421
1.03421
1.03421
1.03421
1.03421
1.03421
1.03421
1.03421
1.03421
1.03421
1.03421
1.03421
1.03421
1.03421
1.03421
1.03421
1.03421
1.03421
1.03421
1.03421
1.03421
1.03421
1.03421
1.03421
1.03421
1.03421
1.03421
1.03421
1.03421
1.03421
1.03421
1.03421
1.03421
1.03421
1.03421
1.03421
1.03421
1.03421
1.03421
1.03421
1.03421
1.03421
1.03421
1.03421
1.03421
1.03421
1.03421
1.03421
1.03421
1.03421
1.03421
1.03421
1.03421
1.03421
1.03421
1.03421
1.03421
1.03421
1.03421
1.03421
1.03421
1.03421
1.03421
1.03421
1.03421
1.03421
1.03421
1.03421
1.03421
1.03421
1.03421
1.03421
1.03421
1.03421
1.03421
1.03421
1.03421
1.03421
1.03421
1.03421
1.03421
1.03421
1.03421
1.03421
1.03421
1.03421
1.03421
1.03421
1.03421
1.03421
1.03421
1.03421
1.03421
1.03421
1.03421
1.03421
1.03421
1.03421
1.03421
1.03421
1.03421
1.03421
1.03421
1.03421
1.03421
1.03421
1.03421
1.03421
1.03421
1.03421
1.03421
1.03421
1.03421
1.03421
1.03421
1.03421
1.03421
1.03421
1.03421
1.03421
1.03421
1.03421
1.03421
1.03421
1.03421
1.03421
1.03421
1.03421
1.03421
1.03421
1.03421
1.03421
1.03421
1.03421
1.03421
1.03421
1.03421
1.03421
1.03421
1.03421
1.03421
1.03421
1.03421
1.03421
1.03421
1.03421
1.03421
1.03421
1.03421
1.03421
1.03421
1.03421
1.03421
1.03421
1.03421
1.03421
1.03421
1.03421
1.03421
1.03421
1.03421
1.03421
1.03421
1.03421
1.03421
1.03421
1.03421
1.03421
1.03421
1.03421
1.03421
1.03421
1.03421
1.03421
1.03421
1.03421
1.03421
1.03421
1.03421
1.03421
1.03421
1.03421
1.03421
1.03421
1.03421
1.03421
1.03421
1.03421
1.03421
1.03421
1.03421
1.03421
1.03421
1.03421
1.03421
1.03421
1.03421
1.03421
1.03421
1.03421
1.03421
1.03421
1.03421
1.03421
1.03421
1.03421
1.03421
1.03421
1.03421
1.03421
1.03421
1.03421
1.03421
1.03421
1.03421
1.03421
1.03421
1.03421
1.03421
1.03421
1.03421
1.03421
1.03421
1.03421
1.03421
1.03421
1.03421
1.03421
1.03421
1.03421
1.03421
1.03421
1.03421
1.03421
1.03421
1.03421
1.03421
1.03421
1.03421
1.03421
1.03421
1.03421
1.03421
1.03421
1.03421
1.03421
1.03421
1.03421
1.03421
1.03421
1.03421
1.03421
1.03421
1.03421
1.03421
1.03421
1.03421
1.03421
1.03421
1.03421
1.03421
1.03421
1.03421
1.03421
1.03421
1.03421
1.03421
1.03421
1.03421
1.03421
1.03421
1.03421
1.03421
1.03421
1.03421
1.03421
1.03421
1.03421
1.03421
1.03421
1.03421
1.03421
1.03421
1.03421
1.03421
1.03421
1.03421
1.03421
1.03421
1.03421
1.03421
1.03421
1.03421
1.03421
1.03421
1.03421
1.03421
1.03421
1.03421
1.03421
1.03421
1.03421
1.03421
1.03421
1.03421
1.03421
1.03421
1.03421
1.03421
1.03421
1.03421
1.03421
1.03421
1.03421
1.03421
1.03421
1.03421
1.03421
1.03421
1.03421
1.03421
1.03421
1.03421
1.03421
1.03421
1.03421
1.03421
1.03421
1.03421
1.03421
1.03421
1.03421
1.03421
1.03421
1.03421
1.03421
1.03421
1.03421
1.03421
1.03421
1.03421
1.03421
1.03421
1.03421
1.03421
1.03421
1.03421
1.03421
1.03421
1.03421
1.03421
1.03421
1.03421
1.03421
1.03421
1.03421
1.03421
1.03421
1.03421
1.03421
1.03421
1.03421
1.03421
1.03421
1.03421
1.03421
1.03421
1.03421
1.03421
1.03421
1.03421
1.03421
1.03421
1.03421
1.03421
1.03421
1.03421
1.03421
1.03421
1.03421
1.03421
1.03421
1.03421
1.03421
1.03421
1.03421
1.03421
1.03421
1.03421
1.03421
1.03421
1.03421
1.03421
1.03421
1.03421
1.03421
1.03421
1.03421
1.03421
1.03421
1.03421
1.03421
1.03421
1.03421
1.03421
1.03421
1.03421
1.03421
1.03421
1.03421
1.03421
1.03421
1.03421
1.03421
1.03421
1.03421
1.03421
1.03421
1.03421
1.03421
1.03421
1.03421
1.03421
1.03421
1.03421
1.03421
1.03421
1.03421
1.03421
1.03421
1.03421
1.03421
1.03421
1.03421
1.03421
1.03421
1.03421
1.03421
1.03421
1.03421
1.03421
1.03421
1.03421
1.03421
1.03421
1.03421
1.03421
1.03421
1.03421
1.03421
1.03421
1.03421
1.03421
1.03421
1.03421
1.03421
1.03421
1.03421
1.03421
1.03421
1.03421
1.03421
1.03421
1.03421
1.03421
1.03421
1.03421
1.03421
1.03421
1.03421
1.03421
1.03421
1.03421
1.03421
1.03421
1.03421
1.03421
1.03421
1.03421
1.03421
1.03421
1.03421
1.03421
1.03421
1.03421
1.03421
1.03421
1.03421
1.03421
1.03421
1.03421
1.03421
1.03421
1.03421
1.03421
1.03421
1.03421
1.03421
1.03421
1.03421
1.03421
1.03421
1.03421
1.03421
1.03421
1.03421
1.03421
1.03421
1.03421
1.03421
1.03421
1.03421
1.03421
1.03421
1.03421
1.03421
1.03421
1.03421
1.03421
1.03421
1.03421
1.03421
1.03421
1.03421
1.03421
1.03421
1.03421
1.03421
1.03421
1.03421
1.03421
1.03421
1.03421
1.03421
1.03421
1.03421
1.03421
1.03421
