
/*---------------------------贪心算法思想下解的说明------------------------------*/

算法思想：以当前所在的点为参考选择离自己最近的点作为下一站，走过的点不在经过


贪心思想只能求得每一步只能求得局部最短路径，因此最终结果是近似最优解

贪心算法求解的最短路程的长度为：29190.4
实际的最短路径为：22141
此算法和最优解的近似度为:1.31839
time = 0.005s
/*---------------------------贪心算法思想下解的说明------------------------------*/



/*---------------------------遗传算法2思想下解的说明------------------------------*/

算法思想：随机生成一个路线序列，路线路径长度短的会更可能遗传下去，所以经过多次代际迭代，最终的结果会趋近于最优解


代际更迭次数越多，越接近最优解。这种算法最终结果是近似最优解

遗传算法求解的最短路程的长度为：25953.2
实际的最短路径为：22141
此算法和最优解的近似度为:1.17218
time = 146.79s
这个算法迭代终止条件是前后 800 代最优个体一样
这个算法中共计迭代 4486次
其中每一代个体数为 200   交叉遗传的概率为 0.8   变异的概率为 0.1

迭代过程中 交叉遗传次数为359130  其中变异次数为90829

以下是迭代过程中每一代中最好的个体所对应的路先长度变化（每20代输出一次）

106676 85399.6 71828.7 63361 57430.1 52713.5 49705.4 48252.7 47825.8 45579.5 43802.8 42550.8 41743.6 40954.4 40271.8 39668.6 38777.1 38533.7 38300.4 36723.7 
36015.8 35797.4 35354.2 34901.9 34731.8 34337.3 33927 33431.4 32227.8 31744.6 31741.7 31630.7 31474 31199.2 30246.8 29939 29770.5 29715.2 29715.2 29695.8 
29695.8 29695.8 29695.8 29695.8 29695.8 29695.8 29695.8 29695.8 29683.6 29683.6 29683.6 29644 29481.2 29481.2 29481.2 29481.2 29481.2 29360.4 29360.4 29360.4 
29360.4 29360.4 29301.5 29301.5 29301.5 29301.5 29301.5 29301.5 29301.5 29301.5 29301.5 29301.5 29301.5 29301.5 29301.5 29301.5 29301.5 29301.5 29301.5 29301.5 
29301.5 29290.3 29225.7 29095.5 29090 29090 29090 29090 29090 29090 29052.2 29052.2 29052.2 29052.2 29052.2 28962.7 28962.7 28899.5 28899.5 28899.5 
28899.5 28878.6 28860.4 28848.5 28792.8 28791.3 28791.3 28709.2 28709.2 28709.2 28709.2 28709.2 28709.2 28655.6 28652.8 28644.8 28644.8 28644.8 28644.8 28604.5 
28577.6 28566.8 28566.8 28566.8 28566.8 28566.8 28492.5 28405.2 28376.5 28271.3 28271.3 28271.3 28254.2 28254.2 28254.2 28172.9 28172.9 28172.9 28093.2 27272.1 
27101.3 27101.3 27101.3 27101.3 27101.3 27101.3 27101.3 26995.5 26693.4 26608 26594.5 26594.5 26594.5 26594.5 26594.5 26594.5 26594.5 26593.8 26582.4 26578.5 
26578.5 26491.7 26491.7 26491.7 26491.7 26491.7 26491.7 26491.7 26491.7 26442.8 26442.8 26442.8 26442.8 26442.8 26442.8 26442.8 26442.8 26442.8 26442.8 26442.8 
26437.7 26437.7 26437.7 26359.8 25953.2 25953.2 25953.2 25953.2 25953.2 25953.2 25953.2 25953.2 25953.2 25953.2 25953.2 25953.2 25953.2 25953.2 25953.2 25953.2 
25953.2 25953.2 25953.2 25953.2 25953.2 25953.2 25953.2 25953.2 25953.2 25953.2 25953.2 25953.2 25953.2 25953.2 25953.2 25953.2 25953.2 25953.2 25953.2 25953.2 
25953.2 25953.2 25953.2 25953.2 
/*---------------------------遗传算法2思想下解的说明------------------------------*/


