1.20611
1.20326
1.20326
1.20326
1.20326
1.19277
1.19277
1.18609
1.18609
1.18609
1.17424
1.17424
1.17424
1.16376
1.16376
1.16376
1.16376
1.16376
1.16376
1.16376
1.16316
1.15855
1.15855
1.1557
1.1557
1.15179
1.15179
1.15103
1.15103
1.15103
1.15103
1.15103
1.15103
1.15103
1.15103
1.15103
1.15103
1.15103
1.15073
1.13855
1.13855
1.1378
1.1378
1.1378
1.1378
1.13731
1.13731
1.13731
1.13731
1.13731
1.1356
1.1356
1.1356
1.1356
1.1356
1.1356
1.1356
1.1356
1.1356
1.1356
1.1356
1.1356
1.1356
1.1356
1.1356
1.1356
1.1356
1.1356
1.1356
1.1356
1.1356
1.1356
1.1356
1.1356
1.1356
1.1356
1.1356
1.1356
1.1356
1.13152
1.13152
1.13152
1.13152
1.13152
1.12418
1.12418
1.12418
1.12418
1.12418
1.12418
1.12418
1.12418
1.12418
1.12418
1.12418
1.12418
1.12373
1.12373
1.12373
1.12313
1.12313
1.12313
1.12313
1.12313
1.12195
1.12195
1.12195
1.12195
1.11368
1.11368
1.11368
1.11368
1.11368
1.11368
1.11368
1.11368
1.11368
1.11368
1.11368
1.11368
1.11368
1.11368
1.11368
1.11368
1.11368
1.11368
1.11368
1.11368
1.11368
1.11368
1.11368
1.11368
1.11368
1.11368
1.11368
1.11368
1.11368
1.11368
1.11368
1.11368
1.11368
1.11368
1.11368
1.11368
1.11368
1.11368
1.11368
1.11368
1.11368
1.11368
1.11368
1.11368
1.11368
1.11368
1.11368
1.11368
1.11368
1.11368
1.11368
1.11368
1.11368
1.11368
1.11368
1.11368
1.11368
1.11368
1.11368
1.11368
1.11368
1.11368
1.11368
1.11368
1.11368
1.11368
1.11368
1.11368
1.11368
1.11368
1.11368
1.11368
1.11368
1.11368
1.11368
1.11368
1.11368
1.11368
1.11368
1.11368
1.11368
1.11368
1.11368
1.11368
1.11368
1.11368
1.11368
1.11368
1.11368
1.11368
1.11368
1.11368
1.11368
1.11368
1.11368
1.11368
1.11368
1.11368
1.11368
1.11368
1.11368
1.11368
1.11368
1.11368
1.11368
1.11368
1.11368
1.11368
1.11368
1.11368
1.11368
1.11368
1.11368
1.11368
1.11368
1.11368
1.11368
1.11368
1.11368
1.11368
1.11368
1.11368
1.11368
1.11368
1.11368
1.11368
1.11368
1.11368
1.11368
1.11368
1.11368
1.11368
1.11368
1.11368
1.11368
1.11368
1.11368
1.11368
1.11368
1.11368
1.11368
1.11368
1.11368
1.11368
1.11368
1.11368
1.11368
1.11368
1.11368
1.11368
1.11368
1.11368
1.11368
1.11368
1.11368
1.11368
1.11368
1.11368
1.11368
1.11368
1.11368
1.11368
1.11368
1.11368
1.11368
1.11368
1.11368
1.11368
1.11368
1.11368
1.11368
1.11368
1.11368
1.11368
1.11368
1.11368
1.11368
1.11368
1.11368
1.11368
1.11368
1.11368
1.11368
1.11368
1.11368
1.11368
1.11368
1.11368
1.11368
1.11368
1.11368
1.11368
1.11368
1.11368
1.11368
1.11368
1.11368
1.11368
1.11368
1.11368
1.11368
1.11368
1.11368
1.11368
1.11368
1.11368
1.11368
1.11368
1.11368
1.11368
1.11368
1.11368
1.11368
1.11368
1.11368
1.11368
1.11368
1.11368
1.11368
1.11368
1.11368
1.11368
1.11368
1.11368
1.11368
1.11368
1.11368
1.11368
1.11368
1.11368
1.11368
1.11368
1.11368
1.11368
1.11368
1.11368
1.11368
1.11368
1.11368
1.11368
1.11368
1.11368
1.11368
1.11368
1.11368
1.11368
1.11368
1.11368
1.11368
1.11368
1.11368
1.11368
1.11368
1.11368
1.11368
1.11368
1.11368
1.11368
1.11368
1.11368
1.11368
1.11368
1.11368
1.11368
1.11368
1.11368
1.11368
1.11368
1.11368
1.11368
1.11368
1.11368
1.11368
1.11368
1.11368
1.11368
1.11368
1.11368
1.11368
1.11368
1.11368
1.11368
1.11368
1.11368
1.11368
1.11368
1.11368
1.11368
1.11368
1.11368
1.11368
1.11368
1.11368
1.11368
1.11368
1.11368
1.11368
1.11368
1.11368
1.11368
1.11368
1.11368
1.11368
1.11368
1.11368
1.11368
1.11368
1.11368
1.11368
1.11368
1.11368
1.11368
1.11368
1.11368
1.11368
1.11368
1.11368
1.11368
1.11368
1.11368
1.11368
1.11368
1.11368
1.11368
1.11368
1.11368
1.11368
1.11368
1.11368
1.11368
1.11368
1.11368
1.11368
1.11368
1.11368
1.11368
1.11368
1.11368
1.11368
1.11368
1.11368
1.11368
1.11368
1.11368
1.11368
1.11368
1.11368
1.11368
1.11368
1.11368
1.11368
1.11368
1.11368
1.11368
1.11368
1.11368
1.11368
1.11368
1.11368
1.11368
1.11368
1.11368
1.11368
1.11368
1.11368
1.11368
1.11368
1.11368
1.11368
1.11368
1.11368
1.11368
1.11368
1.11368
1.11368
1.11368
1.11368
1.11368
1.11368
1.11368
1.11368
1.11368
1.11368
1.11368
1.11368
1.11368
1.11368
1.11368
1.11368
1.11368
1.11368
1.11368
1.11368
1.11368
1.11368
1.11368
1.11368
1.11368
1.11368
1.11368
1.11368
1.11368
1.11368
1.11368
1.11368
1.11368
1.11368
1.11368
1.11368
1.11368
1.11368
1.11368
1.11368
1.11368
1.11368
1.11368
1.11368
1.11368
1.11368
1.11368
1.11368
1.11368
1.11368
1.11368
1.11368
1.11368
1.11368
1.11368
1.11368
1.11368
1.11368
1.11368
1.11368
1.11368
1.11368
1.11368
1.11368
1.11368
1.11368
1.11368
1.11368
1.11368
1.11368
1.11368
1.11368
1.11368
1.11368
1.11368
1.11368
1.11368
1.11368
1.11368
1.11368
1.11368
1.11368
1.11368
1.11368
1.11368
1.11368
1.11368
1.11368
1.11368
1.11368
1.11368
1.11368
1.11368
1.11368
1.11368
1.11368
1.11368
1.11368
1.11368
1.11368
1.11368
1.11368
1.11368
1.11368
1.11368
1.11368
1.11368
1.11368
1.11368
1.11368
1.11368
1.11368
1.11368
1.11368
1.11368
1.11368
1.11368
1.11368
1.11368
1.11368
1.11368
1.11368
1.11368
1.11368
1.11368
1.11368
1.11368
1.11368
1.11368
1.11368
1.11368
1.11368
1.11368
1.11368
1.11368
1.11368
1.11368
1.11368
1.11368
1.11368
1.11368
1.11368
1.11368
1.11368
1.11368
1.11368
1.11368
1.11368
1.11368
1.11368
1.11368
1.11368
1.11368
1.11368
1.11368
1.11368
1.11368
1.11368
1.11368
1.11368
1.11368
1.11368
1.11368
1.11368
1.11368
1.11368
1.11368
1.11368
1.11368
1.11368
1.11368
1.11368
1.11368
1.11368
1.11368
1.11368
1.11368
1.11368
1.11368
1.11368
1.11368
1.11368
1.11368
1.11368
1.11368
1.11368
1.11368
1.11368
1.11368
1.11368
1.11368
1.11368
1.11368
1.11368
1.11368
1.11368
1.11368
1.11368
1.11368
1.11368
1.11368
1.11368
1.11368
1.11368
1.11368
1.11368
1.11368
1.11368
1.11368
1.11368
1.11368
1.11368
1.11368
1.11368
1.11368
1.11368
1.11368
1.11368
1.11368
1.11368
1.11368
1.11368
1.11368
1.11368
1.11368
1.11368
1.11368
