1.30908
1.30908
1.30908
1.30908
1.30908
1.30908
1.30708
1.30591
1.30552
1.30552
1.30552
1.30552
1.30552
1.30514
1.30514
1.30514
1.30514
1.30514
1.30514
1.30514
1.30514
1.30514
1.30514
1.30514
1.30514
1.30514
1.30514
1.30514
1.3034
1.3034
1.3034
1.30302
1.30302
1.30302
1.30302
1.30302
1.30302
1.30302
1.30302
1.29782
1.2974
1.2974
1.2974
1.2974
1.2974
1.2974
1.2974
1.29712
1.29144
1.29144
1.29102
1.29102
1.29074
1.29074
1.29074
1.29074
1.29074
1.29074
1.29074
1.29074
1.29074
1.29074
1.29074
1.29074
1.29074
1.29074
1.29074
1.29074
1.29074
1.29074
1.29074
1.29074
1.29074
1.29074
1.29074
1.28369
1.28369
1.28369
1.28369
1.28369
1.28369
1.28369
1.28267
1.28267
1.23311
1.23311
1.23295
1.23295
1.23295
1.23295
1.23295
1.22476
1.22476
1.21182
1.21182
1.21182
1.21182
1.21182
1.21182
1.20992
1.20992
1.20992
1.20992
1.20992
1.20992
1.20992
1.20992
1.20992
1.20992
1.20992
1.20992
1.20992
1.20992
1.20992
1.20992
1.20992
1.20992
1.20992
1.20992
1.20969
1.20826
1.20826
1.20826
1.20826
1.20826
1.20826
1.20826
1.20826
1.20826
1.20826
1.20085
1.20085
1.20085
1.20085
1.19924
1.19924
1.19924
1.19924
1.19924
1.19924
1.19924
1.19924
1.19924
1.19924
1.19924
1.19924
1.19924
1.19924
1.19924
1.19924
1.19924
1.19924
1.19924
1.19924
1.19924
1.19924
1.19924
1.19924
1.19924
1.19924
1.19924
1.19924
1.19924
1.19924
1.19924
1.19924
1.19924
1.19924
1.19924
1.19924
1.19924
1.19924
1.19924
1.19924
1.19924
1.19924
1.19924
1.19924
1.19924
1.19924
1.19924
1.19924
1.19235
1.19235
1.19235
1.19115
1.19115
1.19115
1.19115
1.19115
1.19115
1.19115
1.19115
1.19115
1.19115
1.19115
1.19115
1.19115
1.19115
1.19115
1.19115
1.19115
1.19115
1.19115
1.19115
1.19115
1.19115
1.19115
1.19115
1.19115
1.18761
1.17075
1.17075
1.17075
1.17075
1.17075
1.17075
1.17075
1.17075
1.17075
1.17075
1.17075
1.17075
1.17075
1.17075
1.17075
1.17075
1.17075
1.17075
1.17075
1.17075
1.17075
1.17075
1.17075
1.17075
1.17075
1.17075
1.17075
1.17075
1.17075
1.17075
1.17075
1.17075
1.17075
1.17075
1.17075
1.17075
1.17075
1.17075
1.17075
1.17075
1.17075
1.17075
1.17075
1.17075
1.17075
1.17075
1.17075
1.17075
1.17075
1.17075
1.17075
1.17075
1.17075
1.17075
1.17075
1.17075
1.17075
1.17075
1.17075
1.17075
1.17075
1.17075
1.17075
1.17075
1.17075
1.17075
1.17075
1.17075
1.17075
1.17075
1.17075
1.17075
1.17075
1.17075
1.17075
1.17075
1.17075
1.17075
1.17075
1.17075
1.17075
1.17075
1.17075
1.17075
1.17075
1.17075
1.17075
1.17075
1.17075
1.17075
1.17075
1.17075
1.17075
1.17075
1.17075
1.17075
1.17075
1.17075
1.17075
1.17075
1.17075
1.17075
1.17075
1.17075
1.17075
1.17075
1.17075
1.17075
1.17075
1.17075
1.17075
1.17075
1.17075
1.17075
1.17075
1.17075
1.17075
1.17075
1.17075
1.17075
1.17075
1.17075
1.17075
1.17075
1.17075
1.17075
1.17075
1.17075
1.17075
1.17075
1.17075
1.17075
1.17075
1.17075
1.17075
1.17075
1.17075
1.17075
1.17075
1.17075
1.17075
1.17075
1.17075
1.17075
1.17075
1.17075
1.17075
1.17075
1.17075
1.17075
1.17075
1.17075
1.17075
1.17075
1.17075
1.17075
1.17075
1.17075
1.17075
1.17062
1.17041
1.17041
1.17041
1.17041
1.17041
1.17041
1.17041
1.17041
1.17041
1.17041
1.17041
1.17041
1.17041
1.17041
1.17041
1.17041
1.17041
1.17041
1.17041
1.17041
1.17041
1.17041
1.17032
1.17032
1.17032
1.17032
1.17032
1.17032
1.17032
1.17032
1.17032
1.17032
1.17032
1.17032
1.17032
1.17032
1.17032
1.17032
1.17032
1.17032
1.17032
1.17032
1.17032
1.17032
1.17032
1.17032
1.17032
1.17032
1.17032
1.17032
1.17032
1.17032
1.17032
1.17032
1.17032
1.17032
1.17032
1.17032
1.17032
1.17032
1.17032
1.17032
1.17032
1.17032
1.17032
1.17032
1.17032
1.17032
1.17032
1.17032
1.17032
1.17032
1.17032
1.17032
1.17032
1.17032
1.17032
1.17032
1.17032
1.17032
1.17032
1.17032
1.17032
1.17032
1.17032
1.17032
1.17032
1.17032
1.17032
1.17032
1.17032
1.17032
1.17032
1.17032
1.17032
1.17032
1.17032
1.17032
1.17032
1.17032
1.17032
1.17032
1.17032
1.17032
1.17032
1.17032
1.17032
1.17032
1.17032
1.17032
1.17032
1.17032
1.17032
1.17032
1.17032
1.17032
1.17032
1.17032
1.17032
1.17032
1.17032
1.17032
1.17032
1.17032
1.17032
1.17032
1.17032
1.17032
1.17032
1.17032
1.17032
1.17032
1.17032
1.17032
1.17032
1.17032
1.17032
1.17032
1.17032
1.17032
1.17022
1.17022
1.17022
1.17022
1.17022
1.17022
1.17022
1.17022
1.17022
1.17022
1.17022
1.17022
1.17022
1.17022
1.17022
1.17022
1.17022
1.17022
1.17022
1.17022
1.17022
1.17022
1.17022
1.17022
1.17022
1.17022
1.16951
1.16951
1.16951
1.16951
1.16951
1.16951
1.16951
1.16951
1.16951
1.16951
1.16951
1.16951
1.16951
1.16951
1.16951
1.16951
1.16951
1.16951
1.16951
1.16951
1.16951
1.16951
1.16951
1.16951
1.16951
1.16951
1.16951
1.16951
1.16951
1.16951
1.16951
1.16951
1.16951
1.16951
1.16951
1.16951
1.16951
1.16951
1.16951
1.16951
1.16951
1.16951
1.16951
1.16951
1.16951
1.16951
1.16951
1.16951
1.16951
1.16951
1.16951
1.16951
1.16951
1.16951
1.16951
1.16951
1.16951
1.16951
1.16951
1.16951
1.16951
1.16951
1.16951
1.16951
1.16951
1.16951
1.16951
1.16951
1.16951
1.16951
1.16951
1.16951
1.16951
1.16951
1.16951
1.16951
1.16951
1.16951
1.16951
1.16944
1.16944
1.16944
1.16944
1.16944
1.16944
1.16944
1.16944
1.16944
1.16944
1.16944
1.16944
1.16944
1.16944
1.16944
1.16944
1.16944
1.16944
1.16944
1.16944
1.16944
1.16944
1.16944
1.16944
1.16944
1.16944
1.16944
1.16944
1.16944
1.16944
1.16944
1.16944
1.16944
1.16944
1.16944
1.16944
1.16944
1.16944
1.16944
1.16944
1.16944
1.16944
1.16944
1.16944
1.16944
1.16944
1.16944
1.16944
1.16944
1.16944
1.16944
1.16944
1.16944
1.16944
1.16944
1.16944
1.16944
1.16944
1.16944
1.16944
1.16944
1.16944
1.16944
1.16944
1.16944
1.16944
1.16944
1.16944
1.16944
1.16944
1.16944
1.16944
1.16944
1.16944
1.16944
1.16944
1.16944
1.16944
1.16944
1.16944
1.16944
1.16944
1.16944
1.16944
1.16944
1.16944
1.16944
1.16857
1.16857
1.16857
1.16857
1.16857
1.16857
1.16857
1.16857
1.16857
1.16857
1.16857
1.16857
1.16857
1.16857
1.16857
1.16857
1.16857
1.16857
1.16857
1.16857
1.16857
1.16857
1.16857
1.16857
1.16857
1.16857
1.16857
1.16857
1.16857
1.16857
1.16857
1.16857
1.16857
1.16857
1.16857
1.16857
1.16857
1.16857
1.16857
1.16857
1.16857
1.16857
1.16857
1.16857
1.16857
1.16857
1.16857
1.16857
1.16857
1.16857
1.16857
1.16857
1.16857
1.16857
1.16857
1.16857
1.16857
1.16857
1.16857
1.16857
1.16857
1.16857
1.16857
1.16857
1.16857
1.16857
1.16857
1.16857
1.16857
1.16857
1.16857
1.16857
1.16857
1.15022
1.15022
1.15022
1.15022
1.15022
1.15022
1.15022
1.15022
1.15022
1.15022
1.15022
1.15022
1.15022
1.15022
1.15022
1.15022
1.15022
1.15022
1.15022
1.15022
1.15022
1.15022
1.15022
1.15022
1.15022
1.15022
1.15022
1.15022
1.15022
1.15022
1.15016
1.14855
1.14855
1.14855
1.14855
1.14855
1.14855
1.14855
1.14855
1.14855
1.14855
1.14855
1.14855
1.14855
1.14855
1.14855
1.14855
1.14855
1.14855
1.14855
1.14855
1.14855
1.14855
1.14855
1.14855
1.14855
1.14855
1.14855
1.14855
1.13984
1.13984
1.13984
1.13984
1.13984
1.13984
1.13984
1.13984
1.13984
1.13984
1.13984
1.13984
1.13984
1.13984
1.13984
1.13984
1.13984
1.13984
1.13984
1.13984
1.13984
1.13984
1.13984
1.13984
1.13984
1.13984
1.13984
1.13984
1.13984
1.13984
1.13984
1.13984
1.13984
1.13984
1.13984
1.13984
1.13984
1.13984
1.13984
1.13984
1.13984
1.13984
1.13984
1.13984
1.13984
1.13984
1.13984
1.13984
1.13984
1.13984
1.13984
1.13984
1.13984
1.13984
1.13984
1.13984
1.13984
1.13984
1.13984
1.13984
1.13984
1.13984
1.13984
1.13984
1.13984
1.13984
1.13984
1.13984
1.13984
1.13984
1.13984
1.13984
1.13984
1.13984
1.13984
1.13984
1.13984
1.13984
1.13984
1.13984
1.13984
1.13984
1.13984
1.13984
1.13984
1.13984
1.13984
1.13984
1.13984
1.13984
1.13984
1.13984
1.13984
1.13984
1.13984
1.13984
1.13984
1.13984
1.13984
1.13984
1.13984
1.13984
1.13984
1.13984
1.13984
1.13984
1.13984
1.13984
1.13984
1.13984
1.13984
1.13984
1.13984
1.13984
1.13984
1.13984
1.13984
1.13984
1.13984
1.13984
1.13984
1.13984
1.13984
1.13984
1.13984
1.13984
1.13984
1.13984
1.13984
1.13984
1.13984
1.13984
1.13984
1.13984
1.13984
1.13984
1.13984
1.13984
1.13984
1.13984
1.13984
1.13984
1.13984
1.13984
1.13984
1.13984
1.13984
1.13984
1.13984
1.13984
1.13984
1.13984
1.13984
1.13984
1.13984
1.13984
1.13984
1.13984
1.13984
1.13984
1.13984
1.13984
1.13984
1.13984
1.13984
1.13984
1.13984
1.13984
1.13984
1.13984
1.13984
1.13984
1.13984
1.13984
1.13984
1.13984
1.13984
1.13984
1.13984
1.13984
1.13984
1.13984
1.13984
1.13947
1.13947
1.13947
1.13947
1.13947
1.13947
1.13947
1.13947
1.13947
1.13947
1.13947
1.13947
1.13947
1.13947
1.13947
1.13947
1.13947
1.13947
1.13947
1.13947
1.13947
1.13947
1.13947
1.13947
1.13947
1.13947
1.13947
1.13947
1.13947
1.13947
1.13947
1.13947
1.13947
1.13947
1.13947
1.13947
1.13947
1.13947
1.13947
1.13947
1.13947
1.13947
1.13947
1.13947
1.13947
1.13947
1.13947
1.13947
1.13947
1.13947
1.13947
1.13947
1.13947
1.13947
1.13947
1.13947
1.13947
1.13947
1.13947
1.13947
1.13947
1.13947
1.13947
1.13947
1.13947
1.13947
1.13947
1.13947
1.13947
1.13947
1.13947
1.13947
1.13947
1.13947
1.13947
1.13947
1.13947
1.13947
1.13947
1.13947
1.13947
1.13947
1.13947
1.13947
1.13947
1.13947
1.13947
1.13947
1.13947
1.13947
1.13947
1.13947
1.13947
1.13947
1.13947
1.13947
1.13947
1.13947
1.13947
1.13947
1.13947
1.13947
1.13947
1.13947
1.13947
1.13947
1.13947
1.13947
1.13947
1.13947
1.13947
1.13947
1.13947
1.13947
1.13947
1.13947
1.13947
1.13947
1.13947
1.13947
1.13947
1.13947
1.13947
1.13947
1.13947
1.13947
1.13947
1.13947
1.13947
1.13947
1.13947
1.13947
1.13947
1.13947
1.13947
1.13947
1.13947
1.13947
1.13947
1.13947
1.13947
1.13947
1.13947
1.13947
1.13947
1.13947
1.13947
1.13947
1.13947
1.13947
1.13947
1.13947
1.13947
1.13947
1.13947
1.13947
1.13947
1.13947
1.13947
1.13947
1.13947
1.13947
1.13947
1.13947
1.13947
1.13947
1.13947
1.13947
1.13947
1.13947
1.13947
1.13947
1.13947
1.13947
1.13947
1.13947
1.13947
1.13947
1.13947
1.13947
1.13947
1.13947
1.13947
1.13947
1.13947
1.13947
1.13947
1.13947
1.13947
1.13947
1.13947
1.13947
1.13947
1.13947
1.13947
1.13947
1.13947
1.13947
1.13947
1.13947
1.13947
1.13947
1.13947
1.13947
1.13947
1.13947
1.13947
1.13947
1.13947
1.13947
1.13947
1.13947
1.13947
1.13947
1.13947
1.13947
1.13947
1.13947
1.13947
1.13947
1.13947
1.13947
1.13947
1.13947
1.13947
1.13947
1.13947
1.13947
1.13947
1.13947
1.13947
1.13947
1.13947
1.13947
1.13947
1.13947
1.13947
1.13947
1.13947
1.13947
1.13947
1.13947
1.13947
1.13947
1.13947
1.13947
1.13947
1.13947
1.13947
1.13947
1.13947
1.13947
1.13947
1.13947
1.13947
1.13947
1.13947
1.13947
1.13947
1.13947
1.13947
1.13947
1.13947
1.13947
1.13947
1.13947
1.13947
1.13947
1.13947
1.13947
1.13947
1.13947
1.13947
1.13947
1.13947
1.13947
1.13947
1.13947
1.13947
1.13947
1.13947
1.13947
1.13947
1.13947
1.13947
1.13947
1.13947
1.13947
1.13947
1.13947
1.13947
1.13947
1.13947
1.13947
1.13947
1.13947
1.13947
1.13947
1.13947
1.13947
1.13947
1.13947
1.13947
1.13947
1.13947
1.13947
1.13947
1.13947
1.13947
1.13947
1.13947
1.13947
1.13947
1.13947
1.13947
1.13947
1.13947
1.13947
1.13947
1.13947
1.13947
1.13947
1.13947
1.13947
1.13947
1.13947
1.13947
1.13947
1.13947
1.13947
1.13947
1.13947
1.13947
1.13947
1.13947
1.13947
1.13947
1.13947
1.13947
1.13947
1.13947
1.13947
1.13947
1.13947
1.13947
1.13947
1.13947
1.13947
1.13947
1.13947
1.13947
1.13947
1.13947
1.13947
1.13947
1.13947
1.13947
1.13947
1.13947
1.13947
1.13947
1.13947
1.13947
1.13947
1.13947
1.13947
1.13947
1.13947
1.13947
1.13947
1.13947
1.13947
1.13947
1.13947
1.13947
1.13947
1.13947
1.1384
1.1384
1.1384
1.1384
1.1384
1.1384
1.1384
1.1384
1.1384
1.1384
1.1384
1.1384
1.1384
1.1384
1.1384
1.13822
1.13822
1.13822
1.13822
1.13822
1.13822
1.13822
1.13822
1.13822
1.13822
1.13822
1.13822
1.13822
1.13476
1.13476
1.13476
1.13476
1.13476
1.13476
1.13476
1.13476
1.13476
1.13476
1.13476
1.13476
1.13476
1.13476
1.13476
1.13476
1.13476
1.13476
1.13476
1.13476
1.13476
1.13476
1.13476
1.13476
1.13476
1.13476
1.13476
1.13476
1.13476
1.13476
1.13476
1.13476
1.13476
1.13476
1.13476
1.13476
1.13476
1.13476
1.12914
1.12914
1.12914
1.12914
1.12914
1.12914
1.12914
1.12914
1.12914
1.12914
1.12914
1.12914
1.12914
1.12914
1.12914
1.12914
1.12914
1.12914
1.12914
1.12914
1.12914
1.12914
1.12914
1.12914
1.12914
1.12914
1.12914
1.12914
1.12914
1.12914
1.12914
1.12914
1.12914
1.12914
1.12914
1.12914
1.12914
1.12914
1.12914
1.12914
1.12914
1.12914
1.12914
1.12914
1.12914
1.12914
1.12914
1.12914
1.12914
1.12914
1.12914
1.12914
1.12914
1.12914
1.12914
1.12914
1.12914
1.12914
1.12914
1.12914
1.12914
1.12914
1.12914
1.12914
1.12914
1.12914
1.12914
1.12914
1.12914
1.12914
1.12914
1.12914
1.12914
1.12914
1.12914
1.12914
1.12914
1.12914
1.12914
1.12914
1.12914
1.12914
1.12914
1.12914
1.12914
1.12914
1.12914
1.12914
1.12914
1.12914
1.12914
1.12914
1.12914
1.12914
1.12914
1.12914
1.12914
1.12914
1.12914
1.12914
1.12914
1.12914
1.12914
1.12914
1.12914
1.12914
1.12914
1.12914
1.12914
1.12914
1.12914
1.12914
1.12914
1.12914
1.12914
1.12914
1.12914
1.12914
1.12914
1.12914
1.12914
1.12914
1.12914
1.12914
1.12914
1.12914
1.12914
1.12914
1.12914
1.12914
1.12914
1.12914
1.12914
1.12914
1.12914
1.12914
1.12914
1.12914
1.12914
1.12914
1.12914
1.12914
1.12914
1.12914
1.12914
1.12914
1.12914
1.12914
1.12914
1.12914
1.12914
1.12914
1.12914
1.12914
1.12914
1.12914
1.12914
1.12914
1.12914
1.12914
1.12914
1.12914
1.12914
1.12914
1.12914
1.12914
1.12914
1.12914
1.12914
1.12914
1.12914
1.12914
1.12914
1.12914
1.12914
1.12914
1.12914
1.12914
1.12914
1.12914
1.12914
1.12914
1.12914
1.12914
1.12914
1.12914
1.12914
1.12914
1.12914
1.12914
1.12914
1.12914
1.12914
1.12914
1.12914
1.12914
1.12914
1.12914
1.12914
1.12914
1.12914
1.12914
1.12914
1.12914
1.12914
1.12914
1.12914
1.12914
1.12914
1.12914
1.12914
1.12914
1.12914
1.12914
1.12914
1.12914
1.12914
1.12914
1.12914
1.12914
1.12914
1.12914
1.12914
1.12914
1.12914
1.12914
1.12914
1.12914
1.12914
1.12914
1.12914
1.12914
1.12914
1.12914
1.12914
1.12914
1.12914
1.12914
1.12914
1.12914
1.12914
1.12914
1.12914
1.12914
1.12914
1.12914
1.12914
1.12914
1.12914
1.12914
1.12914
1.12914
1.12914
1.12914
1.12914
1.12914
1.12914
1.12914
1.12914
1.12914
1.12914
1.12914
1.12914
1.12914
1.12914
1.12914
1.12914
1.12914
1.12914
1.12914
1.12914
1.12914
1.12914
1.12914
1.12914
1.12914
1.12914
1.12914
1.12914
1.12914
1.12914
1.12914
1.12914
1.12914
1.12914
1.12914
1.12914
1.12914
1.12914
1.12914
1.12914
1.12914
1.12914
1.12914
1.12914
1.12914
1.12914
1.12914
1.12914
1.12914
1.12914
1.12914
1.12914
1.12914
1.12914
1.12914
1.12914
1.12914
1.12914
1.12914
1.12914
1.12914
1.12914
1.12914
1.12914
1.12914
1.12914
1.12914
1.12914
1.12914
1.12914
1.12914
1.12914
1.12914
1.12914
1.12914
1.12914
1.12914
1.12914
1.12914
1.12914
1.12914
1.12914
1.12914
1.12914
1.12914
1.12914
1.12914
1.12914
1.12914
1.12914
1.12914
1.12914
1.12914
1.12914
1.12914
1.12914
1.12914
1.12914
1.12914
1.12914
1.12914
1.12914
1.12914
1.12914
1.12914
1.12914
1.12914
1.12914
1.12914
1.12914
1.12914
1.12914
1.12914
1.12914
1.12914
1.12914
1.12914
1.12914
1.12914
1.12914
1.12914
1.12914
1.12914
1.12914
1.12914
1.12914
1.12914
1.12914
1.12914
1.12914
1.12914
1.12914
1.12914
1.12914
1.12914
1.12914
1.12914
1.12914
1.12914
1.12914
1.12914
1.12914
1.12914
1.12914
1.12914
1.12914
1.12914
1.12914
1.12914
1.12914
1.12914
1.12914
1.12914
1.12914
1.12914
1.12914
1.12914
1.12914
1.12914
1.12914
1.12914
1.12914
1.12914
1.12914
1.12914
1.12914
1.12914
1.12914
1.12914
1.12914
1.12914
1.12914
1.12914
1.12914
1.12914
1.12914
1.12914
1.12914
1.12914
1.12914
1.12914
1.12914
1.12914
1.12914
1.12914
1.12914
1.12914
1.12914
1.12914
1.12914
1.12914
1.12914
1.12914
1.12914
1.12914
1.12914
1.12914
1.12914
1.12914
1.12914
1.12914
1.12914
1.12914
1.12914
1.12914
1.12914
1.12914
1.12914
1.12914
1.12914
1.12914
1.12914
1.12914
1.12914
1.12914
1.12914
1.12914
1.12914
1.12914
1.12914
1.12914
1.12914
1.12914
1.12914
1.12914
1.12914
1.12914
1.12914
1.12914
1.12914
1.12914
1.12914
1.12914
1.12914
1.12914
1.12914
1.12914
1.12914
1.12914
1.12914
1.12914
1.12914
1.12914
1.12914
1.12914
1.12914
1.12914
1.12914
1.12914
1.12914
1.12914
1.12914
1.12914
1.12914
1.12914
1.12914
1.12914
1.12914
1.12914
1.12914
1.12914
1.12914
1.12914
1.12914
1.12914
1.12914
1.12914
1.12914
1.12914
1.12914
1.12914
1.12914
1.12914
1.12914
1.12914
1.12914
1.12914
1.12914
1.12914
1.12914
1.12914
1.12914
1.12914
1.12914
1.12914
1.12914
1.12914
1.12914
1.12914
1.12914
1.12914
1.12914
1.12914
1.12914
1.12914
1.12914
1.12914
1.12914
1.12914
1.12914
1.12914
1.12914
1.12914
1.12914
1.12914
1.12914
1.12914
1.12914
1.12914
1.12914
1.12914
1.12914
1.12914
1.12914
1.12914
1.12914
1.12914
1.12914
1.12914
1.12914
1.12914
1.12914
1.12914
1.12914
1.12914
1.12914
1.12914
1.12914
1.12914
1.12914
1.12914
1.12914
1.12914
1.12914
1.12914
1.12914
1.12914
1.12914
1.12914
1.12914
1.12914
1.12914
1.12914
1.12914
1.12914
1.12914
1.12914
1.12914
1.12914
