
/*---------------------------贪心算法思想下解的说明------------------------------*/

算法思想：以当前所在的点为参考选择离自己最近的点作为下一站，走过的点不在经过


贪心思想只能求得每一步只能求得局部最短路径，因此最终结果是近似最优解

贪心算法求解的最短路程的长度为：153462
实际的最短路径为：108159
此算法和最优解的近似度为:1.41885
time = 0.005s
/*---------------------------贪心算法思想下解的说明------------------------------*/



/*---------------------------遗传算法2思想下解的说明------------------------------*/

算法思想：随机生成一个路线序列，路线路径长度短的会更可能遗传下去，所以经过多次代际迭代，最终的结果会趋近于最优解


代际更迭次数越多，越接近最优解。这种算法最终结果是近似最优解

遗传算法求解的最短路程的长度为：122127
实际的最短路径为：108159
此算法和最优解的近似度为:1.12914
time = 28.313s
这个算法迭代终止条件是前后 600 代最优个体一样
这个算法中共计迭代 2061次
其中每一代个体数为 100   交叉遗传的概率为 0.8   变异的概率为 0.1

迭代过程中 交叉遗传次数为80597  其中变异次数为23392

以下是迭代过程中每一代中最好的个体所对应的路先长度变化（每20代输出一次）

141162 140371 139605 138843 130864 130838 129709 129709 129709 128833 126627 126627 126627 126627 126627 126627 126627 126627 126591 126581 
126581 126581 126581 126581 126581 126570 126493 126493 126493 126493 126485 126485 126485 126485 126485 126392 126392 126392 124406 124406 
124226 123284 123284 123284 123284 123284 123284 123284 123284 123284 123244 123244 123244 123244 123244 123244 123244 123244 123244 123244 
123244 123244 123244 123244 123244 123244 123244 123244 123244 123128 123108 122734 122734 122127 122127 122127 122127 122127 122127 122127 
122127 122127 122127 122127 122127 122127 122127 122127 122127 122127 122127 122127 122127 122127 122127 122127 122127 122127 122127 122127 
122127 122127 122127 
/*---------------------------遗传算法2思想下解的说明------------------------------*/


