3.33674
3.33674
3.21487
3.03705
3.03705
2.85562
2.79462
2.76776
2.65323
2.61328
2.40354
2.40354
2.40354
2.39828
2.36486
2.26628
2.24553
2.18288
2.12064
2.10447
2.0873
2.03928
2.03689
1.94863
1.9388
1.93296
1.89597
1.86623
1.85708
1.85708
1.80694
1.80694
1.7623
1.63971
1.63971
1.63971
1.63971
1.62446
1.62446
1.61796
1.60715
1.6027
1.58557
1.58324
1.55998
1.52873
1.52873
1.52178
1.52178
1.4851
1.47632
1.44984
1.44984
1.43018
1.43018
1.41983
1.40976
1.39956
1.39626
1.38571
1.38202
1.37168
1.37168
1.36999
1.36999
1.3442
1.3396
1.3396
1.33059
1.33059
1.33059
1.32585
1.32332
1.32332
1.32332
1.31049
1.28829
1.28829
1.28829
1.27928
1.27928
1.27169
1.27044
1.26115
1.26115
1.25447
1.25447
1.25231
1.25111
1.25111
1.24472
1.24472
1.24472
1.24472
1.24408
1.24408
1.24408
1.24408
1.24408
1.24408
1.24408
1.24408
1.24408
1.24408
1.24408
1.23766
1.23766
1.23766
1.23766
1.23766
1.23701
1.23701
1.23701
1.23701
1.23701
1.23701
1.23701
1.23701
1.23701
1.23701
1.23701
1.23701
1.23701
1.23701
1.23701
1.23701
1.23701
1.23701
1.23701
1.23701
1.23701
1.23701
1.23701
1.23701
1.23701
1.23701
1.23701
1.23701
1.23701
1.23701
1.23701
1.23701
1.23701
1.23701
1.23701
1.23701
1.23701
1.23701
1.23701
1.23701
1.23701
1.23701
1.23701
1.23701
1.23701
1.23701
1.23701
1.23701
1.23701
1.23701
1.23701
1.23701
1.23701
1.23701
1.23701
1.23701
1.23701
1.23701
1.23701
1.23701
1.23701
1.23701
1.23701
1.23701
1.23701
1.23701
1.23701
1.23701
1.23701
1.23701
1.23701
1.23701
1.23701
1.23701
1.23701
1.23701
1.23701
1.23701
1.23701
1.23481
1.23481
1.23481
1.23481
1.23287
1.23287
1.23287
1.2309
1.23002
1.23002
1.23002
1.23002
1.23002
1.23002
1.23002
1.23002
1.23002
1.23002
1.23002
1.22865
1.22865
1.22865
1.22262
1.22262
1.22262
1.22262
1.22262
1.22262
1.22262
1.22262
1.22262
1.22262
1.22262
1.22262
1.22262
1.22262
1.22262
1.22262
1.22262
1.22262
1.22054
1.22054
1.22054
1.22054
1.20683
1.20626
1.20626
1.20626
1.20626
1.20626
1.20626
1.20626
1.20626
1.20626
1.20626
1.20626
1.20626
1.20626
1.20244
1.20244
1.18698
1.18698
1.18471
1.18471
1.18471
1.18471
1.18471
1.18471
1.18471
1.18471
1.18471
1.18471
1.18471
1.18471
1.18471
1.18471
1.18471
1.18471
1.18471
1.18471
1.18471
1.18471
1.18471
1.18471
1.18471
1.18471
1.18471
1.18471
1.18471
1.18471
1.18471
1.18471
1.18471
1.18471
1.18471
1.18471
1.18471
1.18471
1.18471
1.18471
1.18471
1.18471
1.18471
1.18269
1.18269
1.18269
1.18269
1.18269
1.18269
1.18269
1.18269
1.18269
1.18269
1.18269
1.18269
1.1811
1.1811
1.1811
1.1811
1.1811
1.1811
1.1811
1.1811
1.1811
1.1811
1.1811
1.1811
1.1811
1.1811
1.1811
1.1811
1.1811
1.1811
1.1811
1.1811
1.1811
1.1811
1.1811
1.1811
1.1811
1.1811
1.1811
1.1811
1.1811
1.1811
1.1811
1.1811
1.1811
1.1811
1.1811
1.1811
1.1811
1.1811
1.1811
1.1811
1.1811
1.1741
1.1741
1.1741
1.1741
1.1741
1.1741
1.1741
1.1741
1.1741
1.1741
1.1741
1.1741
1.1741
1.1741
1.1741
1.1548
1.1548
1.1548
1.1548
1.1548
1.1548
1.1548
1.1548
1.1548
1.1548
1.1548
1.1537
1.1537
1.15284
1.15284
1.15284
1.15284
1.15284
1.15284
1.15284
1.15284
1.15284
1.15284
1.15152
1.15152
1.15152
1.15152
1.15152
1.15152
1.15152
1.15152
1.15152
1.15152
1.15152
1.15152
1.15152
1.15152
1.1503
1.1503
1.1503
1.1503
1.1503
1.1503
1.1503
1.1503
1.1503
1.1503
1.1503
1.1503
1.1503
1.1503
1.1503
1.1503
1.1503
1.1503
1.1503
1.1503
1.1503
1.1503
1.1503
1.1503
1.1503
1.1503
1.1503
1.1503
1.1503
1.1503
1.1503
1.1503
1.1503
1.1503
1.1503
1.1503
1.1503
1.1503
1.1503
1.1503
1.1503
1.1503
1.1503
1.1503
1.1503
1.1503
1.1503
1.1503
1.1503
1.1503
1.1503
1.1503
1.1503
1.1503
1.1503
1.1503
1.1503
1.1503
1.1503
1.1503
1.1503
1.1503
1.1503
1.1503
1.1503
1.1503
1.1503
1.1503
1.1503
1.1503
1.1503
1.1503
1.1503
1.1503
1.1503
1.1503
1.1503
1.1503
1.1503
1.1503
1.1503
1.1503
1.1503
1.1503
1.1503
1.1503
1.1503
1.1503
1.1503
1.1503
1.1503
1.1503
1.1503
1.1503
1.1503
1.1503
1.1503
1.1503
1.1503
1.1503
1.1503
1.1503
1.1503
1.1503
1.1503
1.1503
1.1503
1.1503
1.1503
1.1503
1.1503
1.1503
1.1503
1.1503
1.1503
1.1503
1.1503
1.1503
1.1503
1.1503
1.1503
1.1503
1.1503
1.1503
1.1503
1.1503
1.1503
1.1503
1.1503
1.1503
1.1503
1.1503
1.1503
1.1503
1.1503
1.1503
1.1503
1.1503
1.1503
1.1503
1.1503
1.14974
1.14974
1.14974
1.14974
1.14974
1.14974
1.14974
1.14974
1.14974
1.14974
1.14974
1.14974
1.14974
1.14974
1.1418
1.1418
1.1418
1.13605
1.13605
1.13605
1.13605
1.13605
1.13605
1.13605
1.13605
1.13605
1.13605
1.13605
1.13543
1.13543
1.13543
1.13543
1.13543
1.13543
1.13543
1.13543
1.13543
1.13256
1.13256
1.13256
1.13256
1.13256
1.13152
1.13152
1.13152
1.13152
1.13152
1.13152
1.13152
1.13152
1.13152
1.13152
1.13152
1.13152
1.13152
1.13152
1.13152
1.13152
1.13152
1.13152
1.13152
1.13152
1.13058
1.13058
1.13058
1.13058
1.13058
1.13058
1.13058
1.13058
1.13058
1.13058
1.13058
1.13058
1.13058
1.13058
1.13058
1.13058
1.13058
1.13058
1.13058
1.13058
1.13058
1.13058
1.13058
1.13058
1.13058
1.13058
1.13058
1.13058
1.13058
1.13058
1.13058
1.13058
1.13058
1.13058
1.13058
1.13058
1.13058
1.13058
1.13058
1.13058
1.13058
1.13058
1.13058
1.13058
1.13058
1.13058
1.13058
1.13058
1.13058
1.13058
1.13058
1.13058
1.13058
1.13058
1.13058
1.13058
1.13058
1.13058
1.13058
1.13058
1.13058
1.13058
1.13058
1.13058
1.13058
1.13058
1.13058
1.13058
1.13058
1.13058
1.13058
1.13058
1.13058
1.13058
1.13058
1.13058
1.13058
1.13058
1.13058
1.13058
1.13058
1.13058
1.13058
1.13058
1.13058
1.13058
1.13058
1.13058
1.13058
1.13058
1.13058
1.13058
1.13058
1.13058
1.13058
1.13058
1.13058
1.13058
1.13058
1.13058
1.13058
1.13058
1.13058
1.13058
1.13058
1.13058
1.13058
1.13058
1.13058
1.13058
1.13058
1.13058
1.13058
1.13058
1.13058
1.13058
1.13058
1.13058
1.13058
1.13058
1.13058
1.13058
1.13058
1.13058
1.13058
1.13058
1.13058
1.13058
1.13058
1.13058
1.13058
1.13058
1.13058
1.13058
1.13058
1.13058
1.13058
1.13058
1.13058
1.13058
1.13058
1.13058
1.13058
1.13058
1.13058
1.13058
1.13058
1.13058
1.13058
1.13058
1.13058
1.13058
1.13058
1.13058
1.13058
1.13058
1.13058
1.13058
1.13058
1.13058
1.13058
1.13058
1.13058
1.13058
1.13058
1.13058
1.13058
1.13058
1.13058
1.13058
1.13058
1.13058
1.13058
1.13058
1.13058
1.13058
1.13058
1.13058
1.13058
1.13058
1.13058
1.13058
1.13058
1.13058
1.13058
1.13058
1.13058
1.12888
1.12888
1.12888
1.12888
1.12888
1.12888
1.12888
1.12888
1.12888
1.12888
1.12855
1.12855
1.12855
1.12855
1.12855
1.12855
1.12855
1.12855
1.12855
1.12855
1.12855
1.12855
1.12855
1.12855
1.12855
1.12855
1.12855
1.12855
1.12855
1.12855
1.12855
1.12855
1.12855
1.12855
1.12855
1.12855
1.12855
1.12855
1.12855
1.12855
1.12855
1.12855
1.12855
1.12855
1.12855
1.12855
1.12855
1.12855
1.12855
1.12855
1.12855
1.12855
1.12855
1.12855
1.12855
1.12855
1.12855
1.12855
1.12855
1.12855
1.12855
1.12855
1.12855
1.12855
1.12855
1.12855
1.12855
1.12855
1.12855
1.12855
1.12855
1.12855
1.12855
1.12855
1.12855
1.12855
1.12855
1.12855
1.12855
1.12855
1.12855
1.12855
1.12855
1.12855
1.12855
1.12855
1.12855
1.12855
1.12855
1.12855
1.12855
1.12855
1.12855
1.12855
1.12855
1.12855
1.12855
1.12855
1.12855
1.12855
1.12855
1.12855
1.12855
1.12855
1.12855
1.12855
1.12855
1.12855
1.12855
1.12855
1.12855
1.12855
1.12855
1.12855
1.12855
1.12855
1.12855
1.12855
1.12855
1.12855
1.12855
1.12855
1.12855
1.12855
1.12855
1.12855
1.12855
1.12855
1.12855
1.12855
1.12855
1.12855
1.12855
1.12855
1.12855
1.12855
1.12855
1.12855
1.12855
1.12855
1.12855
1.12855
1.12855
1.12855
1.12855
1.12855
1.12855
1.12855
1.12855
1.12855
1.12855
1.12855
1.12855
1.12855
1.12855
1.12855
1.12855
1.12855
1.12855
1.12855
1.12855
1.12855
1.12855
1.12855
1.12855
1.12855
1.12855
1.12855
1.12855
1.12855
1.12855
1.12855
1.12855
1.12855
1.12855
1.12855
1.12855
1.12855
1.12855
1.12855
1.12855
1.12855
1.12855
1.12855
1.12855
1.12855
1.12855
1.12855
1.12855
1.12855
1.12855
1.12855
1.12855
1.12855
1.12855
1.12855
1.12855
1.12855
1.12855
1.12855
1.12855
1.12855
1.12855
1.12855
1.12855
1.12855
1.12855
1.12855
1.12855
1.12855
1.12855
1.12855
1.12855
1.12855
1.12855
1.12855
1.12855
1.12855
1.12855
1.12855
1.12855
1.12855
1.12855
1.12855
1.12855
1.12855
1.12855
1.12855
1.12855
1.12855
1.12855
1.12855
1.12855
1.12855
1.12855
1.12855
1.12855
1.12855
1.12855
1.12855
1.12855
1.12855
1.12855
1.12855
1.12855
1.12855
1.12855
1.12855
1.12855
1.12855
1.12855
1.12855
1.12855
1.12855
1.12855
1.12855
1.12855
1.12855
1.12855
1.12855
1.12855
1.12855
1.12855
1.12855
1.12855
1.12855
1.12855
1.12855
1.12855
1.12855
1.12855
1.12855
1.12855
1.12855
1.12855
1.12855
1.12855
1.12855
1.12855
1.12855
1.12855
1.12855
1.12855
1.12855
1.12855
1.12855
1.12855
1.12855
1.12855
1.12855
1.12855
1.12855
1.12855
1.12855
1.12855
1.12855
1.12855
1.12855
1.12855
1.12855
1.12855
1.12855
1.12855
1.12855
1.12855
1.12855
1.12855
1.12855
1.12855
1.12855
1.12855
1.12855
1.12855
1.12855
1.12855
1.12855
1.12855
1.12855
1.12855
1.12855
1.12855
1.12855
1.12855
1.12855
1.12855
1.12855
1.12855
1.12855
1.12855
1.12855
1.12855
1.12855
1.12855
1.12855
1.12855
1.12855
1.12855
1.12855
1.12855
1.12855
1.12855
1.12855
1.12855
1.12855
1.12855
1.12855
1.12855
1.12855
1.12855
1.12855
1.12855
1.12855
1.12855
1.12855
1.12855
1.12855
1.12855
1.12855
1.12855
1.12855
1.12855
1.12855
1.12855
1.12855
1.12855
1.12855
1.12855
1.12855
1.12855
1.12855
1.12855
1.12855
1.12855
1.12855
1.12855
1.12855
1.12855
1.12855
1.12855
1.12855
1.12855
1.12855
1.12855
1.12855
1.12855
1.12855
1.12855
1.12855
1.12855
1.12855
1.12855
1.12855
1.12855
1.12855
1.12855
1.12855
1.12855
1.12855
1.12855
1.12855
1.12855
1.12855
1.12855
1.12855
1.12855
1.12855
1.12855
1.12855
1.12855
1.12855
1.12855
1.12855
1.12855
1.12855
1.12855
1.12855
1.12855
1.12855
1.12855
1.12855
1.12855
1.12855
1.12855
1.12855
1.12855
1.12855
1.12855
1.12855
1.12855
1.12855
1.12855
1.12855
1.12855
1.12855
1.12855
1.12855
1.12855
1.12855
1.12855
1.12855
1.12855
1.12855
1.12855
1.12855
1.12855
1.12855
1.12855
1.12855
1.12855
1.12855
1.12855
1.12855
1.12855
1.12855
1.12855
1.12855
1.12855
1.12855
1.12855
1.12855
1.12855
1.12855
1.12855
1.12855
1.12855
1.12855
1.12855
1.12855
1.12855
1.12855
1.12855
1.12855
1.12855
1.12855
1.12855
1.12855
1.12855
1.12855
1.12855
1.12855
1.12855
1.12855
1.12855
1.12855
1.12855
1.12855
1.12855
1.12855
1.12855
1.12855
1.12855
1.12855
1.12855
1.12855
1.12855
1.12855
1.12855
1.12855
1.12855
1.12855
1.12855
1.12855
1.12855
1.12855
1.12855
1.12855
1.12855
1.12855
1.12855
1.12855
1.12855
1.12855
1.12855
1.12855
1.12855
1.12855
1.12855
1.12855
1.12855
1.12855
1.12855
1.12855
1.12855
1.12855
1.12855
1.12855
1.12855
1.12855
1.12855
1.12855
1.12855
1.12855
1.12855
1.12855
1.12855
1.12855
1.12855
1.12855
1.12855
1.12855
1.12855
1.12855
1.12855
1.12855
1.12855
1.12855
1.12855
1.12855
1.12855
1.12855
1.12855
1.12855
1.12855
1.12855
1.12855
1.12855
1.12855
1.12855
1.12855
1.12855
1.12855
1.12855
1.12855
1.12855
1.12855
1.12855
1.12855
1.12855
1.12855
1.12855
1.12855
1.12855
1.12855
1.12855
1.12855
1.12855
1.12855
1.12855
1.12855
1.12855
1.12855
1.12855
1.12855
1.12855
1.12855
1.12855
1.12855
1.12855
1.12855
1.12855
1.12855
1.12855
1.12855
1.12855
1.12855
1.12855
1.12855
1.12855
1.12855
1.12855
1.12855
1.12855
1.12855
1.12855
1.12855
1.12855
1.12855
1.12855
1.12855
1.12855
