
/*---------------------------贪心算法思想下解的说明------------------------------*/

算法思想：以当前所在的点为参考选择离自己最近的点作为下一站，走过的点不在经过


贪心思想只能求得每一步只能求得局部最短路径，因此最终结果是近似最优解

贪心算法求解的最短路程的长度为：40503
实际的最短路径为：33503
此算法和最优解的近似度为:1.20894
time = 0.004s
/*---------------------------贪心算法思想下解的说明------------------------------*/



/*---------------------------遗传算法思想下解的说明------------------------------*/

算法思想：随机生成一个路线序列，路线路径长度短的会更可能遗传下去，所以经过多次代际迭代，最终的结果会趋近于最优解


代际更迭次数越多，越接近最优解。这种算法最终结果是近似最优解

遗传算法求解的最短路程的长度为：45324
实际的最短路径为：33503
此算法和最优解的近似度为:1.35283
time = 6.559s
这个算法中共计迭代 5000次
其中每一代个体数为 10   交叉遗传的概率为 0.8   变异的概率为 0.5

迭代过程中 交叉遗传次数为36139  其中变异次数为22944

以下是迭代过程中每一代中最好的个体所对应的路先长度变化

110344 104279 102906 95457 88869 82696 81701 79913 79574 79376 
78799 77738 75239 70115 69307 68607 68327 67325 67072 66857 
66857 64059 64059 63384 62740 61685 59273 58598 56808 56655 
53497 53167 52790 52790 52790 52790 52746 52715 52715 52715 
52715 52617 52617 52617 52292 52292 52224 52003 51878 51453 
51453 51453 51453 51453 51366 51284 51284 51284 50876 50876 
50841 50841 50841 50548 50548 50084 50003 50003 50003 50003 
50003 50003 49778 49778 49778 49684 49684 49684 49684 49684 
49684 49684 49649 49558 49558 49558 49558 49558 49470 49470 
49470 49470 49201 48949 48949 48949 48949 48949 48668 48298 
47230 47230 47063 47063 47063 47063 47063 46521 46521 46521 
46149 46149 46091 46091 45396 45396 45396 45396 45396 45396 
45396 45396 45324 45324 45324 /*---------------------------遗传法思想下解的说明------------------------------*/


