6.74928
6.43608
6.28789
6.06968
5.94178
5.85619
5.77831
5.65293
5.35281
5.35281
5.32974
5.32974
5.18667
5.18667
5.18192
5.05698
4.97201
4.97201
4.85378
4.81804
4.75895
4.75895
4.69425
4.40798
4.40798
4.40798
4.40798
4.35327
4.35327
4.17741
4.17741
4.17741
4.08305
4.08305
4.08305
4.08305
3.9732
3.85708
3.85708
3.85708
3.77626
3.77626
3.77626
3.72602
3.72602
3.69885
3.64974
3.64974
3.60558
3.47653
3.47653
3.47653
3.47167
3.47167
3.44929
3.44929
3.24415
3.24415
3.24415
3.24415
3.18783
3.14071
3.14071
3.14071
3.14071
3.14071
3.05506
3.05506
3.05506
3.05506
3.0243
2.99414
2.99414
2.94893
2.91316
2.91316
2.91184
2.8617
2.8617
2.8617
2.85556
2.85556
2.78919
2.7874
2.7874
2.78126
2.78126
2.74702
2.73391
2.73391
2.7063
2.6933
2.6933
2.6933
2.63971
2.63971
2.63971
2.62447
2.59893
2.59384
2.52387
2.52387
2.52387
2.52387
2.51961
2.49798
2.49798
2.49798
2.49798
2.43727
2.42333
2.42333
2.42333
2.39483
2.39483
2.39483
2.39483
2.38371
2.38081
2.38081
2.37726
2.37726
2.36869
2.35862
2.35064
2.35064
2.35064
2.34368
2.32721
2.32721
2.30161
2.30161
2.28842
2.28383
2.28383
2.28014
2.27673
2.27673
2.24495
2.24495
2.24495
2.24495
2.22212
2.22212
2.22212
2.22137
2.21983
2.20448
2.20372
2.19421
2.19346
2.19346
2.19233
2.18979
2.18979
2.18904
2.18904
2.18452
2.18132
2.17934
2.17934
2.17934
2.17934
2.1782
2.17423
2.17423
2.17383
2.17383
2.17383
2.17383
2.17383
2.17269
2.17269
2.17269
2.16717
2.16717
2.16717
2.16717
2.16717
2.16006
2.16006
2.16006
2.15981
2.15892
2.1451
2.1451
2.14325
2.1282
2.12672
2.12672
2.11081
2.11081
2.11081
2.09704
2.09704
2.09704
2.09215
2.08326
2.0586
2.0586
2.0586
2.0586
2.04478
2.04478
2.04469
2.0378
2.0378
2.02631
2.02467
2.01649
2.01649
1.99638
1.99619
1.99337
1.99337
1.98952
1.98952
1.98952
1.98952
1.97836
1.97836
1.97553
1.97147
1.96113
1.96113
1.95665
1.95529
1.95529
1.95439
1.94347
1.94347
1.94347
1.93913
1.93375
1.93375
1.92494
1.92494
1.92494
1.92181
1.92181
1.91233
1.91233
1.90789
1.90789
1.90789
1.90789
1.90666
1.90666
1.90666
1.9043
1.90382
1.90391
1.90019
1.90019
1.90019
1.90019
1.88728
1.88728
1.88535
1.88535
1.88535
1.88252
1.88252
1.88252
1.88015
1.87446
1.87377
1.87254
1.87147
1.86826
1.86815
1.85534
1.85534
1.85534
1.85534
1.85534
1.85105
1.85105
1.84971
1.84971
1.84971
1.84864
1.84864
1.84864
1.84543
1.83876
1.83876
1.83876
1.83876
1.83876
1.83876
1.82982
1.82982
1.82824
1.82824
1.82001
1.81895
1.81895
1.81888
1.81888
1.81888
1.81836
1.81684
1.81684
1.81684
1.81684
1.81479
1.81479
1.81479
1.8132
1.8132
1.81169
1.80961
1.80961
1.80164
1.80164
1.79164
1.79164
1.79164
1.79164
1.79164
1.79164
1.79164
1.77898
1.77898
1.77758
1.77758
1.76067
1.76067
1.76067
1.76067
1.76067
1.76067
1.76067
1.75794
1.7564
1.755
1.75137
1.75137
1.75137
1.74736
1.74736
1.74736
1.74736
1.74736
1.74736
1.74736
1.74736
1.74736
1.74736
1.74736
1.74736
1.74736
1.74552
1.74552
1.74552
1.74552
1.74552
1.74038
1.74038
1.74038
1.74038
1.74038
1.74038
1.74038
1.73854
1.73854
1.73854
1.73854
1.73729
1.73729
1.73476
1.73476
1.73476
1.73476
1.73031
1.73031
1.72984
1.72984
1.72984
1.71459
1.71459
1.71323
1.71323
1.71323
1.70806
1.70806
1.70806
1.70806
1.706
1.69349
1.69349
1.66561
1.66561
1.65863
1.65863
1.65863
1.65863
1.65863
1.65863
1.65722
1.65009
1.65009
1.65009
1.65009
1.65009
1.64962
1.6364
1.6364
1.6364
1.6364
1.6364
1.62952
1.62952
1.62952
1.62952
1.62806
1.62712
1.62712
1.62666
1.62666
1.62666
1.62666
1.62666
1.62666
1.62666
1.6263
1.6263
1.6263
1.6263
1.6263
1.6263
1.6263
1.6263
1.62555
1.62555
1.62555
1.61715
1.61715
1.61679
1.61679
1.61679
1.61679
1.61679
1.61679
1.6164
1.61632
1.61331
1.61331
1.61256
1.6084
1.59677
1.59677
1.59677
1.59677
1.59677
1.59677
1.59677
1.59677
1.59677
1.59631
1.59631
1.59499
1.59499
1.59334
1.59078
1.59078
1.59003
1.58911
1.58911
1.58911
1.58911
1.58911
1.58402
1.58236
1.58236
1.58236
1.58236
1.57635
1.57635
1.57635
1.57635
1.57635
1.57635
1.57635
1.57505
1.57175
1.5713
1.57121
1.57041
1.57041
1.57041
1.57041
1.56943
1.56911
1.56911
1.56866
1.56866
1.56866
1.56866
1.56866
1.56866
1.56866
1.56866
1.56866
1.56866
1.56866
1.56866
1.56866
1.56866
1.56866
1.56866
1.5645
1.5645
1.55101
1.55101
1.55101
1.55101
1.55101
1.55085
1.55085
1.54849
1.54668
1.54668
1.54668
1.54432
1.54416
1.54416
1.54416
1.54416
1.54416
1.54416
1.54355
1.53325
1.53309
1.53309
1.53309
1.53232
1.53232
1.53232
1.53232
1.53232
1.53232
1.53232
1.53232
1.53232
1.52829
1.52829
1.52829
1.52829
1.52829
1.52829
1.52638
1.52638
1.51031
1.51031
1.50993
1.50993
1.50993
1.50993
1.50108
1.50091
1.49545
1.49545
1.49528
1.49528
1.49528
1.49528
1.49528
1.49528
1.4895
1.48913
1.48775
1.48105
1.48068
1.46472
1.46472
1.46434
1.45557
1.45557
1.45557
1.45557
1.45506
1.45506
1.45147
1.45147
1.45147
1.45147
1.45147
1.45147
1.44136
1.44136
1.44136
1.43375
1.43375
1.43375
1.43375
1.43375
1.43375
1.43375
1.43375
1.43375
1.43375
1.43375
1.43375
1.43375
1.43375
1.43375
1.43362
1.43362
1.43362
1.43362
1.43362
1.43362
1.43362
1.43362
1.43362
1.43362
1.43362
1.43362
1.43362
1.43362
1.43306
1.43182
1.43182
1.43182
1.43182
1.43182
1.43182
1.43182
1.43047
1.43047
1.43047
1.43047
1.43047
1.43047
1.43047
1.43047
1.43047
1.4286
1.4286
1.4286
1.4286
1.4286
1.4286
1.4286
1.4244
1.4244
1.4244
1.42332
1.42282
1.4226
1.42211
1.42211
1.42211
1.42153
1.42153
1.42153
1.42153
1.42153
1.42153
1.42153
1.42153
1.42153
1.42153
1.42153
1.42153
1.42153
1.42153
1.42153
1.42153
1.42153
1.42027
1.4192
1.4192
1.4192
1.4192
1.40911
1.40911
1.40911
1.40911
1.40911
1.40911
1.40911
1.40911
1.40911
1.40911
1.40911
1.40911
1.40156
1.40156
1.40156
1.40156
1.37853
1.37853
1.37853
1.3761
1.36845
1.3661
1.3661
1.3661
1.36075
1.36075
1.36075
1.36075
1.36075
1.36075
1.36075
1.36075
1.36064
1.36064
1.3522
1.3522
1.3522
1.3522
1.3522
1.3522
1.3522
1.3522
1.3522
1.3522
1.3522
1.3522
1.34459
1.34459
1.34459
1.34459
1.34459
1.34459
1.34459
1.34459
1.34459
1.34459
1.34459
1.34459
1.34459
1.34459
1.34459
1.34459
1.34459
1.34459
1.34459
1.34459
1.34459
1.34459
1.34459
1.34459
1.34459
1.34459
1.34459
1.34459
1.34459
1.34459
1.34459
1.34459
1.34459
1.34459
1.34209
1.34209
1.34209
1.34209
1.34209
1.34209
1.34209
1.34209
1.34209
1.34209
1.34209
1.34209
1.34209
1.34209
1.34209
1.34209
1.34209
1.34209
1.34209
1.34209
1.34209
1.34209
1.34209
1.34209
1.34209
1.34209
1.34209
1.34209
1.34209
1.34209
1.34209
1.34209
1.34138
1.34138
1.34138
1.34121
1.34121
1.34121
1.34121
1.34121
1.34121
1.34121
1.34121
1.34121
1.34121
1.34121
1.34121
1.34121
1.34121
1.34121
1.34121
1.34121
1.34121
1.34121
1.34121
1.34121
1.34121
1.34121
1.34121
1.34121
1.34121
1.34121
1.34121
1.34121
1.34121
1.34121
1.34121
1.34121
1.34121
1.34121
1.34121
1.34121
1.34121
1.34121
1.34121
1.34121
1.34121
1.34121
1.34121
1.34121
1.34121
1.34121
1.34121
1.34121
1.34121
1.34121
1.34121
1.34121
1.34121
1.34121
1.34121
1.34121
1.34121
1.34121
1.34121
1.34121
1.34121
1.34121
1.34121
1.34121
1.34121
1.34121
1.34121
1.34121
1.34121
1.34121
1.34121
1.34121
1.34121
1.34121
1.34121
1.34121
1.34121
1.34121
1.34121
1.34121
1.34121
1.34121
1.34121
1.34121
1.34121
1.34121
1.34121
1.34121
1.34121
1.34121
1.34121
1.34121
1.34121
1.34121
1.34121
1.34121
1.34121
1.34121
1.34121
1.34121
1.34121
1.34121
1.34121
1.34121
1.34121
1.34121
1.34121
1.34121
1.34121
1.34121
1.34121
1.34121
1.34121
1.34121
1.34121
1.34121
1.34121
1.34121
1.34121
1.34121
1.34121
1.34121
1.34121
1.34121
1.34121
1.34121
1.34121
1.34121
1.34121
1.34121
1.34121
1.34121
1.34121
1.34121
1.34121
1.34121
1.34121
1.34121
1.34121
1.34121
1.34121
1.34121
1.34121
1.34121
1.34121
1.34121
1.34121
1.34121
1.34121
1.34121
1.34121
1.34121
1.34121
1.34121
1.34121
1.34121
1.34121
1.34121
1.34121
1.34121
1.34121
1.34121
1.34121
1.34121
1.34121
1.34121
1.34121
1.34121
1.34121
1.34121
1.34121
1.34121
1.34066
1.34066
1.34066
1.34066
1.34066
1.34066
1.34066
1.34066
1.34066
1.34066
1.34066
1.34066
1.34066
1.34066
1.34066
1.34066
1.34066
1.34066
1.34066
1.34066
1.34066
1.34066
1.34066
1.34066
1.34066
1.34066
1.34066
1.34066
1.34066
1.34066
1.34066
1.34066
1.34066
1.34066
1.34066
1.34066
1.34066
1.34066
1.34066
1.34066
1.34066
1.34066
1.34066
1.34066
1.34066
1.34066
1.34066
1.34066
1.34066
1.34066
1.34066
1.34066
1.34066
1.34066
1.34066
1.34066
1.34066
1.34066
1.34066
1.34066
1.34066
1.34066
1.34066
1.34066
1.34066
1.34066
1.34066
1.34066
1.34066
1.34066
1.34066
1.34066
1.33888
1.33888
1.33888
1.33888
1.33888
1.33888
1.33888
1.33888
1.33888
1.33331
1.33331
1.33331
1.33331
1.33331
1.33152
1.33152
1.33152
1.33152
1.33152
1.33152
1.33152
1.33152
1.33152
1.33152
1.33152
1.33152
1.33152
1.33152
1.33152
1.33152
1.33152
1.33152
1.33152
1.33152
1.33152
1.33152
1.33152
1.33152
1.33152
1.33152
1.33152
1.33152
1.33152
1.33152
1.33152
1.33152
1.33152
1.33152
1.33152
1.33152
1.33152
1.33152
1.33152
1.33152
1.33152
1.33152
1.33152
1.33152
1.33152
1.33152
1.33152
1.33152
1.33152
1.33152
1.33152
1.33152
1.33152
1.33152
1.33152
1.33152
1.33152
1.33152
1.33152
1.33152
1.33152
1.33152
1.33152
1.33152
1.33152
1.33152
1.33152
1.33152
1.33152
1.33152
1.33152
1.33152
1.33152
1.33152
1.33152
1.33152
1.33152
1.33152
1.33152
1.33152
1.33152
1.33152
1.33152
1.33152
1.33152
1.33152
1.33152
1.33152
1.33152
1.33152
1.33152
1.33152
1.33152
1.33152
1.33152
1.33152
1.33152
1.33152
1.33152
1.33152
1.33152
1.33152
1.32606
1.32606
1.32606
1.32606
1.32606
1.32606
1.32606
1.32606
1.32606
1.32606
1.32606
1.32606
1.32606
1.32606
1.32606
1.32606
1.32606
1.32606
1.32606
1.32606
1.32606
1.32606
1.32606
1.32606
1.32606
1.32606
1.32606
1.32606
1.32606
1.32606
1.32606
1.32606
1.32606
1.32606
1.32606
1.32606
1.32606
1.32606
1.32606
1.32606
1.32606
1.32606
1.32606
1.32606
1.32606
1.32606
1.32606
1.32606
1.32606
1.32606
1.32606
1.32606
1.32606
1.32606
1.32606
1.32606
1.32606
1.32606
1.32606
1.32606
1.32606
1.32606
1.32606
1.32606
1.32606
1.32606
1.32606
1.32606
1.32606
1.32606
1.32606
1.32606
1.32606
1.32606
1.32606
1.32606
1.32606
1.32606
1.32606
1.32606
1.32606
1.32606
1.32606
1.32606
1.32606
1.32606
1.32606
1.32606
1.32606
1.32606
1.32606
1.32606
1.32606
1.32606
1.32606
1.32341
1.32341
1.32341
1.32341
1.32341
1.32341
1.32341
1.32341
1.32341
1.32341
1.32341
1.32341
1.32341
1.32341
1.32341
1.32341
1.32341
1.32341
1.32341
1.32341
1.32341
1.32341
1.32341
1.32341
1.32341
1.32341
1.32341
1.32341
1.32341
1.32341
1.32341
1.32341
1.32341
1.32341
1.32341
1.32341
1.32341
1.32341
1.32341
1.32341
1.32341
1.32341
1.32341
1.32341
1.32341
1.32341
1.32341
1.32341
1.32341
1.32341
1.32341
1.32341
1.32341
1.32341
1.32341
1.32341
1.32341
1.32341
1.32341
1.32341
1.32341
1.32341
1.32341
1.32341
1.32341
1.32341
1.32341
1.32341
1.32341
1.32341
1.32341
1.32341
1.32341
1.32341
1.32341
1.32341
1.32341
1.32341
1.32341
1.32341
1.32341
1.32341
1.32341
1.32341
1.32341
1.32341
1.32341
1.32341
1.32341
1.32341
1.32341
1.32341
1.32341
1.32341
1.32341
1.32341
1.32341
1.32341
1.32341
1.32341
1.32341
1.32341
1.32341
1.32341
1.32341
1.32341
1.32341
1.32341
1.32341
1.32341
1.32341
1.32341
1.32341
1.32341
1.32341
1.32341
1.32341
1.32341
1.32341
1.32341
1.32341
1.32341
1.32341
1.32341
1.32341
1.32341
1.32341
1.32341
1.32341
1.32341
1.32341
1.32341
1.32341
1.32341
1.32341
1.32341
1.32341
1.32341
1.32341
1.32341
1.32341
1.32341
1.32341
1.32341
1.32341
1.32341
1.32341
1.32341
1.32341
1.32341
1.32341
1.32341
1.32341
1.32341
1.32341
1.32341
1.32341
1.32341
1.32341
1.32341
1.32341
1.32341
1.32341
1.32341
1.32341
1.32341
1.32341
1.32341
1.32341
1.32341
1.32341
1.32341
1.32341
1.32341
1.32341
1.32341
1.32341
1.32341
1.32341
1.32341
1.32341
1.32341
1.32341
1.32341
1.32341
1.32341
1.32341
1.32341
1.32341
1.32341
1.32341
1.32341
1.32341
1.32341
1.32341
1.32341
1.32341
1.32341
1.32341
1.32341
1.32341
1.32341
1.32341
1.32341
1.32341
1.32341
1.32341
1.32341
1.32341
1.32341
1.32341
1.32341
1.32341
1.32341
1.32341
1.32341
1.32341
1.32341
1.32341
1.32341
1.32341
1.32341
1.32341
1.32341
1.32341
1.32341
1.32341
1.32341
1.32341
1.32341
1.32341
1.32341
1.32341
1.32341
1.32341
1.32341
1.32341
1.32341
1.32341
1.32341
1.32341
1.32341
1.32341
1.32341
1.32341
1.32341
1.32341
1.32341
1.32341
1.32341
1.32341
1.32341
1.32341
1.32341
1.32341
1.32341
1.32341
1.32341
1.32341
1.32341
1.32341
1.32341
1.32341
1.32341
1.32341
1.32341
1.32341
1.32341
1.32341
1.32341
1.32341
1.32341
1.32341
1.32341
1.32341
1.32341
1.32341
1.32341
1.32341
1.32341
1.32341
1.32341
1.32341
1.32341
1.32341
1.32341
1.32341
1.32341
1.32341
1.32341
1.32341
1.32341
1.32341
1.32341
1.32341
1.32341
1.32341
1.32341
1.32341
1.32341
1.32341
1.32341
1.32341
1.32341
1.32341
1.32341
1.32341
1.32341
1.32341
1.32341
1.32341
1.32341
1.32341
1.32341
1.32341
1.32341
1.32341
1.32341
1.32341
1.32341
1.32341
1.32341
1.32341
1.32341
1.32341
1.32341
1.32341
1.32341
1.32341
1.32341
1.32341
1.32341
1.32341
1.32341
1.32341
1.32341
1.32341
1.32341
1.32341
1.32341
1.32341
1.32341
1.32341
1.32341
1.32341
1.32341
1.32341
1.32341
1.32341
1.32341
1.32341
1.32341
1.32341
1.32341
1.32341
1.32341
1.32341
1.32341
1.32341
1.32341
1.32341
1.32341
1.32341
1.32341
1.32341
1.32341
1.32341
1.32341
1.32341
1.32341
1.32341
1.32341
1.32341
1.32341
1.32341
1.32341
1.32341
1.32341
1.32341
1.32341
1.32341
1.32341
1.32341
1.32341
1.32341
1.32341
1.32341
1.32341
1.32341
1.3229
1.3229
1.3229
1.3229
1.3229
1.3229
1.3229
1.3229
1.3229
1.3229
1.3229
1.3229
1.3229
1.3229
1.3229
1.3229
1.3229
1.3229
1.3229
1.31998
1.31998
1.31998
1.31998
1.31998
1.31998
1.31998
1.31998
1.31998
1.31998
1.31998
1.31998
1.31998
1.31998
1.31998
1.31998
1.31998
1.31998
1.31998
1.3141
1.3141
1.3141
1.3141
1.3141
1.3141
1.3141
1.31385
1.31385
1.31385
1.31385
1.31385
1.31385
1.31385
1.31385
1.31385
1.31385
1.31385
1.31385
1.31385
1.31385
1.31385
1.31385
1.31385
1.31385
1.31385
1.31385
1.31385
1.31385
1.31385
1.31385
1.31385
1.31385
1.31385
1.31385
1.31385
1.31385
1.31385
1.31385
1.31385
1.31385
1.31385
1.31385
1.31385
1.31385
1.31385
1.31385
1.31385
1.31385
1.31385
1.31385
1.31385
1.31385
1.31385
1.31385
1.31385
1.31385
1.31385
1.31385
1.31385
1.31385
1.31385
1.31385
1.31385
1.31385
1.31385
1.31385
1.31385
1.31385
1.31385
1.31385
1.31385
1.31385
1.31385
1.31385
1.31385
1.31385
1.31385
1.31385
1.31385
1.31385
1.31385
1.31385
1.31385
1.31385
1.31385
1.31385
1.31385
1.31385
1.31385
1.31385
1.31385
1.31385
1.31385
1.31385
1.31385
1.31385
1.31385
1.31385
1.31385
1.31385
1.31385
1.31385
1.31385
1.31385
1.31385
1.31385
1.31385
1.31385
1.31385
1.31385
1.31385
1.31385
1.31385
1.31385
1.31385
1.31385
1.31385
1.31385
1.31385
1.31385
1.31385
1.31385
1.31385
1.31385
1.31385
1.31221
1.31221
1.31221
1.31221
1.31221
1.31221
1.31221
1.31221
1.31221
1.31221
1.31221
1.31215
1.31215
1.31215
1.31215
1.31215
1.31215
1.31215
1.31215
1.31215
1.31215
1.31215
1.31215
1.31215
1.31215
1.31215
1.31215
1.31215
1.31215
1.31215
1.31215
1.31215
1.31215
1.31215
1.31215
1.31215
1.31215
1.31215
1.31215
1.31215
1.31215
1.31215
1.31215
1.31215
1.31215
1.31215
1.31215
1.31215
1.31215
1.31215
1.31215
1.31215
1.31215
1.31215
1.31215
1.31215
1.31215
1.31215
1.31215
1.31215
1.31215
1.31215
1.31215
1.31215
1.31215
1.31215
1.31215
1.31215
1.31215
1.31215
1.31215
1.31215
1.31215
1.31215
1.31215
1.31215
1.31215
1.31215
1.31215
1.31215
1.31215
1.31215
1.31215
1.31215
1.31215
1.31215
1.31215
1.31215
1.31215
1.31215
1.31215
1.31215
1.31215
1.31215
1.31215
1.31215
1.31215
1.31215
1.31215
1.31215
1.31215
1.31215
1.31215
1.31215
1.31215
1.31215
1.31215
1.31215
1.31215
1.31031
1.31031
1.3081
1.3081
1.3081
1.3081
1.3081
1.3081
1.3081
1.3081
1.3081
1.3081
1.3081
1.3081
1.3081
1.3081
1.3081
1.3081
1.3081
1.3081
1.3081
1.3081
1.3081
1.3081
1.3081
1.3081
1.3081
1.3081
1.3081
1.3081
1.3081
1.3081
1.30525
1.30525
1.30525
1.30525
1.30525
1.30525
1.30525
1.30525
1.30525
1.30525
1.30525
1.30525
1.30525
1.30525
1.30525
1.30525
1.30525
1.30525
1.30525
1.30525
1.30525
1.30525
1.30525
1.30525
1.30525
1.30525
1.30525
1.30525
1.30525
1.30525
1.30525
1.30525
1.30525
1.30525
1.30525
1.30525
1.30525
1.30525
1.30525
1.30525
1.30525
1.30525
1.30525
1.30525
1.30525
1.30525
1.30525
1.30525
1.30525
1.30525
1.30525
1.30525
1.30525
1.30525
1.30525
1.30525
1.30525
1.30525
1.30525
1.30525
1.30525
1.30525
1.30525
1.30525
1.30525
1.30525
1.30525
1.30525
1.30525
1.30525
1.30525
1.30525
1.30525
1.30525
1.30525
1.30525
1.30525
1.30525
1.30525
1.30525
1.30525
1.30525
1.30525
1.30525
1.30525
1.30438
1.30438
1.30438
1.30438
1.30438
1.30438
1.30438
1.30438
1.3043
1.3043
1.3043
1.3043
1.3043
1.3043
1.30424
1.30424
1.30424
1.30424
1.30424
1.30424
1.30424
1.30424
1.30424
1.30424
1.30363
1.30348
1.30348
1.30348
1.30348
1.30348
1.30348
1.30348
1.30348
1.30348
1.30348
1.30294
1.30294
1.30294
1.30294
1.30294
1.30294
1.30294
1.30294
1.30294
1.30294
1.30294
1.30294
1.30294
1.30294
1.30294
1.30294
1.30294
1.30294
1.30294
1.30288
1.30288
1.30288
1.30288
1.30288
1.30288
1.30288
1.30288
1.30288
1.30046
1.30046
1.30046
1.30046
1.30046
1.30046
1.30043
1.30043
1.30043
1.30043
1.30043
1.30043
1.30043
1.30043
1.30043
1.30043
1.30043
1.3004
1.30036
1.30036
1.30036
1.30036
1.30036
1.30036
1.30036
1.30036
1.30036
1.30036
1.30036
1.30036
1.30036
1.30036
1.30036
1.30036
1.30036
1.30036
1.30036
1.30036
1.30036
1.30036
1.30036
1.30036
1.30036
1.30036
1.30036
1.30036
1.30036
1.30036
1.30036
1.30036
1.30036
1.30036
1.30036
1.29676
1.29676
1.29676
1.29672
1.29672
1.29672
1.29672
1.29672
1.29672
1.29672
1.29665
1.29665
1.29665
1.29665
1.29665
1.29665
1.29665
1.29665
1.29665
1.29665
1.29665
1.29665
1.29665
1.29665
1.29665
1.29665
1.29665
1.29665
1.29665
1.29665
1.29665
1.29665
1.29665
1.29665
1.29665
1.29665
1.29665
1.29665
1.29665
1.29665
1.29665
1.29665
1.29665
1.29665
1.29665
1.29665
1.29665
1.29665
1.29665
1.29665
1.29665
1.29665
1.29665
1.29665
1.29665
1.29665
1.29665
1.29665
1.29665
1.29665
1.29665
1.29665
1.29665
1.29665
1.29665
1.29665
1.29665
1.29665
1.29665
1.29665
1.29665
1.29665
1.29665
1.29665
1.29665
1.29665
1.29665
1.29665
1.29665
1.29665
1.29665
1.29665
1.29665
1.29665
1.29665
1.29665
1.29665
1.29665
1.29665
1.29665
1.29665
1.29665
1.29665
1.29665
1.29665
1.29665
1.29665
1.29665
1.29665
1.29665
1.29665
1.29665
1.29665
1.29665
1.29665
1.29665
1.29665
1.29665
1.29665
1.29665
1.29665
1.29665
1.29665
1.29665
1.29665
1.29665
1.29665
1.29427
1.29427
1.29423
1.29423
1.29423
1.29423
1.29423
1.29423
1.29423
1.29423
1.29423
1.29423
1.29423
1.29423
1.29423
1.29423
1.29423
1.29423
1.29423
1.29423
1.29423
1.29423
1.29423
1.29423
1.29423
1.29423
1.29423
1.29423
1.29423
1.29423
1.29423
1.29411
1.29411
1.29411
1.29411
1.29411
1.29411
1.29411
1.29411
1.29411
1.29411
1.29411
1.29411
1.29411
1.29411
1.29411
1.29411
1.29411
1.29411
1.29411
1.29411
1.29374
1.29374
1.29374
1.29374
1.29374
1.29374
1.29374
1.29374
1.29374
1.29374
1.29374
1.29374
1.29374
1.29374
1.29374
1.29374
1.29374
1.29374
1.29374
1.29374
1.29374
1.29374
1.29374
1.29374
1.29374
1.29374
1.29374
1.29374
1.29374
1.29374
1.29374
1.29374
1.29374
1.29374
1.29374
1.29374
1.29374
1.29374
1.29374
1.29374
1.29374
1.29374
1.29374
1.29374
1.29374
1.29374
1.29374
1.29374
1.29374
1.29374
1.29374
1.29374
1.29374
1.29374
1.29374
1.29374
1.29374
1.29374
1.29374
1.29374
1.29374
1.29374
1.29374
1.29374
1.29374
1.29374
1.29374
1.29374
1.29374
1.29374
1.29213
1.29213
1.29213
1.29213
1.29213
1.29213
1.29213
1.29213
1.29196
1.29196
1.29196
1.29196
1.29196
1.29196
1.29193
1.29193
1.29193
1.29193
1.29193
1.29193
1.29193
1.29193
1.29193
1.29193
1.29193
1.29193
1.29193
1.29193
1.29177
1.29177
1.29177
1.29098
1.29098
1.29071
1.29071
1.29071
1.29071
1.29071
1.29071
1.29071
1.29071
1.29071
1.29071
1.29071
1.29071
1.29071
1.29071
1.29071
1.29043
1.29022
1.29022
1.29022
1.29022
1.29022
1.29022
1.29022
1.29022
1.29022
1.29022
1.29022
1.29022
1.29022
1.29022
1.29022
1.29022
1.29022
1.29022
1.29022
1.29022
1.29022
1.29022
1.29022
1.29022
1.29022
1.29022
1.29022
1.29022
1.29022
1.29022
1.29022
1.29022
1.29022
1.29022
1.29022
1.29022
1.29022
1.29022
1.29022
1.29022
1.29022
1.29022
1.29022
1.29022
1.29022
1.29022
1.29022
1.29022
1.29022
1.29022
1.29022
1.29022
1.29022
1.29022
1.29022
1.29022
1.29022
1.29022
1.29022
1.29022
1.29022
1.29022
1.29022
1.29022
1.29022
1.29022
1.29022
1.29022
1.29022
1.29022
1.29022
1.29022
1.29022
1.29022
1.29022
1.29022
1.29022
1.29022
1.29022
1.29022
1.29022
1.29022
1.29022
1.29022
1.29022
1.29022
1.29022
1.29022
1.29022
1.29022
1.29022
1.29022
1.29022
1.29022
1.29022
1.29022
1.29022
1.29022
1.2892
1.2892
1.28866
1.28866
1.28816
1.28789
1.28789
1.28687
1.28687
1.28687
1.28687
1.28687
1.28687
1.28687
1.28687
1.28687
1.28612
1.28612
1.28612
1.28612
1.28509
1.28509
1.28509
1.28509
1.28509
1.28509
1.28324
1.28324
1.28292
1.28292
1.28292
1.28292
1.28163
1.28163
1.28163
1.28163
1.28163
1.28163
1.28163
1.28163
1.28163
1.28163
1.28163
1.28163
1.28163
1.28163
1.28163
1.28163
1.28163
1.28163
1.28163
1.28163
1.28163
1.28163
1.28163
1.28163
1.28163
1.28163
1.28163
1.28163
1.28163
1.27688
1.27688
1.27688
1.27688
1.27688
1.27688
1.27688
1.27688
1.27688
1.27688
1.27688
1.27688
1.27688
1.27688
1.27688
1.27688
1.27688
1.27688
1.27688
1.27688
1.27688
1.27688
1.27688
1.27688
1.27688
1.27688
1.27688
1.27688
1.27688
1.27688
1.27688
1.27688
1.27688
1.27688
1.27688
1.27688
1.27688
1.27688
1.27688
1.27688
1.27688
1.27688
1.27688
1.27688
1.27688
1.27688
1.27688
1.27688
1.27688
1.27688
1.27688
1.27688
1.27688
1.27688
1.27688
1.27688
1.27688
1.27688
1.27688
1.27688
1.27688
1.27688
1.27688
1.27688
1.27688
1.2761
1.2761
1.2761
1.2761
1.2761
1.2761
1.2761
1.2761
1.2761
1.2761
1.2761
1.2761
1.2761
1.2761
1.2761
1.2761
1.2761
1.2761
1.2761
1.2761
1.2761
1.2761
1.2761
1.2761
1.2761
1.2761
1.2761
1.2761
1.2761
1.2761
1.2761
1.2761
1.2761
1.2761
1.2761
1.2761
1.2761
1.2761
1.2761
1.2761
1.2761
1.2761
1.2761
1.2761
1.2761
1.2761
1.2761
1.2761
1.2761
1.2761
1.2761
1.2761
1.2761
1.2761
1.2761
1.2761
1.27274
1.27274
1.27274
1.27274
1.27274
1.27243
1.27243
1.27243
1.27243
1.27243
1.27243
1.27243
1.27243
1.27243
1.27243
1.27243
1.27243
1.27243
1.27243
1.27243
1.27243
1.27243
1.27243
1.27243
1.27243
1.27243
1.27243
1.27243
1.27243
1.27243
1.27243
1.27243
1.27243
1.27243
1.27243
1.27243
1.27243
1.27243
1.27243
1.27243
1.27243
1.27243
1.27243
1.27243
1.27243
1.27243
1.27243
1.27243
1.27243
1.27243
1.27243
1.27243
1.27243
1.27243
1.27243
1.27243
1.27243
1.27243
1.27243
1.27243
1.27243
1.27243
1.27243
1.27243
1.27243
1.26883
1.26883
1.26883
1.26883
1.26883
1.26883
1.2667
1.26654
1.26654
1.26654
1.26654
1.26654
1.26654
1.26654
1.26654
1.26654
1.26654
1.26654
1.26654
1.26654
1.25624
1.25624
1.23534
1.23534
1.23175
1.23175
1.22945
1.22945
1.22633
1.22403
1.22403
1.22403
1.22403
1.22403
1.22403
1.22403
1.22403
1.22403
1.22403
1.22403
1.22403
1.22403
1.22403
1.22403
1.22403
1.22403
1.22403
1.22403
1.22403
1.22403
1.22403
1.22403
1.22403
1.22403
1.22403
1.22403
1.22403
1.22403
1.22403
1.22403
1.22403
1.22403
1.22403
1.22403
1.22403
1.22403
1.22403
1.22403
1.22403
1.22403
1.22403
1.22403
1.22403
1.22403
1.22403
1.22403
1.22403
1.22403
1.22403
1.22403
1.22403
1.22403
1.22403
1.22403
1.22403
1.22403
1.22403
1.22403
1.22403
1.22403
1.22403
1.22403
1.22403
1.22403
1.22403
1.22403
1.22403
1.22403
1.22403
1.22403
1.22403
1.22403
1.22403
1.22403
1.22403
1.22403
1.22403
1.22403
1.22403
1.22403
1.22403
1.22403
1.22403
1.22403
1.22403
1.22403
1.22403
1.22403
1.22403
1.22403
1.22403
1.22403
1.22403
1.22403
1.22403
1.22403
1.22403
1.22403
1.22403
1.22403
1.22403
1.22403
1.22403
1.22403
1.22403
1.22403
1.22403
1.22403
1.22403
1.22403
1.22403
1.22403
1.22403
1.22403
1.22403
1.22403
1.22403
1.22403
1.22403
1.22403
1.22403
1.22403
1.22403
1.22403
1.22403
1.22403
1.22403
1.22403
1.22403
1.22403
1.22403
1.22403
1.22403
1.22403
1.22403
1.22403
1.22403
1.21934
1.21934
1.21934
1.21934
1.21934
1.21934
1.21934
1.21934
1.21934
1.21934
1.21934
1.21934
1.21934
1.21925
1.21925
1.21925
1.21925
1.21925
1.21925
1.21498
1.21498
1.21476
1.21476
1.21476
1.21476
1.21476
1.21476
1.21476
1.21476
1.21222
1.21222
1.21222
1.20561
1.20561
1.20561
1.20561
1.20561
1.20561
1.20561
1.20561
1.20561
1.20561
1.20561
1.20561
1.20561
1.20561
1.20561
1.20561
1.20561
1.20561
1.20561
1.20561
1.20561
1.20561
1.20561
1.20175
1.20175
1.20175
1.20175
1.20175
1.20175
1.20175
1.20175
1.20175
1.20175
1.20175
1.20175
1.20175
1.20175
1.20175
1.20175
1.20175
1.20175
1.20175
1.20175
1.20114
1.20114
1.20114
1.20114
1.20114
1.20114
1.20114
1.20114
1.20114
1.20114
1.20114
1.20114
1.20114
1.20114
1.20114
1.20114
1.20114
1.20114
1.20114
1.20114
1.20114
1.20114
1.20114
1.20114
1.20114
1.20114
1.20114
1.20114
1.20114
1.20114
1.20114
1.20114
1.20114
1.20114
1.20114
1.20114
1.20114
1.20114
1.20114
1.20114
1.20114
1.20114
1.20114
1.20114
1.20114
1.20114
1.20114
1.20114
1.20114
1.20114
1.20114
1.20114
1.20114
1.20114
1.20114
1.20114
1.20114
1.20114
1.20114
1.20114
1.20114
1.20114
1.20114
1.20114
1.20114
1.20114
1.20114
1.20114
1.20114
1.20114
1.20114
1.20114
1.20114
1.20114
1.20114
1.20114
1.20114
1.20114
1.20114
1.20114
1.20114
1.20114
1.20114
1.20114
1.20114
1.20114
1.20114
1.20114
1.20114
1.20114
1.20114
1.20114
1.20114
1.20114
1.20114
1.20114
1.20114
1.20114
1.20114
1.20114
1.20114
1.20114
1.20114
1.20114
1.20114
1.20114
1.20114
1.20114
1.20114
1.20114
1.20114
1.20114
1.20114
1.20114
1.20114
1.20114
1.20114
1.20114
1.20114
1.20114
1.20114
1.20114
1.20114
1.20111
1.20111
1.20111
1.20111
1.20111
1.20111
1.20111
1.20111
1.20111
1.20111
1.20111
1.20111
1.20111
1.20111
1.20111
1.20111
1.20111
1.20111
1.20111
1.20111
1.20111
1.20069
1.20069
1.20069
1.20069
1.20069
1.20069
1.20069
1.20069
1.20069
1.20069
1.20069
1.20069
1.20059
1.20059
1.20059
1.20059
1.20059
1.20059
1.20059
1.20059
1.20059
1.20059
1.20059
1.20059
1.20059
1.20059
1.20059
1.20059
1.20059
1.20059
1.20059
1.20059
1.20059
1.20059
1.20059
1.20059
1.20059
1.20059
1.20042
1.20042
1.20042
1.20042
1.20042
1.20042
1.20042
1.20042
1.20042
1.20042
1.20042
1.20042
1.20042
1.20042
1.20042
1.20042
1.20042
1.20042
1.20042
1.20042
1.20042
1.20042
1.19676
1.19676
1.19676
1.1965
1.1965
1.1965
1.1965
1.1965
1.1965
1.1965
1.1965
1.1965
1.1965
1.1965
1.1965
1.1965
1.1965
1.1965
1.1965
1.1965
1.1965
1.1965
1.1965
1.1965
1.1965
1.1965
1.1965
1.1965
1.1965
1.1965
1.1965
1.1965
1.1965
1.1965
1.1965
1.1965
1.1965
1.1965
1.1965
1.1965
1.1965
1.1965
1.1965
1.1965
1.1965
1.1965
1.1965
1.1965
1.1965
1.1965
1.1965
1.1965
1.1965
1.1965
1.1965
1.1965
1.1965
1.1965
1.1965
1.1965
1.1965
1.1965
1.1965
1.1965
1.1965
1.1965
1.1965
1.1965
1.1965
1.1965
1.1965
1.1965
1.1965
1.1965
1.1965
1.1965
1.1965
1.1965
1.1965
1.1965
1.1965
1.1965
1.1965
1.1965
1.1965
1.1965
1.1965
1.1965
1.1965
1.1965
1.1965
1.1965
1.1965
1.1965
1.1965
1.1965
1.1965
1.1965
1.1965
1.1965
1.1965
1.1965
1.1965
1.1965
1.1965
1.1965
1.1965
1.1965
1.1965
1.1965
1.1965
1.1965
1.1965
1.1965
1.1965
1.1965
1.1965
1.1965
1.1965
1.1965
1.1965
1.1965
1.1965
1.1965
1.1965
1.1965
1.1965
1.1965
1.1965
1.1965
1.1965
1.1965
1.1965
1.1965
1.1965
1.1965
1.1965
1.1965
1.1965
1.1965
1.1965
1.1965
1.1965
1.1965
1.1965
1.1965
1.1965
1.1965
1.1965
1.1965
1.1965
1.1965
1.1965
1.1965
1.1965
1.1965
1.1965
1.1965
1.1965
1.1965
1.1965
1.1965
1.1965
1.1965
1.1965
1.1965
1.1965
1.1965
1.1965
1.1965
1.1965
1.19429
1.19429
1.19429
1.19429
1.19429
1.19429
1.19429
1.19429
1.19429
1.19429
1.19429
1.19429
1.19429
1.19429
1.19429
1.19429
1.19429
1.19429
1.19429
1.19429
1.19429
1.19429
1.19429
1.19429
1.19429
1.19429
1.19429
1.19429
1.19429
1.19429
1.19429
1.19429
1.19429
1.19429
1.19429
1.19429
1.19429
1.19429
1.19429
1.19429
1.19429
1.19429
1.19429
1.19429
1.19429
1.19429
1.19429
1.19429
1.19429
1.19429
1.19429
1.19429
1.19429
1.19429
1.19429
1.19429
1.19429
1.19429
1.19429
1.19429
1.19429
1.19429
1.19429
1.19429
1.19429
1.19429
1.19429
1.19429
1.19429
1.19429
1.19429
1.19429
1.19429
1.19429
1.19429
1.19429
1.19429
1.19429
1.19429
1.19429
1.19429
1.19429
1.19429
1.19429
1.19429
1.19429
1.19429
1.19429
1.19429
1.19429
1.19429
1.19429
1.19429
1.19429
1.19429
1.19429
1.19429
1.19429
1.19429
1.19429
1.19429
1.19429
1.19429
1.19429
1.19429
1.19429
1.19429
1.19429
1.19429
1.19429
1.19429
1.19429
1.19429
1.19429
1.19429
1.19429
1.19429
1.19429
1.19429
1.19429
1.19429
1.19429
1.19429
1.19429
1.19429
1.19429
1.19429
1.19429
1.19429
1.19429
1.19429
1.19429
1.19429
1.19429
1.19429
1.19429
1.19429
1.19429
1.19429
1.19429
1.19429
1.19429
1.19429
1.19429
1.19429
1.19429
1.19429
1.19429
1.19429
1.19429
1.19429
1.19429
1.19429
1.19429
1.19429
1.19429
1.19429
1.19429
1.19429
1.19429
1.19429
1.19429
1.19429
1.19429
1.19429
1.19429
1.19429
1.19429
1.19429
1.19429
1.19429
1.19429
1.19429
1.19429
1.19429
1.19429
1.19429
1.19429
1.19429
1.19429
1.19429
1.19429
1.19429
1.19429
1.19429
1.19429
1.19429
1.19429
1.19429
1.19429
1.19429
1.19429
1.19429
1.19429
1.19429
1.19429
1.19429
1.19429
1.19429
1.19429
1.19429
1.19429
1.19429
1.19429
1.19429
1.19429
1.19429
1.19429
1.19429
1.19429
1.19406
1.19406
1.19406
1.19406
1.19406
1.19406
1.19406
1.19406
1.19406
1.19406
1.19406
1.19406
1.19406
1.19406
1.19406
1.19406
1.19406
1.19406
1.19406
1.19406
1.19406
1.19406
1.19406
1.19406
1.19406
1.19406
1.19406
1.19406
1.19406
1.19406
1.19406
1.19406
1.19406
1.19406
1.19406
1.19406
1.19406
1.19406
1.19406
1.19406
1.19406
1.19406
1.19406
1.19406
1.19406
1.19406
1.19406
1.19406
1.19406
1.19406
1.19406
1.19406
1.19406
1.19406
1.19406
1.19406
1.19406
1.19406
1.19406
1.19406
1.19406
1.19406
1.19406
1.19406
1.19406
1.19406
1.19406
1.19406
1.19406
1.19406
1.19406
1.19406
1.19406
1.19406
1.19054
1.19054
1.19054
1.19054
1.19054
1.18724
1.18724
1.18724
1.17802
1.17802
1.17218
1.17218
1.17218
1.17218
1.17218
1.17218
1.17218
1.17218
1.17218
1.17218
1.17218
1.17218
1.17218
1.17218
1.17218
1.17218
1.17218
1.17218
1.17218
1.17218
1.17218
1.17218
1.17218
1.17218
1.17218
1.17218
1.17218
1.17218
1.17218
1.17218
1.17218
1.17218
1.17218
1.17218
1.17218
1.17218
1.17218
1.17218
1.17218
1.17218
1.17218
1.17218
1.17218
1.17218
1.17218
1.17218
1.17218
1.17218
1.17218
1.17218
1.17218
1.17218
1.17218
1.17218
1.17218
1.17218
1.17218
1.17218
1.17218
1.17218
1.17218
1.17218
1.17218
1.17218
1.17218
1.17218
1.17218
1.17218
1.17218
1.17218
1.17218
1.17218
1.17218
1.17218
1.17218
1.17218
1.17218
1.17218
1.17218
1.17218
1.17218
1.17218
1.17218
1.17218
1.17218
1.17218
1.17218
1.17218
1.17218
1.17218
1.17218
1.17218
1.17218
1.17218
1.17218
1.17218
1.17218
1.17218
1.17218
1.17218
1.17218
1.17218
1.17218
1.17218
1.17218
1.17218
1.17218
1.17218
1.17218
1.17218
1.17218
1.17218
1.17218
1.17218
1.17218
1.17218
1.17218
1.17218
1.17218
1.17218
1.17218
1.17218
1.17218
1.17218
1.17218
1.17218
1.17218
1.17218
1.17218
1.17218
1.17218
1.17218
1.17218
1.17218
1.17218
1.17218
1.17218
1.17218
1.17218
1.17218
1.17218
1.17218
1.17218
1.17218
1.17218
1.17218
1.17218
1.17218
1.17218
1.17218
1.17218
1.17218
1.17218
1.17218
1.17218
1.17218
1.17218
1.17218
1.17218
1.17218
1.17218
1.17218
1.17218
1.17218
1.17218
1.17218
1.17218
1.17218
1.17218
1.17218
1.17218
1.17218
1.17218
1.17218
1.17218
1.17218
1.17218
1.17218
1.17218
1.17218
1.17218
1.17218
1.17218
1.17218
1.17218
1.17218
1.17218
1.17218
1.17218
1.17218
1.17218
1.17218
1.17218
1.17218
1.17218
1.17218
1.17218
1.17218
1.17218
1.17218
1.17218
1.17218
1.17218
1.17218
1.17218
1.17218
1.17218
1.17218
1.17218
1.17218
1.17218
1.17218
1.17218
1.17218
1.17218
1.17218
1.17218
1.17218
1.17218
1.17218
1.17218
1.17218
1.17218
1.17218
1.17218
1.17218
1.17218
1.17218
1.17218
1.17218
1.17218
1.17218
1.17218
1.17218
1.17218
1.17218
1.17218
1.17218
1.17218
1.17218
1.17218
1.17218
1.17218
1.17218
1.17218
1.17218
1.17218
1.17218
1.17218
1.17218
1.17218
1.17218
1.17218
1.17218
1.17218
1.17218
1.17218
1.17218
1.17218
1.17218
1.17218
1.17218
1.17218
1.17218
1.17218
1.17218
1.17218
1.17218
1.17218
1.17218
1.17218
1.17218
1.17218
1.17218
1.17218
1.17218
1.17218
1.17218
1.17218
1.17218
1.17218
1.17218
1.17218
1.17218
1.17218
1.17218
1.17218
1.17218
1.17218
1.17218
1.17218
1.17218
1.17218
1.17218
1.17218
1.17218
1.17218
1.17218
1.17218
1.17218
1.17218
1.17218
1.17218
1.17218
1.17218
1.17218
1.17218
1.17218
1.17218
1.17218
1.17218
1.17218
1.17218
1.17218
1.17218
1.17218
1.17218
1.17218
1.17218
1.17218
1.17218
1.17218
1.17218
1.17218
1.17218
1.17218
1.17218
1.17218
1.17218
1.17218
1.17218
1.17218
1.17218
1.17218
1.17218
1.17218
1.17218
1.17218
1.17218
1.17218
1.17218
1.17218
1.17218
1.17218
1.17218
1.17218
1.17218
1.17218
1.17218
1.17218
1.17218
1.17218
1.17218
1.17218
1.17218
1.17218
1.17218
1.17218
1.17218
1.17218
1.17218
1.17218
1.17218
1.17218
1.17218
1.17218
1.17218
1.17218
1.17218
1.17218
1.17218
1.17218
1.17218
1.17218
1.17218
1.17218
1.17218
1.17218
1.17218
1.17218
1.17218
1.17218
1.17218
1.17218
1.17218
1.17218
1.17218
1.17218
1.17218
1.17218
1.17218
1.17218
1.17218
1.17218
1.17218
1.17218
1.17218
1.17218
1.17218
1.17218
1.17218
1.17218
1.17218
1.17218
1.17218
1.17218
1.17218
1.17218
1.17218
1.17218
1.17218
1.17218
1.17218
1.17218
1.17218
1.17218
1.17218
1.17218
1.17218
1.17218
1.17218
1.17218
1.17218
1.17218
1.17218
1.17218
1.17218
1.17218
1.17218
1.17218
1.17218
1.17218
1.17218
1.17218
1.17218
1.17218
1.17218
1.17218
1.17218
1.17218
1.17218
1.17218
1.17218
1.17218
1.17218
1.17218
1.17218
1.17218
1.17218
1.17218
1.17218
1.17218
1.17218
1.17218
1.17218
1.17218
1.17218
1.17218
1.17218
1.17218
1.17218
1.17218
1.17218
1.17218
1.17218
1.17218
1.17218
1.17218
1.17218
1.17218
1.17218
1.17218
1.17218
1.17218
1.17218
1.17218
1.17218
1.17218
1.17218
1.17218
1.17218
1.17218
1.17218
1.17218
1.17218
1.17218
1.17218
1.17218
1.17218
1.17218
1.17218
1.17218
1.17218
1.17218
1.17218
1.17218
1.17218
1.17218
1.17218
1.17218
1.17218
1.17218
1.17218
1.17218
1.17218
1.17218
1.17218
1.17218
1.17218
1.17218
1.17218
1.17218
1.17218
1.17218
1.17218
1.17218
1.17218
1.17218
1.17218
1.17218
1.17218
1.17218
1.17218
1.17218
1.17218
1.17218
1.17218
1.17218
1.17218
1.17218
1.17218
1.17218
1.17218
1.17218
1.17218
1.17218
1.17218
1.17218
1.17218
1.17218
1.17218
1.17218
1.17218
1.17218
1.17218
1.17218
1.17218
1.17218
1.17218
1.17218
1.17218
1.17218
1.17218
1.17218
1.17218
1.17218
1.17218
1.17218
1.17218
1.17218
1.17218
1.17218
1.17218
1.17218
1.17218
1.17218
1.17218
1.17218
1.17218
1.17218
1.17218
1.17218
1.17218
1.17218
1.17218
1.17218
1.17218
1.17218
1.17218
1.17218
1.17218
1.17218
1.17218
1.17218
1.17218
1.17218
1.17218
1.17218
1.17218
1.17218
1.17218
1.17218
1.17218
1.17218
1.17218
1.17218
1.17218
1.17218
1.17218
1.17218
1.17218
1.17218
1.17218
1.17218
1.17218
1.17218
1.17218
1.17218
1.17218
1.17218
1.17218
1.17218
1.17218
1.17218
1.17218
1.17218
1.17218
1.17218
1.17218
1.17218
1.17218
1.17218
1.17218
1.17218
1.17218
1.17218
1.17218
1.17218
1.17218
1.17218
1.17218
1.17218
1.17218
1.17218
1.17218
1.17218
1.17218
1.17218
1.17218
1.17218
1.17218
1.17218
1.17218
1.17218
1.17218
1.17218
1.17218
1.17218
1.17218
1.17218
1.17218
1.17218
1.17218
1.17218
1.17218
1.17218
1.17218
1.17218
1.17218
1.17218
1.17218
1.17218
1.17218
1.17218
1.17218
1.17218
1.17218
1.17218
1.17218
1.17218
1.17218
1.17218
1.17218
1.17218
1.17218
1.17218
1.17218
1.17218
1.17218
1.17218
1.17218
1.17218
1.17218
1.17218
1.17218
1.17218
1.17218
1.17218
1.17218
1.17218
1.17218
1.17218
1.17218
1.17218
1.17218
1.17218
1.17218
1.17218
1.17218
1.17218
1.17218
1.17218
1.17218
1.17218
1.17218
1.17218
1.17218
1.17218
1.17218
1.17218
1.17218
1.17218
1.17218
1.17218
1.17218
1.17218
1.17218
1.17218
1.17218
1.17218
1.17218
1.17218
1.17218
1.17218
1.17218
1.17218
1.17218
1.17218
1.17218
1.17218
1.17218
1.17218
1.17218
1.17218
1.17218
1.17218
1.17218
1.17218
1.17218
1.17218
1.17218
1.17218
1.17218
1.17218
1.17218
1.17218
1.17218
1.17218
1.17218
1.17218
1.17218
1.17218
1.17218
1.17218
1.17218
1.17218
1.17218
1.17218
1.17218
1.17218
1.17218
1.17218
1.17218
1.17218
1.17218
1.17218
1.17218
1.17218
1.17218
1.17218
1.17218
1.17218
1.17218
1.17218
1.17218
1.17218
1.17218
1.17218
1.17218
1.17218
1.17218
1.17218
1.17218
1.17218
1.17218
1.17218
1.17218
1.17218
1.17218
1.17218
1.17218
1.17218
1.17218
1.17218
1.17218
1.17218
1.17218
1.17218
1.17218
1.17218
