1.29595
1.29595
1.29595
1.29595
1.29133
1.29133
1.29133
1.29133
1.29133
1.29133
1.29133
1.29133
1.29133
1.29133
1.29133
1.29133
1.29133
1.29133
1.29133
1.29133
1.29133
1.29133
1.29133
1.29133
1.29133
1.28865
1.28865
1.28242
1.28242
1.28242
1.28242
1.28242
1.27987
1.27987
1.27987
1.27987
1.27987
1.27987
1.27842
1.27842
1.27842
1.27842
1.27842
1.27842
1.27842
1.27842
1.27842
1.27842
1.27842
1.27842
1.27842
1.27842
1.27377
1.27376
1.27376
1.27194
1.27194
1.27194
1.27194
1.27194
1.27194
1.27194
1.27194
1.27194
1.27194
1.27194
1.27194
1.27194
1.27194
1.27194
1.27194
1.2691
1.26798
1.26615
1.26615
1.26615
1.26615
1.26312
1.26312
1.25733
1.25733
1.25733
1.25733
1.25733
1.25086
1.25086
1.25086
1.25086
1.25086
1.25086
1.25029
1.25029
1.25029
1.25029
1.25029
1.25029
1.25029
1.25029
1.25029
1.25029
1.25029
1.25029
1.25029
1.25029
1.25029
1.25029
1.25029
1.25029
1.25029
1.25029
1.25029
1.25029
1.25029
1.25029
1.25029
1.25029
1.25029
1.25029
1.25029
1.25029
1.24907
1.24907
1.24907
1.24907
1.24907
1.24907
1.24907
1.24878
1.24878
1.24878
1.24878
1.24878
1.24878
1.24878
1.24878
1.24878
1.24878
1.24878
1.24878
1.24878
1.24878
1.24767
1.24767
1.24767
1.24767
1.24767
1.24767
1.24767
1.24767
1.24767
1.24767
1.24767
1.24767
1.24767
1.24767
1.24767
1.24767
1.24767
1.24767
1.24767
1.24767
1.24767
1.24767
1.24767
1.24767
1.24767
1.24767
1.24767
1.24767
1.24767
1.24767
1.24767
1.24767
1.24767
1.24767
1.24767
1.24767
1.24767
1.24767
1.24767
1.24767
1.24767
1.24767
1.24767
1.24767
1.24767
1.24767
1.24767
1.24767
1.24767
1.24767
1.24767
1.24767
1.24767
1.24767
1.24767
1.24767
1.24767
1.24767
1.24767
1.24767
1.24767
1.24767
1.24767
1.24767
1.24767
1.24767
1.24767
1.24767
1.24767
1.24767
1.24767
1.24767
1.24767
1.24767
1.24767
1.24767
1.24767
1.24767
1.24767
1.24767
1.24767
1.24767
1.24767
1.24767
1.24767
1.24767
1.24767
1.24767
1.24767
1.24767
1.24767
1.24767
1.24767
1.24767
1.24767
1.24767
1.24767
1.24767
1.24767
1.24767
1.23986
1.23986
1.23649
1.23649
1.23649
1.23649
1.23649
1.23649
1.23649
1.23649
1.23649
1.23649
1.23649
1.23649
1.23649
1.23649
1.23649
1.23649
1.23649
1.23649
1.23649
1.23649
1.23649
1.23649
1.23649
1.23649
1.23649
1.23649
1.23649
1.23649
1.23649
1.23649
1.23649
1.22858
1.22858
1.22858
1.22858
1.22858
1.22858
1.22858
1.22858
1.22858
1.22858
1.22858
1.22858
1.22858
1.22858
1.22858
1.22858
1.22858
1.22858
1.22858
1.22858
1.22858
1.22858
1.22858
1.22553
1.22553
1.22553
1.22194
1.22194
1.21856
1.21856
1.21856
1.21856
1.21856
1.21856
1.21856
1.21856
1.21856
1.21856
1.21856
1.21856
1.21856
1.21856
1.21856
1.21856
1.21856
1.21856
1.21856
1.21856
1.21856
1.21856
1.21856
1.21856
1.21856
1.21856
1.21856
1.21856
1.21856
1.21856
1.21856
1.21856
1.21856
1.21856
1.21856
1.21856
1.21856
1.21856
1.21856
1.21856
1.21856
1.21856
1.21856
1.21856
1.21856
1.21856
1.21856
1.21856
1.21856
1.21856
1.21856
1.21856
1.21856
1.21856
1.21856
1.21856
1.21856
1.21856
1.21856
1.21856
1.21856
1.21856
1.21856
1.21856
1.21856
1.21856
1.21856
1.21856
1.21856
1.21856
1.21856
1.19835
1.19835
1.19835
1.19835
1.19835
1.19708
1.19708
1.19708
1.19708
1.19708
1.19708
1.19708
1.19708
1.19708
1.19708
1.19708
1.19708
1.19708
1.19708
1.19708
1.19708
1.19708
1.19029
1.19029
1.19083
1.18956
1.18956
1.18956
1.18956
1.18956
1.18956
1.18956
1.18956
1.18956
1.18956
1.18956
1.18956
1.18956
1.18956
1.18956
1.18956
1.18956
1.18956
1.18956
1.18956
1.18956
1.18956
1.18674
1.18674
1.18674
1.18674
1.18674
1.18674
1.18674
1.185
1.185
1.185
1.185
1.185
1.18272
1.18272
1.18272
1.18272
1.18272
1.18272
1.18272
1.18326
1.18326
1.18326
1.18326
1.18326
1.18326
1.18326
1.18326
1.18326
1.18326
1.18326
1.18326
1.18326
1.18326
1.18326
1.18326
1.18326
1.18326
1.18326
1.18326
1.18326
1.18326
1.18326
1.18326
1.18326
1.18326
1.18326
1.18326
1.18326
1.18326
1.18326
1.18326
1.18326
1.18326
1.18326
1.18326
1.18326
1.18326
1.18326
1.18326
1.18326
1.18326
1.18326
1.18326
1.18326
1.18326
1.18326
1.18326
1.18326
1.18326
1.18326
1.18326
1.18326
1.18326
1.18326
1.18326
1.18326
1.18326
1.18326
1.18326
1.18326
1.18326
1.18326
1.18326
1.18326
1.18326
1.18326
1.18326
1.18326
1.18326
1.18326
1.18326
1.18326
1.18326
1.18326
1.18326
1.18326
1.18326
1.18326
1.18326
1.18326
1.18326
1.18326
1.18326
1.18326
1.18326
1.18326
1.18326
1.18326
1.18326
1.18326
1.18326
1.18326
1.18326
1.18326
1.18326
1.18326
1.18326
1.18326
1.18326
1.18326
1.18326
1.18326
1.18326
1.18326
1.18326
1.18326
1.18326
1.18326
1.18326
1.18326
1.18326
1.18326
1.18326
1.18326
1.18326
1.18326
1.18326
1.18326
1.18326
1.18326
1.18326
1.18326
1.18326
1.18326
1.18326
1.18326
1.18326
1.18326
1.18326
1.18326
1.18326
1.18326
1.18326
1.18326
1.18326
1.18326
1.18326
1.18326
1.18326
1.18326
1.18326
1.18326
1.18326
1.18326
1.18326
1.18326
1.18326
1.18326
1.18326
1.18326
1.18326
1.18326
1.18326
1.17656
1.17656
1.17656
1.17656
1.17656
1.17656
1.17656
1.17656
1.17656
1.17656
1.17656
1.17656
1.17656
1.1771
1.1771
1.1771
1.1771
1.1771
1.1771
1.1771
1.1771
1.1771
1.1771
1.1771
1.1771
1.1771
1.1771
1.1771
1.1771
1.1771
1.1771
1.1771
1.1771
1.1771
1.1771
1.1771
1.1771
1.1771
1.1771
1.1771
1.1771
1.1771
1.1771
1.1771
1.1771
1.1771
1.1771
1.1771
1.1771
1.1771
1.1771
1.1771
1.1771
1.1771
1.1771
1.1771
1.1771
1.1771
1.1771
1.1771
1.1771
1.1771
1.1771
1.1771
1.1771
1.1771
1.1771
1.1771
1.1771
1.1771
1.1771
1.1771
1.1771
1.1771
1.1771
1.1771
1.1771
1.1771
1.1771
1.1771
1.1771
1.1771
1.1771
1.1771
1.1771
1.1771
1.1771
1.1771
1.1771
1.1771
1.1771
1.1771
1.1771
1.1771
1.1771
1.1771
1.1771
1.1771
1.1771
1.1771
1.1771
1.1771
1.1771
1.1771
1.1771
1.1771
1.1771
1.1771
1.1771
1.1771
1.1771
1.1771
1.1771
1.1771
1.1771
1.1771
1.1771
1.1771
1.1771
1.1771
1.1771
1.1771
1.1771
1.1771
1.1771
1.1771
1.1771
1.1771
1.1771
1.1771
1.1771
1.1771
1.1771
1.1771
1.1771
1.1771
1.1771
1.1771
1.1771
1.1771
1.1771
1.1771
1.1771
1.1771
1.1771
1.1771
1.1771
1.1771
1.1771
1.1771
1.1771
1.1771
1.1771
1.1771
1.1771
1.1771
1.1771
1.1771
1.1771
1.1771
1.1771
1.1771
1.1771
1.1771
1.1771
1.1771
1.1771
1.1771
1.1771
1.1771
1.1771
1.1771
1.1771
1.1771
1.1771
1.1771
1.1771
1.1771
1.1771
1.1771
1.1771
1.1771
1.1771
1.1771
1.1771
1.1771
1.1771
1.1771
1.1771
1.1771
1.1771
1.1771
1.1771
1.1771
1.1771
1.1771
1.1771
1.1771
1.1771
1.1771
1.1771
1.1771
1.17139
1.17139
1.17139
1.17139
1.17139
1.17139
1.17139
1.17139
1.17139
1.17139
1.17139
1.17139
1.17139
1.17139
1.17139
1.17139
1.17139
1.17139
1.17139
1.17139
1.17139
1.17139
1.17139
1.17139
1.17139
1.17139
1.17139
1.17139
1.17139
1.17139
1.17139
1.17139
1.17139
1.17139
1.17139
1.17139
1.17139
1.17139
1.17139
1.17139
1.17139
1.17139
1.17139
1.17139
1.17139
1.17139
1.17139
1.17139
1.17139
1.17139
1.17139
1.17139
1.17139
1.17139
1.17139
1.17139
1.17139
1.17139
1.17139
1.17139
1.17139
1.17139
1.17139
1.17139
1.17139
1.17139
1.17139
1.17139
1.17139
1.17139
1.17139
1.17112
1.17112
1.17112
1.17112
1.17112
1.17112
1.17112
1.17112
1.17112
1.17112
1.17112
1.17112
1.17112
1.17112
1.17112
1.17112
1.17112
1.17112
1.17112
1.17112
1.17112
1.17112
1.17112
1.17112
1.17112
1.17112
1.17112
1.17112
1.17112
1.17112
1.17112
1.17112
1.1687
1.1687
1.1687
1.1687
1.1687
1.1687
1.1687
1.1687
1.1687
1.1687
1.1687
1.1687
1.1687
1.16924
1.16924
1.16924
1.16924
1.16924
1.16924
1.16924
1.16924
1.16924
1.16924
1.16924
1.16924
1.16924
1.16924
1.16924
1.16924
1.16924
1.16924
1.16924
1.16924
1.16924
1.16924
1.16924
1.16924
1.16924
1.16924
1.16924
1.16924
1.16924
1.16924
1.16924
1.16924
1.16924
1.16924
1.16924
1.16924
1.16924
1.16924
1.16924
1.16924
1.16924
1.16924
1.16924
1.16924
1.16924
1.16924
1.16924
1.16924
1.16924
1.16924
1.16924
1.16924
1.16924
1.16924
1.16924
1.16924
1.16924
1.16924
1.16924
1.16924
1.16924
1.16924
1.16924
1.16924
1.16924
1.16924
1.16924
1.16924
1.16924
1.16924
1.16924
1.16924
1.16924
1.16924
1.16924
1.16924
1.16924
1.16924
1.16924
1.16924
1.16924
1.16924
1.16924
1.16924
1.16924
1.16924
1.16924
1.16924
1.16924
1.16924
1.16924
1.16924
1.16924
1.16924
1.16924
1.16924
1.16924
1.16924
1.16924
1.16924
1.16924
1.16924
1.16924
1.16924
1.16924
1.16924
1.16924
1.16924
1.16924
1.16924
1.16924
1.16924
1.16924
1.16924
1.16924
1.16924
1.16924
1.16924
1.16924
1.16924
1.16924
1.16924
1.16924
1.16924
1.16924
1.16924
1.16924
1.16924
1.16924
1.16924
1.16924
1.16924
1.16924
1.16924
1.16924
1.16924
1.16909
1.16909
1.16909
1.16909
1.16909
1.16909
1.16909
1.16909
1.16909
1.16909
1.16909
1.16909
1.16909
1.16909
1.16909
1.16909
1.16909
1.16909
1.16909
1.16909
1.16909
1.16909
1.16909
1.16909
1.16909
1.16909
1.16909
1.16909
1.16909
1.16909
1.16909
1.16909
1.16909
1.16909
1.16909
1.16909
1.16909
1.16909
1.16909
1.16909
1.16909
1.16909
1.16909
1.16909
1.16909
1.16909
1.16909
1.16909
1.16909
1.16909
1.16909
1.16909
1.16909
1.16909
1.16909
1.16909
1.16909
1.16909
1.16909
1.16909
1.16909
1.16909
1.16909
1.16909
1.16909
1.16909
1.16909
1.16909
1.16909
1.16909
1.16909
1.16909
1.16909
1.16909
1.16909
1.16909
1.16909
1.16909
1.16909
1.16909
1.16909
1.16909
1.16909
1.16909
1.16909
1.16909
1.16909
1.16909
1.16909
1.16909
1.16909
1.16909
1.16909
1.16909
1.16909
1.16909
1.16909
1.16909
1.16909
1.16909
1.16909
1.16909
1.16909
1.16909
1.16909
1.16909
1.16909
1.16909
1.16909
1.16909
1.16909
1.16909
1.16909
1.16909
1.16909
1.16909
1.16909
1.16909
1.16909
1.16909
1.16909
1.16909
1.16909
1.16909
1.16909
1.16909
1.16909
1.16909
1.16909
1.16909
1.16909
1.16909
1.16909
1.16909
1.16909
1.16909
1.16909
1.16909
1.16909
1.16909
1.16909
1.16909
1.16909
1.16909
1.16909
1.16909
1.16909
1.16909
1.16909
1.16909
1.16909
1.16909
1.16909
1.16909
1.16909
1.16909
1.16909
1.16909
1.16909
1.16909
1.16909
1.16909
1.16909
1.16909
1.16909
1.16909
1.16909
1.16909
1.16909
1.16909
1.16909
1.16909
1.16909
1.16909
1.16909
1.16909
1.16909
1.16909
1.16909
1.16909
1.16909
1.16909
1.16909
1.16909
1.16909
1.16909
1.16909
1.16909
1.16909
1.16909
1.16909
1.16909
1.16909
1.16909
1.16909
1.16909
1.16909
1.16909
1.16909
1.16909
1.16909
1.16909
1.16642
1.16642
1.16642
1.16642
1.16696
1.16696
1.16696
1.16696
1.16696
1.16696
1.16696
1.16696
1.16696
1.16696
1.16696
1.16696
1.16696
1.16696
1.16696
1.16696
1.16696
1.16696
1.16696
1.16696
1.16696
1.16696
1.16696
1.16696
1.16696
1.16696
1.16696
1.16696
1.16696
1.16696
1.16696
1.16696
1.16696
1.16696
1.16696
1.16696
1.16696
1.16696
1.16696
1.16696
1.16696
1.16696
1.16696
1.16696
1.16696
1.16696
1.16696
1.16696
1.16696
1.16696
1.16696
1.16696
1.16696
1.16696
1.16696
1.16696
1.16696
1.16696
1.16696
1.16696
1.16696
1.16696
1.16696
1.16696
1.16696
1.16696
1.16696
1.16696
1.16696
1.16696
1.16696
1.16696
1.16696
1.16696
1.16696
1.16696
1.16696
1.16696
1.16696
1.16696
1.16696
1.16696
1.16696
1.16696
1.16696
1.16696
1.16696
1.16696
1.16696
1.16696
1.16696
1.16696
1.16696
1.16696
1.16696
1.16696
1.16696
1.16696
1.16696
1.16696
1.16696
1.16696
1.16696
1.16696
1.16696
1.16696
1.16696
1.16696
1.16696
1.16696
1.16696
1.16696
1.16696
1.16696
1.16696
1.16696
1.16696
1.16696
1.16696
1.16696
1.16696
1.16696
1.16696
1.16696
1.16696
1.16696
1.16696
1.16696
1.16696
1.16696
1.16696
1.16696
1.16696
1.16696
1.16696
1.16696
1.16696
1.16696
1.16696
1.16696
1.16696
1.16696
1.16696
1.16696
1.16696
1.16696
1.16696
1.16696
1.16696
1.16696
1.16696
1.16696
1.16696
1.16696
1.16696
1.16696
1.16696
1.16696
1.16696
1.16696
1.16696
1.16696
1.16696
1.16696
1.16696
1.16696
1.16696
1.16696
1.16696
1.16696
1.16696
1.16696
1.16696
1.16696
1.16696
1.16696
1.16696
1.16696
1.16696
1.16696
1.16696
1.16696
1.16696
1.16696
1.16696
1.16696
1.16696
1.16696
1.16696
1.16696
1.16696
1.16696
1.16696
1.16696
1.16696
1.16696
1.16696
1.16696
1.16696
1.16696
1.16696
1.16696
1.16696
1.16696
1.16696
1.16696
1.16696
1.16696
1.16696
1.16696
1.16696
1.16696
1.16696
1.16696
1.16696
1.16696
1.16696
1.16696
1.16696
1.16696
1.16696
1.16696
1.16696
1.16696
1.16696
1.16696
1.16696
1.16696
1.16696
1.16696
1.16696
1.16696
1.16696
1.16696
1.16696
1.16696
1.16696
1.16696
1.16696
1.16696
1.16696
1.16696
1.16696
1.16696
1.16696
1.16696
1.16696
1.16696
1.16696
1.16696
1.16696
1.16696
1.16696
1.16696
1.16696
1.16696
1.16696
1.16696
1.16696
1.16696
1.16696
1.16696
1.16696
1.16696
1.16696
1.16696
1.16696
1.16696
1.16696
1.16696
1.16696
1.16696
1.16696
1.16696
1.16696
1.16696
1.16696
1.16404
1.16404
1.16404
1.16404
1.16404
1.16404
1.16404
1.16404
1.16404
1.16404
1.16404
1.16404
1.16404
1.16404
1.16404
1.16404
1.16404
1.16404
1.16404
1.16404
1.16404
1.16404
1.16404
1.16404
1.16404
1.16404
1.16404
1.16404
1.16404
1.16404
1.16404
1.16404
1.16404
1.16404
1.16404
1.16404
1.16404
1.16404
1.16404
1.16404
1.16404
1.16404
1.16404
1.16404
1.16404
1.16404
1.16404
1.16404
1.16404
1.16404
1.16404
1.16404
1.16404
1.16404
1.16404
1.16404
1.16404
1.16404
1.16404
1.16404
1.16404
1.16404
1.16404
1.16404
1.16404
1.16404
1.16404
1.16404
1.16404
1.16404
1.16404
1.16404
1.16404
1.16404
1.16404
1.16404
1.16404
1.16404
1.16404
1.16404
1.16404
1.16404
1.16404
1.16404
1.16404
1.16404
1.16404
1.16404
1.16404
1.16404
1.16404
1.16404
1.16404
1.16404
1.16302
1.16302
1.16302
1.16302
1.16302
1.16302
1.1621
1.1621
1.1621
1.1621
1.1621
1.1621
1.1621
1.1621
1.1621
1.1621
1.1621
1.1621
1.1621
1.1621
1.1621
1.1621
1.1621
1.1621
1.1621
1.1621
1.1621
1.1621
1.1621
1.1621
1.1621
1.1621
1.1621
1.1621
1.1621
1.1621
1.1621
1.1621
1.1621
1.1621
1.1621
1.1621
1.1621
1.1621
1.1621
1.1621
1.1621
1.1621
1.1621
1.1621
1.1621
1.1621
1.1621
1.1621
1.1621
1.1621
1.1621
1.1621
1.1621
1.1621
1.1621
1.1621
1.1621
1.1621
1.1621
1.1621
1.1621
1.1621
1.1621
1.1621
1.1621
1.1621
1.1621
1.1621
1.1621
1.1621
1.1621
1.1621
1.1621
1.1621
1.1621
1.1621
1.1621
1.1621
1.1621
1.1621
1.1621
1.1621
1.1621
1.1621
1.1621
1.1621
1.1621
1.1621
1.1621
1.1621
1.1621
1.1621
1.1621
1.1621
1.1621
1.1621
1.1621
1.1621
1.1621
1.1621
1.1621
1.1621
1.1621
1.1621
1.1621
1.1621
1.1621
1.1621
1.1621
1.1621
1.1621
1.1621
1.1621
1.1621
1.1621
1.1621
1.1621
1.1621
1.1621
1.1621
1.1621
1.1621
1.1621
1.1621
1.1621
1.1621
1.1621
1.1621
1.1621
1.1621
1.1621
1.1621
1.1621
1.1621
1.1621
1.1621
1.1621
1.1621
1.1621
1.1621
1.1621
1.1621
1.1621
1.1621
1.1621
1.1621
1.1621
1.1621
1.1621
1.1621
1.1621
1.1621
1.1621
1.1621
1.1621
1.1621
1.1621
1.1621
1.1621
1.1621
1.1621
1.1621
1.1621
1.1621
1.1621
1.1621
1.1621
1.1621
1.1621
1.1621
1.1621
1.1621
1.1621
1.1621
1.1621
1.1621
1.1621
1.1621
1.1621
1.1621
1.1621
1.1621
1.1621
1.1621
1.1621
1.1621
1.1621
1.1621
1.1621
1.1621
1.1621
1.1621
1.1621
1.1621
1.1621
1.1621
1.1621
1.1621
1.1621
1.1621
1.1621
1.1621
1.1621
1.1621
1.1621
1.1621
1.1621
1.1621
1.1621
1.1621
1.1621
1.1621
1.1621
1.1621
1.1621
1.1621
1.1621
1.1621
1.1621
1.1621
1.1621
1.1621
1.1621
1.1621
1.1621
1.1621
1.1621
1.1621
1.1621
1.1621
1.1621
1.1621
1.1621
1.1621
1.1621
1.1621
1.1621
1.1621
1.1621
1.1621
1.1621
1.1621
1.1621
1.1621
1.1621
1.1621
1.1621
1.1621
1.1621
1.1621
1.1621
1.1621
1.1621
1.1621
1.1621
1.1621
1.1621
1.1621
1.1621
1.1621
1.1621
1.1621
1.1621
1.1621
1.1621
1.1621
1.1621
1.1621
1.1621
1.1621
1.1621
1.1621
1.1621
1.1621
1.1621
1.1621
1.1621
1.1621
1.1621
1.1621
1.1621
1.1621
1.1621
1.1621
1.1621
1.1621
1.1621
1.1621
1.1621
1.1621
1.1621
1.1621
1.1621
1.1621
1.1621
1.1621
1.1621
1.1621
1.1621
1.1621
1.1621
1.1621
1.1621
1.1621
1.1621
1.1621
1.1621
1.1621
1.1621
1.1621
1.1621
1.1621
1.1621
1.1621
1.1621
1.1621
1.1621
1.1621
1.1621
1.1621
1.1621
1.1621
1.1621
1.1621
1.1621
1.1621
1.1621
1.1621
1.1621
1.1621
1.1621
1.1621
1.1621
1.1621
1.1621
1.1621
1.1621
1.1621
1.1621
1.1621
1.1621
1.1621
1.1621
1.1621
1.1621
1.1621
1.1621
1.1621
1.1621
1.1621
1.1621
1.1621
1.1621
1.1621
1.1621
1.1621
1.1621
1.1621
1.1621
1.1621
1.1621
1.1621
1.1621
1.1621
1.1621
1.1621
1.1621
1.1621
1.1621
1.1621
1.1621
1.1621
1.1621
1.1621
1.1621
1.1621
1.1621
1.1621
1.1621
1.1621
1.1621
1.1621
1.1621
1.1621
1.1621
1.1621
1.1621
1.1621
1.1621
1.1621
1.1621
1.1621
1.1621
1.1621
1.1621
1.1621
1.1621
1.1621
1.1621
1.1621
1.1621
1.1621
1.1621
1.1621
1.1621
1.1621
1.1621
1.1621
1.1621
1.1621
1.1621
1.1621
1.1621
1.1621
1.1621
1.1621
1.1621
1.1621
1.1621
1.1621
1.1621
1.1621
1.1621
1.1621
1.1621
1.1621
1.1621
1.1621
1.1621
1.1621
1.1621
1.1621
1.1621
1.1621
1.1621
1.1621
1.1621
1.1621
1.1621
1.1621
1.1621
1.1621
1.1621
1.1621
1.1621
1.1621
1.1621
1.1621
1.1621
1.1621
1.1621
1.1621
1.1621
1.1621
1.1621
1.1621
1.1621
1.1621
1.1621
1.1621
1.1621
1.1621
1.1621
1.1621
1.1621
1.1621
1.1621
1.1621
1.1621
1.1621
1.1621
1.1621
1.1621
1.1621
1.1621
1.1621
1.1621
1.1621
1.1621
1.1621
1.1621
1.1621
1.1621
1.1621
1.1621
1.1621
1.1621
1.1621
1.1621
1.1621
1.1621
1.1621
1.1621
1.1621
1.1621
1.1621
1.1621
1.1621
1.1621
1.1621
1.1621
1.1621
1.1621
1.1621
1.1621
1.1621
1.1621
1.1621
1.1621
1.1621
1.1621
1.1621
1.1621
1.1621
1.1621
1.1621
1.1621
1.1621
1.1621
1.1621
1.1621
1.1621
1.1621
1.1621
1.1621
1.1621
1.1621
1.1621
1.1621
1.1621
1.1621
1.1621
1.1621
1.1621
1.1621
1.1621
1.1621
1.1621
1.1621
1.1621
1.1621
1.1621
1.1621
1.1621
1.1621
1.1621
1.1621
1.1621
1.1621
1.1621
1.1621
1.1621
1.1621
1.1621
1.1621
1.1621
1.1621
1.1621
1.1621
1.1621
1.1621
1.1621
1.1621
1.1621
1.1621
1.1621
1.1621
1.1621
1.1621
1.1621
1.1621
1.1621
1.1621
1.1621
1.1621
1.1621
1.1621
1.1621
1.1621
1.1621
1.1621
1.1621
1.1621
1.1621
1.1621
1.1621
1.1621
1.1621
1.1621
1.1621
1.1621
1.1621
1.1621
1.1621
1.1621
1.1621
1.1621
1.1621
1.1621
1.1621
