11.0951
11.0564
10.4564
10.3746
10.0874
9.79367
9.5928
9.53206
8.92483
8.92483
8.77587
8.54272
8.54272
8.53085
8.48565
8.22554
8.1704
8.1473
7.67423
7.553
7.553
7.51109
7.11674
7.11674
7.11674
7.04882
7.04882
7.04882
7.0301
6.65221
6.65221
6.65221
6.53622
6.53622
6.53622
6.53622
6.53622
6.12523
6.12523
6.12523
6.12523
6.03771
6.03771
5.94802
5.94802
5.75777
5.7217
5.71789
5.45851
5.45851
5.25663
5.25663
5.25663
5.25663
5.25663
5.25663
5.18273
5.15033
5.07222
4.9592
4.9592
4.8724
4.8724
4.85502
4.73131
4.73131
4.73131
4.65931
4.65931
4.65931
4.51457
4.51457
4.51457
4.51457
4.49163
4.44471
4.35353
4.35353
4.32771
4.32771
4.32771
4.29798
4.29798
4.2224
4.2224
4.2224
4.2063
4.17358
4.07985
4.07985
4.07985
4.07985
4.07985
4.00625
4.00625
3.9372
3.87434
3.87434
3.87434
3.87434
3.84121
3.77562
3.75163
3.75163
3.75163
3.75163
3.66281
3.66281
3.66281
3.53964
3.53964
3.53964
3.53964
3.53555
3.53449
3.53427
3.51378
3.5038
3.46352
3.46352
3.46137
3.44757
3.44027
3.44027
3.42701
3.42105
3.42105
3.39588
3.30258
3.30258
3.30258
3.30258
3.30258
3.30258
3.2865
3.2865
3.24797
3.24797
3.24797
3.24797
3.24614
3.22986
3.21551
3.20804
3.20804
3.17728
3.17416
3.16526
3.13321
3.12324
3.12324
3.12324
3.1203
3.10268
3.09868
3.09559
3.08974
3.08734
3.08734
3.08734
3.08599
3.07664
3.074
3.074
3.06892
3.06892
3.06748
3.06718
3.05809
3.05523
3.05523
3.05426
3.05426
3.04629
3.04537
3.03229
3.01153
3.01153
3.01153
3.01153
3.01153
2.97952
2.97952
2.97386
2.97386
2.97386
2.97386
2.96175
2.95727
2.95256
2.95256
2.95256
2.94651
2.93614
2.93123
2.93123
2.93123
2.92136
2.92136
2.91864
2.91864
2.91342
2.90571
2.90571
2.89685
2.89588
2.89588
2.88563
2.88563
2.88563
2.88004
2.79491
2.79031
2.67241
2.66127
2.66127
2.66127
2.66127
2.64099
2.64099
2.6335
2.6335
2.62449
2.62277
2.60367
2.58746
2.58137
2.58137
2.57703
2.57703
2.57639
2.54957
2.54957
2.54957
2.54421
2.54421
2.53329
2.52345
2.52334
2.52334
2.51867
2.51867
2.51867
2.51867
2.51867
2.51824
2.51824
2.51824
2.5172
2.50762
2.50762
2.50762
2.50252
2.50252
2.50252
2.50105
2.50071
2.50012
2.50012
2.4977
2.4977
2.49006
2.47398
2.47398
2.47176
2.47155
2.47127
2.47105
2.45415
2.45107
2.45107
2.45101
2.44129
2.44129
2.43867
2.43812
2.4342
2.4289
2.4289
2.42811
2.42489
2.42489
2.42332
2.41924
2.41924
2.40158
2.40158
2.40158
2.39972
2.39046
2.34624
2.24449
2.11491
2.0904
2.0904
2.07435
2.07435
2.07176
2.06928
2.06851
2.06697
2.06697
2.06697
2.06697
2.06668
2.06668
2.06539
2.06539
2.06487
2.06131
2.05964
2.05636
2.05636
2.04807
2.04678
2.04678
2.04525
2.04525
2.04525
2.04095
2.03956
2.03956
2.03829
2.03557
2.03486
2.03431
2.03161
2.01971
2.01971
2.01778
2.01778
2.01778
2.01524
2.01266
2.00573
1.99246
1.99246
1.99246
1.99164
1.98
1.98
1.98
1.97917
1.97917
1.97917
1.97917
1.97917
1.97821
1.97698
1.97698
1.97452
1.97108
1.97108
1.97108
1.97017
1.96774
1.96774
1.96774
1.96501
1.96501
1.95912
1.95912
1.95914
1.9565
1.95523
1.95523
1.95052
1.94454
1.94448
1.9422
1.93883
1.93883
1.9383
1.93499
1.93499
1.93499
1.92648
1.92648
1.92182
1.91798
1.9174
1.91643
1.91643
1.91643
1.91276
1.91179
1.91179
1.91179
1.91179
1.91179
1.91143
1.91085
1.91085
1.91085
1.91055
1.91055
1.91024
1.91024
1.91024
1.91024
1.91024
1.90936
1.90936
1.90936
1.90936
1.90936
1.90936
1.90936
1.90936
1.90936
1.90936
1.90936
1.90603
1.9048
1.90361
1.90361
1.90361
1.90361
1.90361
1.90361
1.90361
1.89829
1.89829
1.89715
1.8971
1.8971
1.89696
1.89696
1.8969
1.89345
1.89345
1.89345
1.89337
1.8922
1.89161
1.89161
1.89161
1.89161
1.89153
1.89153
1.89153
1.89153
1.89153
1.8905
1.89036
1.89036
1.89036
1.89036
1.89036
1.89036
1.89036
1.89036
1.89036
1.89036
1.89036
1.89036
1.89036
1.89036
1.88677
1.87112
1.87112
1.87112
1.87046
1.87046
1.87046
1.87046
1.87046
1.87046
1.86521
1.86521
1.86521
1.86521
1.86521
1.86521
1.86521
1.86521
1.86521
1.86521
1.86521
1.86521
1.86521
1.86521
1.86521
1.86521
1.86521
1.86521
1.86521
1.86521
1.86521
1.86521
1.86521
1.86521
1.86521
1.86521
1.86521
1.86521
1.86521
1.86521
1.86521
1.86521
1.86407
1.86407
1.86407
1.86407
1.86407
1.86407
1.86407
1.86407
1.86407
1.86407
1.86407
1.86407
1.86407
1.86407
1.86407
1.86407
1.86407
1.86407
1.86407
1.86407
1.86407
1.86407
1.86407
1.86407
1.86407
1.86407
1.86407
1.8613
1.8613
1.8613
1.8613
1.8613
1.86122
1.86122
1.86122
1.859
1.859
1.859
1.859
1.859
1.859
1.85782
1.85782
1.85782
1.85782
1.85782
1.85782
1.85782
1.85782
1.85782
1.85782
1.85459
1.85459
1.85459
1.85459
1.85459
1.85459
1.8534
1.8534
1.8534
1.8534
1.8534
1.8534
1.8534
1.85324
1.85324
1.85324
1.85205
1.85205
1.85205
1.85205
1.85205
1.85205
1.85205
1.85205
1.85205
1.85205
1.85205
1.85185
1.85185
1.85185
1.84969
1.84969
1.84969
1.84969
1.84949
1.84949
1.84949
1.84949
1.84949
1.84882
1.84882
1.84882
1.84882
1.84882
1.84882
1.84882
1.83521
1.83521
1.83521
1.83285
1.83265
1.83012
1.83012
1.83012
1.83012
1.82925
1.82925
1.82755
1.82755
1.82755
1.81793
1.81793
1.81793
1.815
1.815
1.815
1.81393
1.81393
1.81393
1.81393
1.81131
1.81131
1.81131
1.80887
1.80652
1.80652
1.80652
1.80632
1.79689
1.7902
1.78934
1.78934
1.7862
1.7862
1.7862
1.7862
1.7862
1.78457
1.78195
1.77958
1.77958
1.77958
1.77958
1.77958
1.77696
1.77431
1.77431
1.77431
1.77431
1.77431
1.77411
1.77411
1.77411
1.77411
1.77411
1.77147
1.77147
1.76571
1.76306
1.75236
1.75236
1.752
1.75072
1.75072
1.75072
1.75072
1.75072
1.74846
1.74846
1.74846
1.74785
1.74407
1.74407
1.74407
1.74319
1.74319
1.74319
1.74319
1.74319
1.74319
1.74319
1.74319
1.74319
1.74319
1.74319
1.74319
1.74319
1.74319
1.74319
1.74319
1.74319
1.74319
1.74319
1.74319
1.74319
1.74319
1.74319
1.74319
1.74007
1.74007
1.74007
1.74007
1.73537
1.73537
1.73449
1.73449
1.73449
1.73449
1.73449
1.73449
1.73449
1.73449
1.73449
1.73449
1.73449
1.73449
1.73449
1.73449
1.73449
1.73449
1.73449
1.73449
1.73449
1.73449
1.73449
1.73449
1.73449
1.73449
1.73449
1.73449
1.73449
1.7343
1.7341
1.7341
1.7341
1.63927
1.63633
1.63599
1.63599
1.63288
1.62949
1.60852
1.60497
1.60132
1.60079
1.60079
1.60079
1.60079
1.60079
1.60079
1.60079
1.60079
1.60079
1.60079
1.60079
1.60079
1.60079
1.60079
1.60079
1.60079
1.60079
1.60079
1.60079
1.60079
1.60079
1.60079
1.60079
1.60079
1.60079
1.60079
1.60079
1.60079
1.60079
1.60079
1.60079
1.60079
1.60079
1.60079
1.60079
1.60079
1.60079
1.60079
1.60079
1.60079
1.60079
1.60079
1.60079
1.60079
1.60079
1.60079
1.60079
1.60079
1.60079
1.60079
1.60079
1.60079
1.60079
1.60079
1.60079
1.60079
1.60079
1.60079
1.60079
1.60079
1.60079
1.60079
1.60079
1.60079
1.60079
1.60079
1.60079
1.60079
1.60079
1.60079
1.60079
1.60079
1.60079
1.60079
1.60079
1.60079
1.60079
1.60079
1.60079
1.60079
1.60079
1.60079
1.60079
1.59994
1.59994
1.59994
1.59994
1.59994
1.59765
1.59765
1.59765
1.59765
1.59765
1.59765
1.59765
1.59765
1.59765
1.59436
1.59436
1.59436
1.59436
1.59436
1.59436
1.59436
1.59436
1.59312
1.59312
1.59312
1.59312
1.59312
1.59312
1.59312
1.59312
1.59312
1.59312
1.59312
1.59312
1.59312
1.59312
1.59312
1.59312
1.59312
1.59312
1.59312
1.59312
1.59312
1.59312
1.59312
1.59312
1.59312
1.59312
1.59312
1.59312
1.59312
1.59312
1.59312
1.59312
1.59312
1.59312
1.59312
1.59312
1.59288
1.59288
1.59288
1.59288
1.59288
1.59288
1.59288
1.59288
1.59288
1.59288
1.59288
1.59288
1.59288
1.59288
1.59288
1.59288
1.59288
1.59288
1.59288
1.59288
1.59288
1.59288
1.59288
1.59288
1.59288
1.59288
1.59288
1.59288
1.59288
1.59288
1.59288
1.59288
1.59288
1.59288
1.59288
1.59288
1.59288
1.59288
1.59288
1.59288
1.59288
1.59288
1.59288
1.59288
1.59288
1.59288
1.59288
1.59288
1.59288
1.59288
1.59288
1.59288
1.59288
1.59288
1.59288
1.59288
1.59288
1.59288
1.59288
1.59288
1.59288
1.59288
1.59288
1.59288
1.59288
1.59288
1.59288
1.59288
1.59288
1.59288
1.59288
1.59288
1.59288
1.59288
1.59288
1.59288
1.59288
1.59288
1.59288
1.59288
1.59288
1.59288
1.59288
1.59288
1.59288
1.59288
1.59288
1.59288
1.59288
1.59288
1.59288
1.59288
1.59288
1.59288
1.59288
1.59288
1.59288
1.59288
1.59288
1.59288
1.59288
1.59288
1.59288
1.59288
1.59288
1.59288
1.59288
1.59288
1.59288
1.59288
1.59288
1.59288
1.59288
1.59288
1.59288
1.59288
1.59288
1.59288
1.58911
1.58911
1.58911
1.58911
1.58911
1.58911
1.58911
1.58557
1.58557
1.58557
1.58557
1.58557
1.5818
1.58142
1.58142
1.58142
1.58142
1.58142
1.58142
1.58142
1.58142
1.58142
1.58142
1.58142
1.58142
1.57979
1.57979
1.57979
1.57979
1.57979
1.57979
1.57979
1.57979
1.57979
1.56225
1.56225
1.56152
1.56152
1.56052
1.56052
1.56052
1.56039
1.56039
1.56039
1.56039
1.56039
1.56039
1.5594
1.5594
1.5594
1.5594
1.5594
1.5594
1.5594
1.5594
1.5594
1.5594
1.5594
1.5594
1.5594
1.5594
1.5594
1.5594
1.5594
1.5594
1.5594
1.5594
1.5594
1.5594
1.5594
1.5594
1.5594
1.5594
1.5594
1.5594
1.5594
1.5594
1.55889
1.55889
1.55889
1.55889
1.55889
1.55889
1.55889
1.55889
1.55889
1.55889
1.55889
1.55889
1.55889
1.55889
1.55889
1.55889
1.55889
1.55889
1.55889
1.55889
1.55889
1.55889
1.55889
1.55889
1.54363
1.54363
1.54363
1.54363
1.54363
1.54363
1.54363
1.54363
1.54363
1.54363
1.54363
1.54363
1.54363
1.54363
1.54363
1.54236
1.54236
1.54236
1.54236
1.54236
1.54236
1.54236
1.54236
1.54236
1.54182
1.54182
1.54182
1.54055
1.54055
1.54055
1.54055
1.54055
1.54055
1.54055
1.54055
1.54055
1.54055
1.54055
1.54055
1.54055
1.54055
1.54055
1.54055
1.54055
1.54055
1.54055
1.54055
1.54055
1.54055
1.54055
1.54055
1.54055
1.54055
1.53984
1.53984
1.53857
1.53857
1.53857
1.53857
1.53857
1.53857
1.52954
1.52954
1.52954
1.52954
1.52954
1.52432
1.52432
1.52432
1.51985
1.51985
1.51985
1.51985
1.51795
1.51795
1.51795
1.51721
1.51721
1.51721
1.51721
1.51721
1.51721
1.515
1.515
1.50341
1.50341
1.50076
1.49953
1.49953
1.49953
1.49953
1.49953
1.49953
1.49953
1.49953
1.49795
1.49795
1.49795
1.49671
1.49671
1.49283
1.49283
1.49283
1.49283
1.49283
1.48981
1.48981
1.48981
1.48981
1.48981
1.48981
1.48981
1.48981
1.48633
1.48633
1.48633
1.48633
1.48633
1.48633
1.48633
1.48633
1.48633
1.48633
1.48633
1.48633
1.48633
1.48633
1.48633
1.48633
1.48633
1.48633
1.48633
1.48633
1.48633
1.48633
1.48633
1.48633
1.48633
1.48633
1.48633
1.48633
1.48633
1.48633
1.48633
1.48633
1.48633
1.48633
1.48633
1.48633
1.48633
1.48633
1.48633
1.48633
1.48633
1.48633
1.48633
1.48633
1.48633
1.48633
1.48633
1.48633
1.48633
1.48633
1.48633
1.48633
1.48633
1.48633
1.48633
1.48633
1.48633
1.48633
1.48633
1.48633
1.48633
1.48633
1.48633
1.48633
1.48633
1.48633
1.48633
1.48633
1.48633
1.48633
1.48633
1.48633
1.48633
1.48633
1.48633
1.48633
1.48633
1.48633
1.48633
1.48633
1.48633
1.48633
1.48633
1.48633
1.48633
1.48633
1.48633
1.48633
1.48633
1.48633
1.48633
1.48633
1.48633
1.48633
1.48633
1.48633
1.48633
1.48633
1.48633
1.48633
1.48633
1.48633
1.48633
1.48633
1.48633
1.48633
1.48633
1.48633
1.48633
1.48633
1.48633
1.48633
1.48633
1.48633
1.48633
1.48633
1.48633
1.48633
1.48397
1.48397
1.48397
1.48397
1.48397
1.48397
1.48397
1.48397
1.48397
1.48397
1.48397
1.48397
1.48397
1.48397
1.48397
1.48397
1.48009
1.47989
1.47989
1.47989
1.47989
1.47156
1.47061
1.47061
1.46768
1.46768
1.46768
1.46768
1.46768
1.46652
1.46387
1.46264
1.46264
1.46264
1.46264
1.46264
1.46264
1.46264
1.46264
1.46264
1.46264
1.46264
1.45999
1.45999
1.45999
1.45999
1.45999
1.45999
1.45999
1.45999
1.45999
1.45999
1.45999
1.45999
1.45999
1.45999
1.45999
1.45999
1.45999
1.45999
1.45999
1.45999
1.45999
1.45999
1.45999
1.45999
1.45999
1.45999
1.45999
1.45999
1.45999
1.45999
1.45999
1.45999
1.45999
1.45999
1.45999
1.45999
1.45999
1.45999
1.45999
1.45999
1.45999
1.45999
1.45999
1.45999
1.45999
1.45999
1.45999
1.45999
1.45999
1.45999
1.45999
1.45999
1.45999
1.45999
1.45999
1.45999
1.45999
1.45999
1.45999
1.45999
1.45999
1.45999
1.45999
1.45999
1.45999
1.45999
1.45999
1.45999
1.45999
1.45999
1.45999
1.45999
1.45999
1.45999
1.45999
1.45999
1.45999
1.45999
1.45999
1.45999
1.45999
1.45999
1.45999
1.45999
1.45999
1.45999
1.45999
1.45999
1.45999
1.45999
1.45999
1.45999
1.45999
1.45999
1.45999
1.45999
1.45999
1.45999
1.45999
1.45999
1.45999
1.45999
1.45999
1.45999
1.45999
1.45999
1.45999
1.45999
1.45999
1.45999
1.45999
1.45999
1.45999
1.45999
1.45999
1.45999
1.45999
1.45999
1.45999
1.45999
1.45999
1.45999
1.45999
1.45999
1.45999
1.45999
1.45999
1.45999
1.45999
1.36698
1.25568
1.25568
1.1861
1.1861
1.17124
1.16671
1.15905
1.15006
1.15006
1.14283
1.13989
1.13989
1.13419
1.13419
1.13125
1.12956
1.12956
1.12715
1.12715
1.12715
1.12715
1.12715
1.12478
1.12478
1.12478
1.12478
1.12478
1.12478
1.12478
1.12478
1.12478
1.12362
1.12238
1.12238
1.12238
1.12238
1.12238
1.12238
1.12238
1.12238
1.12238
1.12238
1.12238
1.12238
1.12238
1.12238
1.12238
1.12238
1.12238
1.12238
1.12224
1.12224
1.12224
1.12224
1.12224
1.12224
1.12224
1.12224
1.12224
1.12224
1.12224
1.12224
1.12224
1.12224
1.12224
1.12224
1.12224
1.12224
1.12224
1.12224
1.12224
1.12224
1.12224
1.12224
1.12224
1.12224
1.12224
1.12224
1.12224
1.12224
1.12224
1.12224
1.12224
1.12224
1.12224
1.12224
1.12224
1.12224
1.12224
1.12224
1.12224
1.12224
1.12224
1.12224
1.12224
1.12224
1.12224
1.12224
1.12224
1.12224
1.12224
1.12224
1.12224
1.12224
1.12224
1.12224
1.12224
1.12224
1.12224
1.12224
1.12224
1.12224
1.12224
1.12224
1.12224
1.12224
1.12224
1.12224
1.12224
1.12224
1.12224
1.12224
1.12224
1.12224
1.12224
1.12224
1.12224
1.12224
1.12224
1.12224
1.12224
1.12224
1.12224
1.12098
1.12098
1.12083
1.12083
1.12083
1.12083
1.12083
1.12083
1.12083
1.12083
1.12083
1.12083
1.12083
1.12083
1.12083
1.12083
1.12083
1.12083
1.12083
1.12083
1.12083
1.12083
1.12083
1.12083
1.12083
1.12083
1.12083
1.12083
1.12083
1.12083
1.12083
1.12083
1.12083
1.12083
1.12083
1.12083
1.12083
1.12083
1.12083
1.12083
1.12083
1.12083
1.12083
1.12083
1.12083
1.12083
1.12083
1.12083
1.12083
1.12083
1.12083
1.12083
1.12083
1.12083
1.12083
1.12083
1.12083
1.12083
1.1196
1.1196
1.1196
1.1196
1.1196
1.1196
1.1196
1.1196
1.1196
1.1196
1.1196
1.1196
1.1196
1.1196
1.1196
1.1196
1.1196
1.1196
1.1196
1.1196
1.1196
1.09956
1.09956
1.09956
1.09956
1.09956
1.09956
1.09956
1.09956
1.09956
1.09956
1.09956
1.09956
1.09956
1.09325
1.09325
1.09325
1.09325
1.09325
1.09325
1.09325
1.09325
1.09325
1.09325
1.09325
1.09325
1.09325
1.09325
1.09325
1.09325
1.09325
1.09325
1.09325
1.09325
1.09325
1.09325
1.09325
1.09325
1.09325
1.09325
1.09325
1.09325
1.09325
1.09325
1.09325
1.09325
1.09325
1.09325
1.09325
1.09325
1.09325
1.09325
1.09325
1.09325
1.09325
1.09325
1.09325
1.09325
1.09325
1.09325
1.09325
1.09325
1.09325
1.09325
1.09325
1.09325
1.09325
1.09325
1.09325
1.09325
1.09325
1.09325
1.09325
1.09325
1.09325
1.09325
1.09325
1.09325
1.09325
1.09325
1.09325
1.09325
1.09325
1.09325
1.09325
1.09325
1.09325
1.09325
1.09325
1.09325
1.09325
1.09325
1.09325
1.09325
1.09325
1.09325
1.09325
1.09325
1.09325
1.09325
1.09325
1.09325
1.09325
1.09325
1.09325
1.09325
1.09325
1.09325
1.09325
1.09325
1.09325
1.09325
1.09325
1.09325
1.09325
1.09325
1.09325
1.09325
1.09325
1.09325
1.09325
1.09325
1.09325
1.09325
1.09325
1.09325
1.09325
1.09325
1.09325
1.09325
1.09325
1.09325
1.09325
1.09325
1.09325
1.09325
1.09325
1.09325
1.09325
1.09325
1.09325
1.09325
1.09325
1.09325
1.09325
1.09325
1.09325
1.09325
1.09325
1.09325
1.09325
1.09325
1.09325
1.09325
1.09325
1.09325
1.09325
1.09325
1.09325
1.09325
1.09325
1.09325
1.09325
1.09325
1.09325
1.09325
1.09325
1.09325
1.09325
1.09325
1.09325
1.09325
1.09325
1.09325
1.09325
1.09325
1.09325
1.09325
1.09325
1.09325
1.09325
1.09325
1.09325
1.09325
1.09325
1.09325
1.09325
1.09325
1.09325
1.09325
1.09325
1.09325
1.09325
1.09325
1.09325
1.09325
1.09325
1.09325
1.09325
1.09325
1.09325
1.09325
1.09325
1.09325
1.09325
1.09325
1.09325
1.09325
1.09325
1.09325
1.09325
1.09325
1.09325
1.09325
1.09325
1.09325
1.09325
1.09325
1.09325
1.09325
1.09325
1.09325
1.09325
1.09325
1.09325
1.09325
1.09325
1.09325
1.09325
1.09325
1.09325
1.09325
1.09325
1.09325
1.09325
1.09325
1.09325
1.09325
1.09325
1.09325
1.09325
1.09325
1.09325
1.09325
1.09325
1.09325
1.09325
1.09325
1.09325
1.09325
1.09325
1.09325
1.09325
1.09325
1.09325
1.09325
1.09325
1.09325
1.09325
1.09325
1.09325
1.09325
1.09325
1.09325
1.09325
1.09325
1.09325
1.09325
1.09325
1.09325
1.09325
1.09325
1.09325
1.09325
1.09325
1.09325
1.09325
1.09325
1.09325
1.09325
1.09325
1.09325
1.09325
1.09325
1.09325
1.09325
1.09325
1.09325
1.09325
1.09325
1.09325
1.09325
1.09325
1.09325
1.09325
1.09325
1.09325
1.09325
1.09325
1.09325
1.09325
1.09325
1.09325
1.09325
1.09325
1.09325
1.09325
1.09325
1.09325
1.09325
1.09325
1.09325
1.09325
1.09325
1.09325
1.09325
1.09325
1.09325
1.09325
1.09325
1.09325
1.09325
1.09325
1.09325
1.09325
1.09325
1.09325
1.09325
1.09325
1.09325
1.09325
1.09325
1.09325
1.09325
1.09325
1.09325
1.09325
1.09325
1.09325
1.09325
1.09325
1.09325
1.09325
1.09325
1.09325
1.09325
1.09325
1.09325
1.09325
1.09325
1.09325
1.09325
1.09325
1.09325
1.09325
1.09325
1.09325
1.09325
1.09325
1.09325
1.09325
1.09325
1.09325
1.09325
1.09325
1.09325
1.09325
1.09325
1.09325
1.09325
1.09325
1.09325
1.09325
1.09325
1.09325
1.09325
1.09325
1.09325
1.09325
1.09325
1.09325
1.09325
1.09325
1.09325
1.09325
1.09325
1.09325
1.09325
1.09325
1.09325
1.09325
1.09325
1.09325
1.09325
1.09325
1.09325
1.09325
1.09325
1.09325
1.09325
1.09325
1.09325
1.09325
1.09325
1.09325
1.09325
1.09325
1.09325
1.09325
1.09325
1.09325
1.09325
1.09325
1.09325
1.09325
1.09325
1.09325
1.09325
1.09325
1.09325
1.09325
1.09325
1.09325
1.09325
1.09325
1.09325
1.09325
1.09325
1.09325
1.09325
1.09325
1.09325
1.09325
1.09325
1.09325
1.09325
1.09325
1.09325
1.09325
1.09325
1.09325
1.09325
1.09325
1.09325
1.09325
1.09325
1.09325
1.09325
1.09325
1.09325
1.09325
1.09325
1.09325
1.09325
1.09325
1.09325
1.09325
1.09325
1.09325
1.09325
1.09325
1.09325
1.09325
1.09325
1.09325
1.09325
1.09325
1.09325
1.09325
1.09325
1.09325
1.09325
1.09325
1.09325
1.09325
1.09325
1.09325
1.09325
1.09325
1.09325
1.09325
1.09325
1.09325
1.09325
1.09325
1.09325
1.09325
1.09325
1.09325
1.09325
1.09325
1.09325
1.09325
1.09325
1.09325
1.09325
1.09325
1.09325
1.09325
1.09325
1.09325
1.09325
1.09325
1.09325
1.09325
1.09325
1.09325
1.09325
1.09325
1.09325
1.09325
1.09325
1.09325
1.09325
1.09325
1.09325
1.09325
1.09325
1.09325
1.09325
1.09325
1.09325
1.09325
1.09325
1.09325
1.09325
1.09325
1.09325
1.09325
1.09325
1.09325
1.09325
1.09325
1.09325
1.09325
1.09325
1.09325
1.09325
1.09325
1.09325
1.09325
1.09325
1.09325
1.09325
1.09325
1.09325
1.09325
1.09325
1.09325
1.09325
1.09325
1.09325
1.09325
1.09325
1.09325
1.09325
1.09325
1.09325
1.09325
1.09325
1.09325
1.09325
1.09325
1.09325
1.09325
1.09325
1.09325
1.09325
1.09325
1.09325
1.09325
1.09325
1.09325
1.09325
1.09325
1.09325
1.09325
1.09325
1.09325
1.09325
1.09325
1.09325
1.09325
1.09325
1.09325
1.09325
1.09325
1.09325
1.09325
1.09325
1.09325
1.09325
1.09325
1.09325
1.09325
1.0772
1.0772
1.0772
1.0772
1.0772
1.0772
1.07314
1.07314
1.07314
1.07167
1.07153
1.0705
1.0705
1.0705
1.0705
1.0705
1.0705
1.0705
1.0705
1.06946
1.06946
1.06946
1.06946
1.06946
1.06946
1.06946
1.06946
1.06946
1.06946
1.06946
1.06946
1.06946
1.06946
1.06946
1.06946
1.06946
1.06946
1.06946
1.06946
1.06946
1.06946
1.06946
1.06946
1.06946
1.06946
1.06946
1.06946
1.06946
1.06946
1.06946
1.06946
1.06946
1.06946
1.06946
1.06946
1.06946
1.06946
1.06946
1.06946
1.06946
1.06946
1.06946
1.06946
1.06946
1.06946
1.06946
1.06946
1.06946
1.06946
1.06946
1.06946
1.06946
1.06946
1.06946
1.06946
1.06946
1.06946
1.06946
1.06946
1.06946
1.06946
1.06946
1.06946
1.06946
1.06946
1.06946
1.06946
1.06858
1.06858
1.06858
1.06858
1.06858
1.06858
1.06858
1.06858
1.06858
1.06858
1.06858
1.06858
1.06858
1.06858
1.06858
1.06858
1.06858
1.06758
1.06758
1.06758
1.06758
1.06758
1.06758
1.06758
1.06758
1.06758
1.06758
1.06758
1.06758
1.06758
1.06758
1.06758
1.06758
1.06758
1.06758
1.06758
1.06758
1.06758
1.06758
1.06758
1.06758
1.06758
1.06758
1.06758
1.06758
1.06758
1.06758
1.06758
1.06758
1.06758
1.06758
1.06758
1.06758
1.06758
1.06758
1.06758
1.06758
1.06758
1.06758
1.06758
1.06758
1.06758
1.06758
1.06758
1.06758
1.06758
1.06758
1.06758
1.06758
1.06758
1.06758
1.06758
1.06758
1.06758
1.06758
1.06758
1.06758
1.06758
1.06758
1.06758
1.06758
1.06758
1.06758
1.06758
1.06758
1.06758
1.06758
1.06758
1.06758
1.06758
1.06758
1.06758
1.06758
1.06758
1.06758
1.06758
1.06758
1.06758
1.06758
1.06758
1.06758
1.06758
1.06758
1.06758
1.06758
1.06758
1.06758
1.06758
1.06758
1.06758
1.06758
1.06758
1.06758
1.06758
1.06758
1.06758
1.06758
1.06758
1.06758
1.06758
1.06758
1.06758
1.06749
1.06749
1.06749
1.06749
1.06749
1.06635
1.06635
1.06635
1.06635
1.06635
1.06635
1.06635
1.06635
1.06635
1.06635
1.06635
1.06635
1.06635
1.06635
1.06635
1.06635
1.06635
1.06635
1.06635
1.06635
1.06635
1.06635
1.06635
1.06635
1.06635
1.06635
1.06635
1.06635
1.06635
1.06635
1.06635
1.06635
1.06635
1.06635
1.06635
1.06635
1.06635
1.06635
1.06635
1.06635
1.06635
1.06635
1.06635
1.06635
1.06635
1.06635
1.06635
1.06635
1.06635
1.06635
1.06635
1.06635
1.06635
1.06635
1.06635
1.06635
1.06635
1.06635
1.06635
1.06635
1.06635
1.06635
1.06635
1.06635
1.06635
1.06635
1.06635
1.06635
1.06635
1.06635
1.06635
1.06635
1.06635
1.06635
1.06635
1.06635
1.06635
1.06635
1.06635
1.06635
1.06635
1.06635
1.06635
1.06635
1.06635
1.06635
1.06635
1.06635
1.06635
1.06635
1.06635
1.06635
1.06635
1.06635
1.06635
1.06635
1.06635
1.06635
1.06635
1.06635
1.06635
1.06635
1.06635
1.06635
1.06635
1.06635
1.06635
1.06635
1.06635
1.06635
1.06635
1.06635
1.06635
1.06635
1.06635
1.06635
1.06635
1.06635
1.06635
1.06635
1.06635
1.06635
1.06635
1.06635
1.06635
1.06635
1.06635
1.06635
1.06635
1.06635
1.06635
1.06635
1.06635
1.06635
1.06635
1.06635
1.06635
1.06635
1.06635
1.06635
1.06635
1.06635
1.06635
1.06635
1.06635
1.06635
1.06635
1.06635
1.06635
1.06635
1.06635
1.06635
1.06635
1.06635
1.06635
1.06635
1.06635
1.06635
1.06635
1.06635
1.06635
1.06635
1.06635
1.06635
1.06635
1.06635
1.06635
1.06635
1.06635
1.06635
1.06635
1.06635
1.06635
1.06635
1.06635
1.06635
1.06635
1.06635
1.06635
1.06635
1.06635
1.06635
1.06635
1.06635
1.06635
1.06635
1.06635
1.06635
1.06635
1.06635
1.06635
1.06635
1.06635
1.06635
1.06635
1.06635
1.06635
1.06635
1.06635
1.06635
1.06635
1.06635
1.06635
1.06635
1.06635
1.06635
1.06635
1.06635
1.06635
1.06635
1.06635
1.06635
1.06635
1.06635
1.06635
1.06635
1.06635
1.06635
1.06635
1.06635
1.06635
1.06635
1.06635
1.06635
1.06635
1.06635
1.06635
1.06635
1.06635
1.06635
1.06635
1.06635
1.06635
1.06635
1.06635
1.06294
1.06294
1.06294
1.06294
1.06294
1.06294
1.06294
1.06294
1.06294
1.06294
1.06294
1.06294
1.06294
1.06294
1.06294
1.06294
1.06294
1.06294
1.06294
1.06294
1.06294
1.06294
1.06294
1.06294
1.06294
1.06294
1.06294
1.06294
1.06294
1.06294
1.06294
1.06294
1.06294
1.06294
1.06294
1.06294
1.06294
1.06294
1.06294
1.06294
1.06294
1.06294
1.06294
1.06294
1.06294
1.06294
1.06294
1.06294
1.06294
1.06294
1.06294
1.06294
1.06294
1.06294
1.06294
1.06294
1.06294
1.06294
1.06294
1.06294
1.06294
1.06294
1.06294
1.06294
1.06294
1.06294
1.06294
1.06294
1.06294
1.06294
1.06294
1.06294
1.06294
1.06294
1.06294
1.06294
1.06294
1.06294
1.06294
1.06294
1.06294
1.06294
1.06294
1.06294
1.06294
1.06294
1.06294
1.06294
1.06294
1.06294
1.06294
1.06294
1.06294
1.06294
1.06294
1.06294
1.06294
1.06294
1.06294
1.06294
1.06294
1.06294
1.06294
1.06294
1.06294
1.06294
1.06294
1.06294
1.06294
1.06294
1.06294
1.06294
1.06294
1.06294
1.06294
1.06294
1.06294
1.06294
1.06294
1.06294
1.06294
1.06294
1.06294
1.06294
1.06294
1.06294
1.06294
1.06294
1.06294
1.06294
1.06294
1.06294
1.06294
1.06294
1.06294
1.06294
1.06294
1.06294
1.06294
1.06294
1.06294
1.06294
1.06294
1.06294
1.06294
1.06294
1.06294
1.06294
1.06294
1.06294
1.06294
1.06294
1.06294
1.06294
1.06294
1.06294
1.06294
1.06294
1.06294
1.06294
1.06294
1.06294
1.06294
1.06294
1.06294
1.06294
1.06294
1.06294
1.06294
1.06294
1.06294
1.06294
1.06294
1.06294
1.06294
1.06294
1.06294
1.06294
1.06294
1.06294
1.06294
1.06294
1.06294
1.06294
1.06294
1.06294
1.06294
1.06294
1.06294
1.06294
1.06294
1.06294
1.06294
1.06294
1.06294
1.06294
1.06294
1.06294
1.06294
1.06294
1.06294
1.06294
1.06294
1.06294
1.06294
1.06294
1.06294
1.06294
1.06294
1.06294
1.06294
1.06294
1.06294
1.06294
1.06294
1.06294
1.06294
1.06294
1.06294
1.06294
1.06294
1.06294
1.06294
1.06294
1.06294
1.06294
1.06294
1.06294
1.06294
1.06294
1.06294
1.06294
1.06294
1.06294
1.06294
1.06294
1.06294
1.06294
1.06294
1.06294
1.06294
1.06294
1.06294
1.06294
1.06294
1.06294
1.06294
1.06294
1.06294
1.06294
1.06294
1.06294
1.06294
1.06294
1.06294
1.06294
1.06294
1.06294
1.06294
1.06294
1.06294
1.06294
1.06294
1.06294
1.06294
1.06294
1.06294
1.06294
1.06294
1.06294
1.06294
1.06294
1.06294
1.06294
1.06294
1.06294
1.06294
1.06294
1.06294
1.06294
1.06294
1.06294
1.06294
1.06294
1.06294
1.06294
1.06294
1.06294
1.06294
1.06294
1.06294
1.06294
1.06294
1.06294
1.06294
1.06294
1.06294
1.06294
1.06294
1.06294
1.06294
1.06294
1.06294
1.06294
1.06294
1.06294
1.06294
1.06294
1.06294
1.06294
1.06294
1.06294
1.06294
1.06294
1.06294
1.06294
1.06294
1.06294
1.06294
1.06294
1.06294
1.06294
1.06294
1.06294
1.06294
1.06294
1.06294
1.06294
1.06294
1.06294
1.06294
1.06294
1.06294
1.06294
1.06294
1.06294
1.06294
1.06294
1.06294
1.06294
1.06294
1.06294
1.06294
1.06294
1.06294
1.06294
1.06294
1.06294
1.06294
1.06294
1.06294
1.06294
1.06294
1.06294
1.06294
1.06294
1.06294
1.06294
1.06294
1.06294
1.06294
1.06294
1.06294
1.06294
1.06294
1.06294
1.06294
1.06294
1.06294
1.06294
1.06294
1.06294
1.06294
1.06294
1.06294
1.06294
1.06294
1.06294
1.06294
1.06294
1.06294
1.06294
1.06294
1.06294
1.06294
1.06294
1.06294
1.06294
1.06294
1.06294
1.06294
1.06294
1.06294
1.06294
1.06294
1.06294
1.06294
1.06294
1.06294
1.06294
1.06294
1.06294
1.06294
1.06294
1.06294
1.06294
1.06294
1.06294
1.06294
1.06294
1.06294
1.06294
1.06294
1.06294
1.06294
1.06294
1.06294
1.06294
1.06294
1.06294
1.06294
1.06294
1.06294
1.06294
1.06294
1.06294
1.06294
1.06294
1.06294
1.06294
1.06294
1.06294
1.06294
1.06294
1.06294
1.06294
1.06294
1.06294
1.06294
1.06294
1.06294
1.06294
1.06294
1.06294
1.06294
1.06294
1.06294
1.06294
1.06294
1.06294
1.06294
1.06294
1.06294
1.06294
1.06294
1.06294
1.06294
1.06294
1.06294
1.06294
1.06294
1.06294
1.06294
1.06294
1.06294
1.06294
1.06294
1.06294
1.06294
1.06294
1.06294
1.06294
1.06294
1.06294
1.06294
1.06294
1.06294
1.06294
1.06294
1.06294
1.06294
1.06294
1.06294
1.06294
1.06294
1.06294
1.06294
1.06294
1.06294
1.06294
1.06294
1.06294
1.06294
1.06294
1.06294
1.06294
1.06294
1.06294
1.06294
1.06294
1.06294
1.06294
1.06294
1.06294
1.06294
1.06294
1.06294
1.06294
1.06294
1.06294
1.06294
1.06294
1.06294
1.06294
1.06294
1.06294
1.06294
1.06294
1.06294
1.06294
1.06294
1.06294
1.06294
1.06294
1.06294
1.06294
1.06294
1.06294
1.06294
1.06294
1.06294
1.06294
1.06294
1.06294
1.06294
1.06294
1.06294
1.06294
1.06294
1.06294
1.06294
1.06294
1.06294
1.06294
1.06294
1.06294
1.06294
1.06294
1.06294
1.06294
1.06294
1.06294
1.06294
1.06294
1.06294
1.06294
1.06294
1.06294
1.06294
1.06294
1.06294
1.06294
1.06294
1.06294
1.06294
1.06294
1.06294
1.06294
1.06294
1.06294
1.06294
1.06294
1.06294
1.06294
1.06294
1.06294
1.06294
1.06294
1.06294
1.06294
1.06294
1.06294
1.06294
1.06294
1.06294
1.06294
1.06294
1.06294
1.06294
1.06294
1.06294
1.06294
1.06294
1.06294
1.06294
1.06294
1.06294
1.06294
1.06294
1.06294
1.06294
1.06294
1.06294
1.06294
1.06294
1.06294
1.06294
1.06294
1.06294
1.06294
1.06294
1.06294
1.06294
1.06294
1.06294
1.06294
1.06294
1.06294
1.06294
1.06294
1.06294
1.06294
1.06294
1.06294
1.06294
1.06294
1.06294
1.06294
1.06294
1.06294
1.06294
1.06294
1.06294
1.06294
1.06294
1.06294
1.06294
1.06294
1.06294
1.06294
1.06294
1.06294
1.06294
1.06294
1.06294
1.06294
1.06294
1.06294
1.06294
1.06294
1.06294
1.06294
1.06294
1.06294
1.06294
1.06294
1.06294
1.06294
1.06294
1.06294
1.06294
1.06294
1.06294
1.06294
1.06294
1.06294
1.06294
1.06294
1.06294
1.06294
1.06294
1.06294
1.06294
1.06294
1.06294
1.06294
1.06294
1.06294
1.06294
1.06294
1.06294
1.06294
1.06294
1.06294
1.06294
1.06294
1.06294
1.06294
1.06294
1.06294
1.06294
1.06294
1.06294
1.06294
1.06294
1.06294
1.06294
1.06294
1.06294
1.06294
1.06294
1.06294
1.06294
1.06294
1.06294
1.06294
1.06294
1.06294
1.06294
1.06294
1.06294
1.06294
1.06294
1.06294
1.06294
1.06294
1.06294
1.06294
1.06294
1.06294
1.06294
1.06294
1.06294
1.06294
1.06294
1.06294
1.06294
1.06294
1.06294
1.06294
1.06294
1.06294
1.06294
1.06294
1.06294
1.06294
1.06294
1.06294
1.06294
1.06294
1.06294
1.06294
1.06294
1.06294
1.06294
1.06294
1.06294
1.06294
1.06294
1.06294
1.06294
1.06294
1.06294
1.06294
1.06294
1.06294
1.06294
1.06294
1.06294
1.06294
1.06294
1.06294
1.06294
1.06294
1.06294
1.06294
1.06294
1.06294
1.06294
1.06294
1.06294
1.06294
1.06294
1.06294
1.06294
1.06294
1.06294
1.06294
1.06294
1.06294
1.06294
1.06294
1.06294
1.06294
1.06294
1.06294
1.06294
1.06294
1.06294
1.06294
1.06294
1.06294
1.06294
1.06294
1.06294
1.06294
1.06294
1.06294
1.06294
1.06294
1.06294
1.06294
1.06294
1.06294
1.06294
1.06294
1.06294
1.06294
1.06294
1.06294
1.06294
1.06294
1.06294
1.06294
1.06294
1.06294
1.06294
1.06294
1.06294
1.06294
1.06294
1.06294
1.06294
1.06294
1.06294
1.06294
1.06294
1.06294
1.06294
1.06294
1.06294
1.06294
1.06294
1.06294
1.06294
1.06294
1.06294
1.06294
1.06294
1.06294
1.06294
1.06294
1.06294
1.06294
1.06294
1.06294
1.06294
1.06294
1.06294
1.06294
1.06294
1.06294
1.06294
1.06294
1.06294
1.06294
1.06294
1.06294
1.06294
1.06294
1.06294
1.06294
1.06294
1.06294
1.06294
1.06294
1.06294
1.06294
1.06294
1.06294
1.06294
1.06294
1.06294
1.06294
1.06294
1.06294
1.06294
