
/*---------------------------贪心算法思想下解的说明------------------------------*/

算法思想：以当前所在的点为参考选择离自己最近的点作为下一站，走过的点不在经过


贪心思想只能求得每一步只能求得局部最短路径，因此最终结果是近似最优解

贪心算法求解的最短路程的长度为：46678.2
实际的最短路径为：44303
此算法和最优解的近似度为:1.05361
time = 0.003s
/*---------------------------贪心算法思想下解的说明------------------------------*/



/*---------------------------遗传算法2思想下解的说明------------------------------*/

算法思想：随机生成一个路线序列，路线路径长度短的会更可能遗传下去，所以经过多次代际迭代，最终的结果会趋近于最优解


代际更迭次数越多，越接近最优解。这种算法最终结果是近似最优解

遗传算法求解的最短路程的长度为：47091.4
实际的最短路径为：44303
此算法和最优解的近似度为:1.06294
time = 133.409s
这个算法迭代终止条件是前后 856 代最优个体一样
这个算法中共计迭代 3640次
其中每一代个体数为 214   交叉遗传的概率为 0.8   变异的概率为 0.1

迭代过程中 交叉遗传次数为311932  其中变异次数为78896

以下是迭代过程中每一代中最好的个体所对应的路先长度变化（每20代输出一次）

334621 271366 219707 191731 171645 153444 143895 136778 133420 129305 117004 111791 110656 107573 91641 90420.2 87719.7 87055.9 84972.4 84629.4 
84335.5 83800.6 82896.4 82634.5 82634.5 82584.1 82359.4 82111.2 82042.6 81305.5 80362.6 78945.7 78108.9 77228.6 77090.5 76843.3 72479.3 70919.6 70919.6 70919.6 
70919.6 70780.7 70580.1 70580.1 70569.2 70569.2 70569.2 70569.2 70569.2 70569.2 70061.6 69212.1 69085.9 69085.9 69063.6 68387.6 68250.9 68219.7 67249.6 66433.5 
65849.1 65849.1 65849.1 65849.1 65849.1 65849.1 65744.3 65152.6 64682 64682 64682 64682 64682 64682 64682 50500.7 49779.6 49718.7 49718.7 49718.7 
49718.7 49718.7 49656.3 49656.3 49601.5 49601.5 48434.4 48434.4 48434.4 48434.4 48434.4 48434.4 48434.4 48434.4 48434.4 48434.4 48434.4 48434.4 48434.4 48434.4 
48434.4 48434.4 48434.4 48434.4 48434.4 48434.4 48434.4 48434.4 48434.4 48434.4 48434.4 48434.4 48434.4 48434.4 48434.4 47723.1 47380.4 47380.4 47380.4 47380.4 
47296.8 47296.8 47296.8 47296.8 47296.8 47296.8 47242.5 47242.5 47242.5 47242.5 47242.5 47242.5 47242.5 47242.5 47242.5 47242.5 47242.5 47242.5 47091.2 47091.4 
47091.4 47091.4 47091.4 47091.4 47091.4 47091.4 47091.4 47091.4 47091.4 47091.4 47091.4 47091.4 47091.4 47091.4 47091.4 47091.4 47091.4 47091.4 47091.4 47091.4 
47091.4 47091.4 47091.4 47091.4 47091.4 47091.4 47091.4 47091.4 47091.4 47091.4 47091.4 47091.4 47091.4 47091.4 47091.4 47091.4 47091.4 47091.4 47091.4 47091.4 
47091.4 47091.4 
/*---------------------------遗传算法2思想下解的说明------------------------------*/


