4.78119
4.6377
4.3647
4.3647
4.13609
4.12668
4.08849
4.04796
4.03404
3.87006
3.87006
3.87006
3.83142
3.81411
3.77397
3.77397
3.74689
3.69158
3.68147
3.58496
3.58496
3.54392
3.54392
3.54392
3.54392
3.54392
3.41216
3.41216
3.41216
3.41216
3.36738
3.36455
3.30888
3.30888
3.24837
3.24837
3.24837
3.16541
3.16541
3.16115
3.11364
3.11364
3.10972
3.09272
3.06474
3.06474
3.04572
2.99212
2.98874
2.98874
2.98874
2.98874
2.98874
2.95978
2.95978
2.95978
2.90196
2.90196
2.90196
2.82414
2.82414
2.82414
2.79315
2.79315
2.7614
2.7614
2.74489
2.74489
2.71976
2.71976
2.71549
2.68955
2.68955
2.68955
2.62651
2.61462
2.61462
2.58745
2.58745
2.58745
2.57114
2.57114
2.57114
2.54357
2.54357
2.54357
2.51072
2.49013
2.453
2.453
2.453
2.453
2.453
2.42054
2.42054
2.4112
2.40048
2.36118
2.35683
2.35454
2.33998
2.33998
2.33998
2.30612
2.30612
2.30612
2.30529
2.26714
2.26714
2.26714
2.26547
2.26547
2.26547
2.23885
2.23885
2.23885
2.23302
2.23302
2.20582
2.16034
2.16034
2.13484
2.13484
2.13484
2.13484
2.13484
2.13017
2.12517
2.12517
2.11985
2.11985
2.10256
2.10024
2.10024
2.07768
2.07768
2.07674
2.07674
2.06956
2.06956
2.05577
2.05136
2.05136
2.05347
2.03432
2.03297
2.03297
2.02023
2.02023
2.02023
2.01278
2.01278
2.00639
1.99943
1.99943
1.99394
1.99394
1.99394
1.98832
1.98832
1.98527
1.98301
1.978
1.978
1.97436
1.96118
1.96118
1.96118
1.96118
1.95444
1.95444
1.95444
1.95085
1.95104
1.95104
1.94603
1.94603
1.94603
1.94603
1.94405
1.93372
1.92532
1.92532
1.92532
1.92532
1.92089
1.92089
1.92089
1.91477
1.91477
1.91477
1.91477
1.90787
1.90681
1.90681
1.90681
1.90681
1.90681
1.90681
1.90066
1.90064
1.89376
1.89376
1.89376
1.88869
1.88869
1.88293
1.88293
1.87709
1.87709
1.87709
1.87424
1.86909
1.85923
1.85923
1.85923
1.85591
1.85433
1.83505
1.83505
1.82004
1.82004
1.82004
1.82004
1.82004
1.82004
1.82004
1.82004
1.81755
1.81755
1.81755
1.81094
1.81094
1.81094
1.81094
1.81094
1.80491
1.80491
1.80491
1.80491
1.80491
1.80491
1.80491
1.80378
1.79864
1.79864
1.79864
1.79864
1.79064
1.79064
1.79064
1.79064
1.79064
1.79064
1.79064
1.79064
1.79064
1.78504
1.781
1.781
1.77987
1.77987
1.77987
1.77987
1.77627
1.77627
1.77627
1.77627
1.77627
1.77627
1.77627
1.76947
1.75689
1.75689
1.7543
1.7543
1.75248
1.75248
1.75248
1.75181
1.75181
1.75181
1.74195
1.74195
1.74195
1.74195
1.74195
1.74195
1.74195
1.74195
1.74195
1.74195
1.73989
1.73989
1.73989
1.73989
1.73989
1.73989
1.73989
1.7337
1.731
1.731
1.731
1.72658
1.72172
1.72172
1.72172
1.72172
1.72172
1.72043
1.72043
1.72043
1.7129
1.7129
1.7129
1.70413
1.70413
1.70413
1.70413
1.70413
1.70413
1.70413
1.70413
1.70413
1.70413
1.70413
1.70413
1.70413
1.70413
1.70413
1.70413
1.69843
1.69843
1.69843
1.70027
1.70027
1.69757
1.69757
1.69757
1.69617
1.68909
1.68909
1.68787
1.68787
1.68787
1.68787
1.68787
1.68787
1.68522
1.68253
1.68253
1.68253
1.68253
1.67876
1.67876
1.67876
1.67876
1.67876
1.67876
1.67876
1.67876
1.67754
1.67754
1.67754
1.67754
1.67754
1.67754
1.67754
1.67754
1.67754
1.67754
1.67754
1.67754
1.67754
1.67754
1.67754
1.67459
1.67459
1.67459
1.67459
1.67459
1.67459
1.67459
1.67459
1.67459
1.67459
1.67293
1.67293
1.67293
1.67293
1.6723
1.6723
1.6723
1.66639
1.66639
1.66639
1.66639
1.66639
1.6641
1.6641
1.6641
1.6641
1.6641
1.6641
1.66115
1.66115
1.66115
1.66115
1.66115
1.65949
1.65949
1.65949
1.65949
1.65949
1.65949
1.6591
1.6591
1.6591
1.65744
1.65744
1.65744
1.65744
1.65744
1.65744
1.65744
1.65451
1.65451
1.65451
1.65451
1.65451
1.65451
1.65451
1.65449
1.64673
1.64673
1.64378
1.64378
1.64378
1.64378
1.64173
1.64173
1.64173
1.64173
1.64173
1.63859
1.63859
1.63859
1.63859
1.63859
1.63859
1.63859
1.63859
1.63859
1.63859
1.63384
1.63384
1.63384
1.63384
1.63384
1.63292
1.63292
1.63292
1.63292
1.63292
1.63292
1.63292
1.63167
1.63167
1.63167
1.63167
1.63167
1.63167
1.63167
1.63167
1.63167
1.63167
1.63167
1.63167
1.63167
1.62937
1.62937
1.62937
1.62937
1.62937
1.62937
1.62937
1.62937
1.62937
1.62937
1.62937
1.62937
1.62937
1.62699
1.62699
1.62699
1.62699
1.62699
1.62699
1.62699
1.62699
1.62699
1.62699
1.62699
1.62699
1.62461
1.62461
1.62461
1.62461
1.62461
1.62461
1.62461
1.62461
1.62461
1.62308
1.62308
1.62308
1.62308
1.62308
1.62308
1.62114
1.62114
1.62114
1.62114
1.61667
1.61667
1.61667
1.61667
1.60823
1.60823
1.60823
1.60823
1.60823
1.60495
1.60184
1.60184
1.60184
1.60029
1.60029
1.60029
1.60029
1.60029
1.60029
1.60029
1.60029
1.60029
1.60029
1.60029
1.60029
1.60029
1.60029
1.59839
1.59839
1.59839
1.59389
1.59389
1.59389
1.59389
1.59389
1.59389
1.59389
1.59389
1.59389
1.59389
1.59389
1.59389
1.59389
1.59389
1.59389
1.59342
1.59342
1.58279
1.58279
1.58279
1.58279
1.58279
1.58279
1.58279
1.58279
1.57795
1.57795
1.57795
1.57795
1.57795
1.57011
1.57011
1.57011
1.57011
1.56698
1.56698
1.56698
1.56698
1.56698
1.56698
1.56698
1.56698
1.56698
1.56698
1.56698
1.56698
1.56698
1.56581
1.55854
1.55854
1.55854
1.55854
1.55854
1.55854
1.55854
1.55854
1.55854
1.54596
1.54596
1.54596
1.54596
1.54596
1.54596
1.54596
1.54596
1.54596
1.54596
1.54596
1.54596
1.54596
1.54596
1.54596
1.54392
1.54392
1.54392
1.54392
1.54347
1.53878
1.53878
1.53878
1.53878
1.53878
1.53878
1.52997
1.52997
1.52997
1.52997
1.52952
1.52793
1.52793
1.52748
1.52748
1.52748
1.52748
1.52503
1.52503
1.51841
1.51841
1.51841
1.51841
1.51841
1.51841
1.51014
1.51014
1.50284
1.50284
1.50284
1.50284
1.50284
1.50284
1.50284
1.50102
1.50102
1.50102
1.50102
1.50102
1.50102
1.50102
1.50102
1.50102
1.49807
1.49807
1.49807
1.49807
1.49807
1.4957
1.4957
1.4957
1.49392
1.49392
1.49392
1.49392
1.49392
1.49093
1.49093
1.49093
1.49093
1.49093
1.49093
1.49093
1.49093
1.48022
1.48022
1.48022
1.48022
1.48022
1.48022
1.48022
1.48022
1.48022
1.48022
1.48022
1.48022
1.48022
1.46689
1.46689
1.46689
1.46689
1.46689
1.46689
1.46689
1.46472
1.46472
1.46472
1.46472
1.46472
1.46472
1.46472
1.46472
1.46472
1.46472
1.46472
1.46472
1.45935
1.45935
1.45935
1.45935
1.45797
1.45797
1.45797
1.45797
1.45797
1.45797
1.45797
1.45296
1.45303
1.45303
1.44398
1.44398
1.44398
1.43643
1.43643
1.43643
1.43643
1.43643
1.43643
1.43643
1.43643
1.43643
1.43643
1.43643
1.43643
1.43643
1.43643
1.43643
1.43643
1.43643
1.43643
1.43643
1.43643
1.43643
1.43643
1.43643
1.43643
1.43643
1.43643
1.43643
1.43182
1.43182
1.43182
1.43182
1.43182
1.43182
1.43182
1.43182
1.43182
1.43182
1.43182
1.43182
1.42888
1.42631
1.42631
1.42631
1.42631
1.42631
1.42631
1.42631
1.42631
1.42631
1.42631
1.42631
1.42631
1.42631
1.42631
1.42631
1.42631
1.42631
1.42631
1.42631
1.42631
1.42631
1.42631
1.42631
1.42631
1.42631
1.42631
1.42631
1.42631
1.42631
1.42631
1.42631
1.42631
1.42631
1.42631
1.42631
1.42631
1.42631
1.42631
1.42631
1.42631
1.42345
1.42345
1.42345
1.42345
1.42345
1.42107
1.42107
1.42107
1.42107
1.41751
1.41751
1.41751
1.41751
1.41751
1.41751
1.41751
1.41751
1.41751
1.4155
1.41464
1.41464
1.41464
1.41464
1.41464
1.41059
1.41059
1.41059
1.41059
1.41059
1.41059
1.41059
1.41059
1.41059
1.41059
1.41059
1.41059
1.41059
1.41059
1.41059
1.41059
1.41059
1.41059
1.41059
1.41059
1.41059
1.40976
1.40976
1.40976
1.40364
1.40364
1.40364
1.40364
1.40364
1.40364
1.40364
1.40364
1.40364
1.40364
1.40364
1.40364
1.40364
1.40364
1.40364
1.4042
1.4042
1.4042
1.4042
1.4042
1.4042
1.4042
1.4042
1.4042
1.4042
1.4042
1.4042
1.4042
1.4042
1.4042
1.4042
1.4042
1.4042
1.4042
1.4042
1.4042
1.40066
1.40066
1.40066
1.40066
1.40066
1.40066
1.3964
1.3964
1.3964
1.3964
1.39217
1.34901
1.34901
1.34901
1.34901
1.34901
1.34901
1.34551
1.34551
1.34551
1.34551
1.33845
1.33845
1.33494
1.33494
1.33494
1.33113
1.33113
1.33113
1.33113
1.33028
1.3254
1.32215
1.32215
1.32215
1.32215
1.32215
1.32215
1.32215
1.32215
1.32215
1.32215
1.32215
1.32215
1.32215
1.32215
1.32215
1.32192
1.32192
1.32192
1.32192
1.32192
1.32192
1.32192
1.32192
1.32192
1.32192
1.32192
1.3081
1.3081
1.3081
1.3081
1.30856
1.30856
1.30856
1.30856
1.30856
1.30856
1.30856
1.30368
1.30368
1.30368
1.30368
1.30368
1.30368
1.30368
1.30414
1.30414
1.30414
1.30414
1.30414
1.30414
1.30414
1.30414
1.30414
1.30414
1.30414
1.30414
1.30414
1.30414
1.30414
1.30414
1.30414
1.30414
1.30414
1.30414
1.30414
1.30414
1.30414
1.30414
1.30414
1.30414
1.30414
1.30414
1.30414
1.30414
1.30414
1.30414
1.30414
1.30414
1.30414
1.30414
1.30414
1.30414
1.30414
1.30414
1.30414
1.30414
1.30414
1.30414
1.29624
1.28856
1.28856
1.28902
1.28902
1.28902
1.28902
1.27316
1.27316
1.27143
1.27143
1.27143
1.27143
1.27189
1.27189
1.27189
1.27189
1.27189
1.27189
1.27189
1.27189
1.27189
1.27189
1.27189
1.27189
1.27189
1.27189
1.27189
1.27189
1.27189
1.27189
1.27189
1.27189
1.27189
1.27189
1.27189
1.27189
1.27189
1.27189
1.27189
1.27189
1.27189
1.27189
1.27189
1.27189
1.27189
1.27189
1.27189
1.27189
1.27189
1.27189
1.27189
1.27189
1.27189
1.27189
1.27189
1.27189
1.27189
1.27189
1.27189
1.27189
1.27189
1.27189
1.27189
1.27189
1.27189
1.27189
1.27189
1.27189
1.27189
1.27189
1.27189
1.27189
1.27189
1.27189
1.27189
1.27189
1.27189
1.27189
1.27189
1.27189
1.27189
1.27189
1.27189
1.27189
1.27189
1.27189
1.27189
1.27189
1.27189
1.27189
1.27189
1.27189
1.27189
1.27189
1.27189
1.27189
1.27189
1.27189
1.27189
1.27189
1.27189
1.27189
1.27189
1.27189
1.27189
1.27189
1.26912
1.26912
1.26912
1.26912
1.26912
1.26912
1.26912
1.26912
1.26912
1.26912
1.26959
1.26959
1.26959
1.26959
1.26959
1.26959
1.26959
1.26959
1.26959
1.26959
1.26959
1.26959
1.26959
1.26959
1.26959
1.26959
1.26959
1.26959
1.26959
1.26959
1.26959
1.26959
1.26959
1.26959
1.26959
1.26959
1.26755
1.26755
1.26755
1.26823
1.26823
1.26823
1.26823
1.26823
1.26823
1.26823
1.26823
1.26823
1.26823
1.26823
1.26823
1.26823
1.26823
1.26823
1.26823
1.26823
1.26823
1.26823
1.26823
1.26823
1.26823
1.26823
1.26823
1.26823
1.26823
1.26823
1.26823
1.26823
1.26823
1.26823
1.26823
1.26823
1.26823
1.26823
1.26823
1.26823
1.26823
1.26823
1.26632
1.26632
1.26632
1.26632
1.26632
1.26632
1.26632
1.26632
1.26632
1.26632
1.26632
1.25846
1.25846
1.25846
1.25846
1.25787
1.25787
1.25787
1.25787
1.25787
1.25787
1.25787
1.25787
1.25787
1.25787
1.25787
1.25854
1.25854
1.25854
1.25854
1.25854
1.25854
1.25854
1.25442
1.25383
1.25383
1.25344
1.24446
1.24446
1.24386
1.24386
1.24386
1.24386
1.24386
1.2428
1.2428
1.2428
1.2428
1.2428
1.2428
1.2428
1.2428
1.2428
1.2428
1.2428
1.2428
1.2428
1.2428
1.2428
1.2428
1.2428
1.23664
1.23664
1.23605
1.23605
1.23605
1.23605
1.23605
1.23605
1.23605
1.23605
1.23605
1.23605
1.23605
1.2319
1.23308
1.23308
1.23308
1.23308
1.23308
1.23308
1.23308
1.22834
1.22834
1.22834
1.22834
1.22834
1.22834
1.22834
1.22834
1.22834
1.22834
1.22834
1.22834
1.22834
1.22834
1.22834
1.22834
1.22834
1.22834
1.22834
1.22834
1.22834
1.22834
1.22834
1.22834
1.22834
1.22834
1.22615
1.22615
1.22615
1.22615
1.22615
1.22615
1.22615
1.22615
1.22615
1.22615
1.22615
1.22615
1.22615
1.22615
1.22615
1.22615
1.22615
1.22615
1.22615
1.22615
1.22615
1.22615
1.22615
1.22615
1.22615
1.22615
1.22615
1.22615
1.22615
1.22615
1.22615
1.22615
1.22615
1.22615
1.22615
1.22615
1.22615
1.22615
1.22615
1.22615
1.22615
1.22615
1.22615
1.22615
1.22615
1.22615
1.22615
1.22615
1.22615
1.22615
1.22615
1.22615
1.22615
1.22615
1.22615
1.22615
1.22615
1.22615
1.22615
1.22615
1.22615
1.22615
1.22615
1.22615
1.22615
1.22615
1.22615
1.22615
1.22615
1.22615
1.22615
1.22615
1.22615
1.22615
1.22615
1.22615
1.22615
1.22615
1.22615
1.22615
1.22615
1.22615
1.22615
1.21731
1.21731
1.21731
1.21731
1.21731
1.21731
1.21731
1.21731
1.21615
1.21615
1.21615
1.21615
1.20902
1.20902
1.20902
1.20902
1.20902
1.20902
1.20902
1.20902
1.20902
1.20902
1.20902
1.20902
1.20902
1.20902
1.20902
1.20902
1.20902
1.20902
1.20902
1.20902
1.20902
1.20902
1.20902
1.20902
1.20902
1.20902
1.20902
1.20902
1.20902
1.20902
1.20902
1.20902
1.20902
1.20902
1.20902
1.20902
1.20902
1.20902
1.20902
1.20902
1.20902
1.20902
1.20902
1.20902
1.20902
1.20902
1.20902
1.20902
1.20902
1.20902
1.20193
1.20193
1.20193
1.20193
1.20193
1.20193
1.20193
1.20193
1.20193
1.20193
1.20193
1.20193
1.20193
1.20193
1.20193
1.20193
1.20193
1.20193
1.20193
1.20193
1.20193
1.20193
1.20193
1.20193
1.20193
1.20193
1.20193
1.20193
1.20193
1.20193
1.20193
1.20193
1.20193
1.20193
1.20193
1.20193
1.20049
1.20049
1.20049
1.20049
1.20049
1.20049
1.20049
1.20049
1.20049
1.20049
1.20049
1.20049
1.20049
1.20049
1.20049
1.20049
1.20093
1.20093
1.20093
1.20093
1.20093
1.20093
1.20093
1.20093
1.20093
1.20093
1.20093
1.20093
1.20093
1.20093
1.20093
1.20093
1.20093
1.20093
1.20093
1.20093
1.20093
1.20093
1.20093
1.20093
1.20093
1.20093
1.19467
1.19467
1.19467
1.19467
1.19467
1.19467
1.19503
1.19503
1.19503
1.19503
1.19503
1.19503
1.19503
1.18978
1.17889
1.17889
1.17542
1.17542
1.17542
1.16897
1.16897
1.16897
1.16897
1.16302
1.16302
1.16302
1.16302
1.16302
1.16302
1.16302
1.16302
1.16302
1.16302
1.16302
1.16302
1.16302
1.16302
1.16302
1.16302
1.16302
1.16302
1.16302
1.16302
1.16302
1.16302
1.16302
1.16302
1.16302
1.16302
1.16302
1.16302
1.16302
1.16302
1.16302
1.16302
1.16302
1.16302
1.16302
1.16302
1.16302
1.16302
1.16302
1.16302
1.16302
1.16302
1.16302
1.16302
1.16302
1.16302
1.16302
1.16302
1.15919
1.15919
1.15919
1.15919
1.15919
1.15919
1.15919
1.15919
1.15919
1.15919
1.15919
1.15919
1.15919
1.15919
1.15919
1.15919
1.15919
1.15919
1.15919
1.15919
1.15919
1.15919
1.15919
1.15919
1.15919
1.15919
1.15919
1.15919
1.15919
1.15919
1.15919
1.15919
1.15919
1.1587
1.1587
1.1587
1.1587
1.1587
1.1587
1.1587
1.1587
1.1587
1.1587
1.1587
1.1587
1.1587
1.1587
1.1587
1.1587
1.1587
1.1587
1.1587
1.1587
1.1587
1.1587
1.1587
1.1587
1.1587
1.1587
1.1587
1.1587
1.1587
1.1587
1.1587
1.1587
1.1587
1.1587
1.1587
1.1587
1.1587
1.1587
1.1587
1.1587
1.1587
1.1587
1.1587
1.1587
1.1587
1.1587
1.1587
1.1587
1.1587
1.1587
1.1587
1.1587
1.1587
1.1587
1.1587
1.1587
1.1587
1.1587
1.1587
1.1587
1.1587
1.1587
1.1587
1.1587
1.1587
1.1587
1.1587
1.1587
1.1587
1.1587
1.1587
1.1587
1.1587
1.1587
1.1587
1.1587
1.1587
1.1587
1.1587
1.1587
1.1587
1.1587
1.1587
1.1587
1.1587
1.1587
1.1587
1.1587
1.1587
1.1587
1.1587
1.1587
1.1587
1.1587
1.1587
1.1587
1.1587
1.1587
1.1587
1.1587
1.1587
1.1587
1.1587
1.1587
1.1587
1.1587
1.1587
1.1587
1.1587
1.1587
1.1587
1.1587
1.1587
1.1587
1.1587
1.1587
1.1587
1.1587
1.1587
1.1587
1.1587
1.1587
1.1587
1.1587
1.1587
1.1587
1.1587
1.1587
1.1587
1.1587
1.1587
1.1587
1.1587
1.1587
1.1587
1.1587
1.1587
1.1587
1.15963
1.15963
1.15963
1.15963
1.15963
1.15963
1.15963
1.15963
1.15963
1.15963
1.15963
1.15963
1.15963
1.15963
1.15963
1.15963
1.15963
1.15963
1.15963
1.15963
1.15963
1.15963
1.15963
1.15963
1.15963
1.15963
1.15963
1.15963
1.15963
1.15963
1.15963
1.15963
1.15963
1.15963
1.15963
1.15963
1.15963
1.15963
1.15963
1.15963
1.15963
1.15963
1.15963
1.15963
1.15963
1.15963
1.15963
1.15963
1.15963
1.15963
1.15963
1.15963
1.15963
1.15963
1.15963
1.15963
1.15963
1.15963
1.15963
1.15963
1.15963
1.15963
1.15963
1.15963
1.15963
1.15963
1.15963
1.15963
1.15963
1.15963
1.15963
1.15963
1.15963
1.15963
1.15963
1.15963
1.15963
1.15963
1.15377
1.15377
1.15377
1.15377
1.15377
1.15377
1.15377
1.15377
1.15377
1.15377
1.15377
1.15377
1.15377
1.15377
1.15377
1.15377
1.15377
1.15377
1.15377
1.15377
1.15377
1.15377
1.15377
1.15377
1.15377
1.15377
1.15377
1.15377
1.15377
1.15377
1.15377
1.15377
1.15377
1.15377
1.15377
1.15377
1.15377
1.15377
1.15377
1.15377
1.15377
1.15377
1.15377
1.15377
1.15377
1.15377
1.15377
1.15377
1.15377
1.15377
1.15377
1.15377
1.15377
1.15377
1.15377
1.15377
1.15377
1.15377
1.15377
1.15377
1.15377
1.15377
1.15377
1.15377
1.15377
1.15377
1.15377
1.15377
1.15377
1.15377
1.15377
1.15377
1.15377
1.15377
1.15377
1.15377
1.15377
1.15377
1.15377
1.15377
1.15377
1.15377
1.15377
1.15377
1.15377
1.15377
1.15377
1.15377
1.15377
1.15377
1.15377
1.15377
1.15377
1.15377
1.15377
1.15377
1.15377
1.15377
1.15377
1.15377
1.15377
1.15377
1.15377
1.15377
1.15377
1.15377
1.15377
1.15377
1.15377
1.15377
1.15377
1.15377
1.15377
1.15377
1.15377
1.15377
1.15377
1.15377
1.15377
1.15377
1.15377
1.15377
1.15377
1.15377
1.15377
1.15377
1.15377
1.15377
1.15377
1.15377
1.15377
1.15377
1.15377
1.15377
1.15377
1.15377
1.15377
1.15377
1.15377
1.15377
1.15377
1.15377
1.15377
1.15377
1.15377
1.15377
1.15377
1.15377
1.15377
1.15377
1.15377
1.15377
1.15377
1.15377
1.15377
1.15377
1.15377
1.15377
1.15377
1.15377
1.15283
1.15283
1.15283
1.15283
1.15283
1.15283
1.15283
1.15283
1.15283
1.15283
1.15283
1.15283
1.15283
1.15283
1.15283
1.15283
1.15283
1.15283
1.15283
1.15283
1.15283
1.15283
1.15283
1.15283
1.15283
1.15283
1.15283
1.15283
1.15283
1.15283
1.15283
1.15283
1.15283
1.15283
1.15283
1.15283
1.15283
1.15283
1.15283
1.15283
1.15283
1.15283
1.15283
1.15283
1.15283
1.15283
1.15283
1.15283
1.15283
1.15283
1.15283
1.15283
1.15283
1.15283
1.15283
1.15283
1.15283
1.15283
1.15283
1.15283
1.15283
1.15283
1.15283
1.15283
1.15283
1.15283
1.15283
1.15283
1.15283
1.15283
1.15283
1.15283
1.15283
1.15283
1.15283
1.15283
1.15283
1.15283
1.15283
1.15283
1.15283
1.15283
1.15283
1.15283
1.15283
1.15283
1.15283
1.15283
1.15283
1.15283
1.15283
1.15283
1.15283
1.15283
1.15283
1.15283
1.15283
1.15283
1.15283
1.15283
1.15283
1.15283
1.15283
1.15283
1.15283
1.15283
1.15283
1.15283
1.15283
1.15283
1.15283
1.15283
1.15283
1.15283
1.15283
1.15283
1.15283
1.15283
1.15283
1.15283
1.15283
1.15283
1.15283
1.15283
1.15283
1.15283
1.15283
1.15283
1.15283
1.15283
1.15283
1.15283
1.15283
1.15283
1.15283
1.15283
1.15283
1.15283
1.15283
1.15283
1.15283
1.15283
1.15283
1.15283
1.15283
1.15283
1.15283
1.15283
1.15283
1.15283
1.15283
1.15283
1.15283
1.15283
1.15283
1.15283
1.15283
1.15283
1.15283
1.15283
1.15283
1.15283
1.15283
1.15283
1.15283
1.15283
1.15283
1.15283
1.15283
1.15283
1.15283
1.15283
1.15283
1.15283
1.15283
1.15283
1.15283
1.15283
1.15283
1.15283
1.15283
1.15283
1.15283
1.15283
1.15283
1.15283
1.15283
1.15283
1.15283
1.15283
1.15283
1.15283
1.15283
1.15283
1.15283
1.15283
1.15283
1.15283
1.15283
1.15283
1.15283
1.15283
1.15283
1.15283
1.15283
1.15283
1.15283
1.15283
1.15283
1.15283
1.15283
1.15283
1.15283
1.15283
1.15283
1.15283
1.15283
1.15283
1.15283
1.15283
1.15283
1.15283
1.15283
1.15283
1.15283
1.15283
1.15283
1.15283
1.15283
1.15283
1.15283
1.15283
1.15283
1.15283
1.15283
1.15283
1.15283
1.15283
1.15283
1.15283
1.15283
1.15283
1.15283
1.15283
1.15283
1.15283
1.15283
1.15283
1.15283
1.15283
1.15283
1.15283
1.15283
1.15283
1.15283
1.15283
1.15283
1.15283
1.15283
1.15283
1.15283
1.15283
1.15283
1.15283
1.15283
1.15283
1.15283
1.15283
1.15283
1.15283
1.15283
1.15283
1.15283
1.15283
1.15283
1.15283
1.15283
1.15283
1.15283
1.15283
1.15283
1.15283
1.15283
1.15283
1.15283
1.15283
1.15283
1.15283
1.15283
1.15283
1.15283
1.1504
1.1504
1.1504
1.1504
1.1504
1.1504
1.1504
1.1504
1.1504
1.1504
1.1504
1.1504
1.1504
1.13658
1.13658
1.13658
1.13658
1.13658
1.13658
1.13658
1.13658
1.13658
1.13658
1.13658
1.13658
1.13658
1.13658
1.13658
1.13658
1.13658
1.13658
1.13658
1.13658
1.13658
1.13658
1.13658
1.13658
1.13658
1.13658
1.13658
1.13658
1.13658
1.13658
1.13658
1.13658
1.13658
1.13658
1.13658
1.13658
1.13658
1.13658
1.13658
1.13658
1.13658
1.13658
1.13658
1.13658
1.13658
1.13658
1.13658
1.13658
1.13658
1.13658
1.13658
1.13658
1.13658
1.13658
1.13658
1.13658
1.13658
1.13658
1.13658
1.13658
1.13658
1.13658
1.13658
1.13658
1.13658
1.13658
1.13658
1.13658
1.13658
1.13658
1.13658
1.13658
1.13658
1.13658
1.13658
1.13658
1.13658
1.13658
1.13658
1.13658
1.13658
1.13658
1.13658
1.13658
1.13658
1.13658
1.13658
1.13658
1.13658
1.13658
1.13658
1.13658
1.13658
1.13658
1.13658
1.13658
1.13658
1.13658
1.13658
1.13658
1.13658
1.13658
1.13658
1.13658
1.13658
1.13658
1.13658
1.13658
1.13658
1.13658
1.13658
1.13658
1.13658
1.13658
1.13658
1.13658
1.13658
1.13658
1.13658
1.13658
1.13658
1.13658
1.13658
1.13658
1.13658
1.13658
1.13658
1.13658
1.13658
1.13658
1.13658
1.13658
1.13658
1.13658
1.13658
1.13658
1.13658
1.13658
1.13658
1.13658
1.13658
1.13658
1.13658
1.13658
1.13658
1.13658
1.13658
1.13658
1.13658
1.13658
1.13658
1.13658
1.13658
1.13658
1.13658
1.13658
1.13658
1.13658
1.13658
1.13658
1.13658
1.13658
1.13658
1.13658
1.13658
1.13658
1.13658
1.13658
1.13658
1.13658
1.13658
1.13658
1.13658
1.13658
1.13658
1.13658
1.13658
1.12569
1.12569
1.12569
1.12569
1.12569
1.12569
1.12569
1.12569
1.12569
1.12569
1.12569
1.12569
1.12569
1.12569
1.12569
1.12569
1.12569
1.12569
1.12569
1.12569
1.12569
1.12569
1.12569
1.12569
1.12569
1.12569
1.12569
1.12569
1.12569
1.12569
1.12569
1.12569
1.12569
1.12569
1.12569
1.12569
1.12569
1.12569
1.12569
1.12569
1.12569
1.12569
1.12569
1.12569
1.12569
1.12569
1.12569
1.12569
1.12569
1.12569
1.12569
1.12569
1.12569
1.12569
1.12569
1.12569
1.12569
1.12569
1.12569
1.12569
1.12569
1.12569
1.12569
1.12569
1.12569
1.12569
1.12569
1.12569
1.12569
1.12569
1.12569
1.12569
1.12569
1.12569
1.12569
1.12569
1.12569
1.12569
1.12569
1.12569
1.12569
1.12569
1.12569
1.12569
1.12569
1.12569
1.12569
1.12569
1.12569
1.12569
1.12569
1.12569
1.12569
1.12569
1.12569
1.12569
1.12569
1.12569
1.12569
1.12569
1.12569
1.12569
1.12569
1.12569
1.12527
1.12527
1.12527
1.12527
1.12527
1.12527
1.12527
1.12527
1.12527
1.12527
1.12527
1.12527
1.12527
1.12527
1.12527
1.12527
1.12527
1.12527
1.12527
1.12527
1.12527
1.12527
1.12527
1.12527
1.12527
1.12527
1.12527
1.12527
1.12527
1.12527
1.12527
1.12527
1.12527
1.12527
1.12527
1.12527
1.12527
1.12527
1.12527
1.12527
1.12527
1.12527
1.12527
1.12527
1.12527
1.12527
1.12527
1.12527
1.12527
1.12527
1.12527
1.12527
1.12527
1.12527
1.12527
1.12527
1.12527
1.12527
1.12527
1.12527
1.12527
1.12527
1.12527
1.12527
1.12527
1.12527
1.12527
1.12527
1.12527
1.12527
1.12527
1.12527
1.12527
1.12527
1.12527
1.12527
1.12527
1.12527
1.12527
1.12527
1.12527
1.12527
1.12527
1.12527
1.12527
1.12527
1.12527
1.12527
1.12527
1.12527
1.12527
1.12527
1.12527
1.12527
1.12527
1.12527
1.12527
1.12527
1.12527
1.12527
1.12527
1.12527
1.12527
1.12527
1.12527
1.12527
1.12527
1.12527
1.12527
1.12527
1.12527
1.12527
1.12527
1.12527
1.12527
1.12527
1.12527
1.12527
1.12527
1.12527
1.12527
1.12527
1.12527
1.12527
1.12527
1.12527
1.12527
1.12527
1.12527
1.12527
1.12527
1.12527
1.12527
1.12527
1.12527
1.12527
1.12527
1.12527
1.12527
1.12527
1.12527
1.12527
1.12527
1.12527
1.12527
1.12527
1.12527
1.12527
1.12527
1.12527
1.12527
1.12527
1.12527
1.12527
1.12527
1.12527
1.12527
1.12527
1.12527
1.12527
1.12527
1.12527
1.12527
1.12527
1.12527
1.12527
1.12527
1.12527
1.12527
1.12527
1.12527
1.12527
1.12527
1.12527
1.12527
1.12527
1.12527
1.12527
1.12527
1.12527
1.12527
1.12527
1.12527
1.12527
1.12527
1.12527
1.12527
1.12527
1.12527
1.12527
1.12527
1.12527
1.12527
1.12527
1.12527
1.12527
1.12527
1.12527
1.12527
1.12527
1.12527
1.12527
1.12527
1.12527
1.12527
1.12527
1.12527
1.12527
1.12527
1.12527
1.12527
1.12527
1.12527
1.12527
1.12527
1.12527
1.12527
1.12527
1.12527
1.12527
1.12527
1.12527
1.12527
1.12527
1.12527
1.12527
1.12527
1.12527
1.12527
1.12527
1.12527
1.12527
1.12527
1.12527
1.12527
1.12527
1.12527
1.12527
1.12527
1.12527
1.12527
1.12527
1.12527
1.12527
1.12527
1.12527
1.12527
1.12527
1.12527
1.12527
1.12527
1.12527
1.12527
1.12527
1.12527
1.12527
1.12527
1.12527
1.12527
1.12527
1.12527
1.12527
1.12527
1.12527
1.12527
1.12527
1.12527
1.12527
1.12527
1.12527
1.12527
1.12527
1.12527
1.12527
1.12527
1.12527
1.12527
1.12527
1.12527
1.12527
1.12527
1.12527
1.12527
1.12527
1.12527
1.12527
1.12527
1.12527
1.12527
1.12527
1.12527
1.12527
1.12527
1.12527
1.12527
1.12527
1.12527
1.12527
1.12527
1.12527
1.12527
1.12527
1.12527
1.12527
1.12527
1.12527
1.12527
1.12527
1.12527
1.12527
1.12527
1.12527
1.12527
1.12527
1.12527
1.12527
1.12527
1.12527
1.12527
1.12527
1.12527
1.12527
1.12527
1.12527
1.12527
1.12527
1.12527
1.12527
1.12527
1.12527
1.12527
1.12527
1.12527
1.12527
1.12527
1.12527
1.12527
1.12527
1.12527
1.12527
1.12527
1.12527
1.12527
1.12527
1.12527
1.12527
1.12527
1.12527
1.12527
1.12527
1.12527
1.12527
1.12527
1.12527
1.12527
1.12527
1.12527
1.12527
1.12527
1.12527
1.12527
1.12527
1.12527
1.12527
1.12527
1.12527
1.12527
1.12527
1.12527
1.12527
1.12527
1.12527
1.12527
1.12527
1.12269
1.12269
1.12269
1.12269
1.12269
1.12269
1.12269
1.12269
1.12269
1.12269
1.12269
1.12269
1.12269
1.12269
1.12269
1.12269
1.12269
1.12269
1.12269
1.12269
1.12269
1.12269
1.12269
1.12269
1.12269
1.12269
1.12269
1.12269
1.12269
1.12269
1.12269
1.12269
1.12269
1.12269
1.12269
1.12269
1.12269
1.12127
1.12127
1.12127
1.12127
1.12127
1.12127
1.12127
1.12127
1.12127
1.12127
1.12127
1.12127
1.12127
1.12127
1.12127
1.12127
1.12127
1.12127
1.12127
1.11966
1.11448
1.11448
1.11448
1.11448
1.11448
1.11448
1.11448
1.11448
1.11448
1.11448
1.11448
1.11448
1.11448
1.11448
1.11448
1.11448
1.11448
1.11448
1.11448
1.11448
1.11448
1.11448
1.11448
1.11448
1.11448
1.11448
1.11448
1.11448
1.11448
1.11448
1.11448
1.11448
1.11448
1.11448
1.11448
1.11448
1.11448
1.11448
1.11448
1.11448
1.11448
1.11448
1.11448
1.11448
1.11448
1.11448
1.11448
1.11448
1.11448
1.11448
1.11448
1.11448
1.11448
1.11448
1.11448
1.11448
1.11448
1.11448
1.11448
1.11448
1.11448
1.11448
1.11448
1.11448
1.11448
1.11448
1.11448
1.11448
1.11448
1.11448
1.11448
1.11448
1.11448
1.11448
1.11448
1.11448
1.11448
1.11448
1.11448
1.11448
1.11448
1.11448
1.11448
1.11448
1.11448
1.11448
1.11448
1.11448
1.11448
1.11448
1.11448
1.11448
1.11448
1.11448
1.11448
1.11448
1.11448
1.11448
1.11448
1.11448
1.11448
1.11448
1.11448
1.11448
1.11448
1.11448
1.11448
1.11448
1.11448
1.11448
1.11448
1.11448
1.11448
1.11448
1.11448
1.11448
1.11448
1.11448
1.11448
1.11448
1.11448
1.11448
1.11448
1.11448
1.11448
1.11448
1.11448
1.11448
1.11448
1.11448
1.11448
1.11448
1.11448
1.11448
1.11448
1.11448
1.11448
1.11448
1.11448
1.11448
1.11448
1.11448
1.11448
1.11448
1.11448
1.11448
1.11448
1.11448
1.11448
1.11448
1.11448
1.11448
1.11448
1.11448
1.11448
1.11448
1.11448
1.11448
1.11448
1.11448
1.11448
1.11448
1.11448
1.11448
1.11448
1.11448
1.11448
1.11448
1.11448
1.11448
1.11448
1.11448
1.11448
1.11448
1.11448
1.11448
1.11448
1.11448
1.11448
1.11448
1.11448
1.11448
1.11448
1.11448
1.11448
1.11448
1.11448
1.11448
1.11448
1.11448
1.11448
1.11448
1.11448
1.11448
1.11448
1.11448
1.11448
1.11448
1.11448
1.11448
1.11448
1.11448
1.11448
1.11448
1.11448
1.11448
1.11448
1.11448
1.11448
1.11448
1.11448
1.11448
1.11448
1.11448
1.11448
1.11448
1.11448
1.11448
1.11448
1.11448
1.11448
1.11448
1.11448
1.11448
1.11448
1.11448
1.11448
1.11448
1.11448
1.11448
1.11448
1.11448
1.11448
1.11448
1.11448
1.11448
1.11448
1.11448
1.11448
1.11448
1.11448
1.11448
1.11448
1.11448
1.11448
1.11448
1.11448
1.11448
1.11448
1.11448
1.11448
1.11448
1.11448
1.11448
1.11448
1.11448
1.11448
1.11448
1.11448
1.11448
1.11448
1.11448
1.11448
1.11448
1.11448
1.11448
1.11448
1.11448
1.11448
1.11448
1.11448
1.11448
1.11448
1.11448
1.11257
1.11257
1.11257
1.11257
1.11257
1.11257
1.11257
1.11257
1.11257
1.11257
1.11257
1.11257
1.11257
1.11257
1.11257
1.11257
1.11257
1.11257
1.11257
1.11257
1.11257
1.11257
1.11257
1.11257
1.11257
1.11257
1.11257
1.11257
1.11257
1.11257
1.11257
1.11257
1.11257
1.11257
1.11257
1.11257
1.11257
1.11257
1.11257
1.11257
1.11257
1.11257
1.11257
1.11257
1.11257
1.11257
1.11257
1.11257
1.11257
1.11257
1.11257
1.11257
1.11257
1.11257
1.11257
1.11257
1.11257
1.11257
1.11257
1.11257
1.11257
1.11257
1.11257
1.11257
1.11257
1.11257
1.11257
1.11257
1.11257
1.11257
1.11257
1.11257
1.11257
1.11257
1.11257
1.11257
1.11257
1.11257
1.11257
1.11257
1.11257
1.11257
1.11257
1.11257
1.11257
1.11257
1.11257
1.11257
1.11257
1.11257
1.11257
1.11257
1.11257
1.11257
1.11257
1.11257
1.11257
1.11257
1.11257
1.11257
1.11257
1.11257
1.11257
1.11257
1.11257
1.11257
1.11257
1.11257
1.11257
1.11257
1.11257
1.11257
1.11257
1.11257
1.11257
1.11257
1.11257
1.11257
1.11257
1.11257
1.11257
1.11257
1.11257
1.11257
1.11257
1.11257
1.11257
1.11257
1.11257
1.11257
1.11257
1.11257
1.11257
1.11257
1.11257
1.11257
1.11257
1.11257
1.11257
1.11257
1.11257
1.11257
1.11257
1.11257
1.11257
1.11257
1.11257
1.11257
1.11257
1.11257
1.11257
1.11257
1.11257
1.11257
1.11257
1.11257
1.11257
1.11257
1.11257
1.11257
1.11257
1.11257
1.11257
1.11257
1.11257
1.11257
1.11257
1.11257
1.11257
1.11257
1.11257
1.11257
1.11257
1.11257
1.11257
1.11257
1.11257
1.11257
1.11257
1.11257
1.11257
1.11257
1.11257
1.11257
1.11257
1.11257
1.11257
1.11257
1.11257
1.11257
1.11257
1.11257
1.11257
1.11257
1.11257
1.11257
1.11257
1.11257
1.11257
1.11257
1.11257
1.11257
1.11257
1.11257
1.11257
1.11257
1.11257
1.11257
1.11257
1.11257
1.11257
1.11257
1.11257
1.11257
1.11257
1.11257
1.11257
1.11257
1.11257
1.11257
1.11257
1.11257
1.11257
1.11257
1.11257
1.11257
1.11257
1.11257
1.11257
1.11257
1.11257
1.11257
1.11257
1.11257
1.11257
1.11257
1.11257
1.11257
1.11257
1.11257
1.11257
1.11257
1.11257
1.11257
1.11257
1.11257
1.11257
1.11257
1.11257
1.11257
1.11257
1.11257
1.11257
1.11257
1.11257
1.11257
1.11257
1.11257
1.11257
1.11257
1.11257
1.11257
1.11257
1.11257
1.11257
1.11257
1.11257
1.11257
1.11257
1.11257
1.11257
1.11257
1.11257
1.11257
1.11257
1.11257
1.11257
1.11257
1.11257
1.11257
1.11257
1.11257
1.11257
1.11257
1.11257
1.11257
1.11257
1.11257
1.11257
1.11257
1.11257
1.11257
1.11257
1.11257
1.11257
1.11257
1.11257
1.11257
1.11257
1.11257
1.11257
1.11257
1.11257
1.11257
1.11257
1.11257
1.11257
1.11257
1.11257
1.11257
1.11257
1.11257
1.11257
1.11257
1.11257
1.11257
1.11257
1.11257
1.11257
1.11257
1.11257
1.11257
1.11257
1.11257
1.11257
1.11257
1.11257
1.11257
1.11257
1.11257
1.11257
1.11257
1.11257
1.11257
1.11257
1.11257
1.11257
1.11257
1.11257
1.11257
1.11257
1.11257
1.11257
1.11257
1.11257
1.11257
1.11257
1.11257
1.11257
1.11257
1.11257
1.11257
1.11257
1.11257
1.11257
1.11257
1.11257
1.11257
1.11257
1.11257
1.11257
1.11257
1.11257
1.11257
1.11257
1.11257
1.11257
1.11257
1.11257
1.11257
1.11257
1.11257
1.11257
1.11257
1.11257
1.11257
1.11257
1.11257
1.11257
1.11257
1.11257
1.11257
1.11257
1.11257
1.11257
1.11257
1.11257
1.11257
1.11257
1.11257
1.11257
1.11257
1.11257
1.11257
1.11257
1.11257
1.11257
1.11257
1.11257
1.11257
1.11257
1.11257
1.11257
1.11257
1.11257
1.11257
1.11257
1.11257
1.11257
1.11257
1.11257
1.11257
1.11257
1.11257
1.11257
1.11257
1.11257
1.11257
1.11257
1.11257
1.11257
1.11257
1.11257
1.11257
1.11257
1.11257
1.11257
1.11257
1.11257
1.11257
1.11257
1.11257
1.11257
1.11257
1.11257
1.11257
1.11257
1.11257
1.11257
1.11257
1.11257
1.11257
1.11257
1.11257
1.11257
1.11257
1.11257
1.11257
1.11257
1.11257
1.11257
1.11257
1.11257
1.11257
1.11257
1.11257
1.11257
1.11257
1.11257
1.11257
1.11257
1.11257
1.11257
1.11257
1.11257
1.11257
1.11257
1.11257
1.11257
1.11257
1.11257
1.11257
1.11257
1.11257
1.11257
1.11257
1.11257
1.11257
1.11257
1.11257
1.11257
1.11257
1.11257
1.11257
1.11257
1.11257
1.11257
1.11257
1.11257
1.11257
1.11257
1.11257
1.11257
1.11257
1.11257
1.11257
1.11257
1.11257
1.11257
1.11257
1.11257
1.11257
1.11257
1.11257
1.11257
1.11257
1.11257
1.11257
1.11257
1.11257
1.11257
1.11257
1.11257
1.11257
1.11257
1.11257
1.11257
1.11257
1.11257
1.11257
1.11257
1.11257
1.11257
1.11257
1.11257
1.11257
1.11257
1.11257
1.11257
1.11257
1.11257
1.11257
1.11257
1.11257
1.11257
1.11257
1.11257
1.11257
1.11257
1.11257
1.11257
1.11257
1.11257
1.11257
1.11257
1.11257
1.11257
1.11257
1.11257
1.11257
1.11257
1.11257
1.11257
1.11257
1.11257
1.11257
1.11257
1.11257
1.11257
1.11257
1.11257
1.11257
1.11257
1.11257
1.11257
1.11257
1.11257
1.11257
1.11257
1.11257
1.11257
1.11257
1.11257
1.11257
1.11257
1.11257
1.11257
1.11257
1.11257
1.11257
1.11257
1.11257
1.11257
1.11257
1.11257
1.11257
1.11257
1.11257
1.11257
1.11257
1.11257
1.11257
1.11257
1.11257
1.11257
1.11257
1.11257
1.11257
1.11257
1.11257
1.11257
1.11257
1.11257
1.11257
1.11257
1.11257
1.11257
1.11257
1.11257
1.11257
1.11257
1.11257
1.11257
1.11257
1.11257
1.11257
1.11257
1.11257
1.11257
1.11257
1.11257
1.11257
1.11257
1.11257
1.11257
1.11257
1.11257
1.11257
1.11257
1.11257
1.11257
1.11257
1.11257
1.11257
1.11257
1.11257
1.11257
1.11257
1.11257
1.11257
1.11257
1.11257
1.11257
1.11257
1.11257
1.11257
1.11257
1.11257
1.11257
1.11257
1.11257
1.11257
1.11257
1.11257
1.11257
1.11257
1.11257
1.11257
1.11257
1.11257
1.11257
1.11257
1.11257
1.11257
1.11257
1.11257
1.11257
1.11257
1.11257
1.11257
1.11257
1.11257
1.11257
1.11257
1.11257
1.11257
1.11257
1.11257
1.11257
1.11257
1.11257
1.11257
1.11257
1.11257
1.11257
1.11257
1.11257
1.11257
1.11257
1.11257
1.11257
1.11257
1.11257
1.11257
1.11257
1.11257
1.11257
1.11257
1.11257
1.11257
1.11257
1.11257
1.11257
1.11257
1.11257
1.11257
1.11257
1.11257
1.11257
1.11257
1.11257
1.11257
1.11257
1.11257
1.11257
1.11257
1.11257
1.11257
1.11257
1.11257
1.11257
1.11257
1.11257
1.11257
1.11257
1.11257
1.11257
1.11257
1.11257
1.11257
1.11257
1.11257
1.11257
1.11257
1.11257
1.11257
1.11257
1.11257
1.11257
1.11257
1.11257
1.11257
1.11257
1.11257
1.11257
1.11257
1.11257
1.11257
1.11257
1.11257
1.11257
1.11257
1.11257
1.11257
1.11257
1.11257
1.11257
1.11257
1.11257
1.11257
1.11257
1.11257
1.11257
1.11257
1.11257
1.11257
1.11257
1.11257
1.11257
1.11257
1.11257
1.11257
1.11257
1.11257
1.11257
1.11257
1.11257
1.11257
1.11257
1.11257
1.11257
1.11257
1.11257
1.11257
1.11257
1.11257
1.11257
1.11257
1.11257
1.11257
1.11257
1.11257
1.11257
1.11257
1.11257
1.11257
1.11257
1.11257
1.11257
1.11257
1.11257
1.11257
1.11257
1.11257
1.11257
1.11257
1.11257
1.11257
