
/*---------------------------贪心算法思想下解的说明------------------------------*/

算法思想：以当前所在的点为参考选择离自己最近的点作为下一站，走过的点不在经过


贪心思想只能求得每一步只能求得局部最短路径，因此最终结果是近似最优解

贪心算法求解的最短路程的长度为：828.589
实际的最短路径为：642.31
此算法和最优解的近似度为:1.29002
time = 0.005s
/*---------------------------贪心算法思想下解的说明------------------------------*/



/*---------------------------遗传算法2思想下解的说明------------------------------*/

算法思想：随机生成一个路线序列，路线路径长度短的会更可能遗传下去，所以经过多次代际迭代，最终的结果会趋近于最优解


代际更迭次数越多，越接近最优解。这种算法最终结果是近似最优解

遗传算法求解的最短路程的长度为：714.616
实际的最短路径为：642.31
此算法和最优解的近似度为:1.11257
time = 136.674s
这个算法迭代终止条件是前后 808 代最优个体一样
这个算法中共计迭代 4121次
其中每一代个体数为 202   交叉遗传的概率为 0.8   变异的概率为 0.1

迭代过程中 交叉遗传次数为332962  其中变异次数为88229

以下是迭代过程中每一代中最好的个体所对应的路先长度变化（每20代输出一次）

2302.65 2030.43 1813.97 1661.95 1512.34 1387.61 1329.3 1277.12 1248.68 1220.81 1178.67 1159.31 1143.95 1125.21 1113.57 1094.58 1089.46 1078.28 1075.6 1068.87 
1064.59 1054.5 1048.84 1046.56 1045.03 1041.27 1027.88 1023.77 1013.53 1006.49 992.982 982.713 965.289 960.701 950.757 940.802 933.294 922.631 919.674 916.135 
916.135 910.479 906.034 901.574 901.933 866.481 849.229 849.082 837.363 837.66 837.66 816.652 816.949 816.949 816.949 816.949 815.171 815.468 814.596 814.596 
813.367 808.375 798.262 793.924 788.971 788.971 787.567 787.567 787.567 787.567 776.564 776.564 776.564 772.012 772.012 771.366 771.366 754.983 747.017 747.017 
744.558 744.558 744.245 744.245 744.245 744.245 744.245 744.245 744.245 744.845 744.845 744.845 744.845 741.08 741.08 741.08 741.08 741.08 741.08 741.08 
741.08 740.474 740.474 740.474 740.474 740.474 740.474 740.474 740.474 740.474 740.474 740.474 740.474 740.474 740.474 738.911 730.039 730.039 730.039 730.039 
730.039 730.039 730.039 730.039 730.039 723.044 723.044 723.044 723.044 723.044 722.77 722.77 722.77 722.77 722.77 722.77 722.77 722.77 722.77 722.77 
722.77 722.77 722.77 722.77 722.77 722.77 722.77 722.77 722.77 721.114 720.2 715.838 715.838 715.838 715.838 715.838 715.838 715.838 715.838 715.838 
715.838 715.838 715.838 715.838 715.838 714.616 714.616 714.616 714.616 714.616 714.616 714.616 714.616 714.616 714.616 714.616 714.616 714.616 714.616 714.616 
714.616 714.616 714.616 714.616 714.616 714.616 714.616 714.616 714.616 714.616 714.616 714.616 714.616 714.616 714.616 714.616 714.616 714.616 714.616 714.616 
714.616 714.616 714.616 714.616 714.616 714.616 
/*---------------------------遗传算法2思想下解的说明------------------------------*/


