4.95013
4.80001
4.68819
4.57988
4.47146
4.42168
4.38102
4.37916
4.24222
4.24222
4.17082
4.0859
4.0859
4.0859
3.99679
3.90021
3.90021
3.90021
3.90021
3.87901
3.86884
3.78029
3.75206
3.73647
3.73647
3.67121
3.67121
3.5924
3.56206
3.56206
3.56206
3.55521
3.46713
3.46713
3.39397
3.39397
3.3601
3.3601
3.3601
3.29945
3.29945
3.29945
3.29945
3.27163
3.27163
3.27163
3.16735
3.16735
3.16735
3.16735
3.16735
3.15234
3.12167
3.11402
3.04939
3.04939
3.04939
3.04939
3.03208
3.03208
3.03208
3.01779
2.98746
2.98746
2.94966
2.94966
2.94353
2.94223
2.93247
2.93247
2.92185
2.91009
2.89252
2.89252
2.88595
2.84627
2.84627
2.84627
2.84627
2.84627
2.84627
2.84034
2.83163
2.75724
2.75724
2.75724
2.75724
2.75724
2.75724
2.73128
2.73128
2.72243
2.69961
2.6703
2.64033
2.64033
2.64033
2.62313
2.62313
2.62313
2.62313
2.57939
2.57939
2.57397
2.57397
2.56065
2.56065
2.54728
2.54728
2.54728
2.53392
2.53392
2.51923
2.50855
2.4614
2.4614
2.4614
2.4614
2.44728
2.39873
2.39873
2.39873
2.39873
2.39873
2.39658
2.38512
2.37996
2.37996
2.37082
2.33375
2.33375
2.33375
2.3027
2.3027
2.29533
2.29533
2.28393
2.28393
2.27754
2.27754
2.27025
2.27025
2.26696
2.26436
2.26436
2.24197
2.24197
2.23133
2.23133
2.23133
2.23133
2.23028
2.23028
2.2274
2.2225
2.2225
2.21653
2.19485
2.19485
2.19485
2.19485
2.1842
2.1842
2.1842
2.1842
2.17764
2.17764
2.17764
2.17764
2.17764
2.16842
2.16842
2.16842
2.1643
2.16247
2.15711
2.15711
2.15616
2.1555
2.15194
2.1411
2.1411
2.1411
2.13724
2.12521
2.12521
2.12521
2.12048
2.12048
2.12048
2.11607
2.11318
2.09423
2.09423
2.09423
2.09423
2.09423
2.09423
2.09096
2.09096
2.08915
2.08328
2.07269
2.07269
2.07269
2.07269
2.07269
2.07269
2.06959
2.06112
2.06112
2.06112
2.06112
2.05611
2.05611
2.05462
2.05462
2.05014
2.0498
2.0451
2.03742
2.03423
2.03423
2.03423
2.02262
2.02262
2.01892
2.01706
2.01579
2.0129
2.00988
2.00988
2.00988
2.00882
2.00568
2.00568
2.00542
2.00542
2.0029
1.99518
1.98823
1.98823
1.98823
1.98484
1.98484
1.98484
1.98099
1.9704
1.9704
1.9704
1.96812
1.96812
1.96495
1.96264
1.96264
1.95393
1.95393
1.95209
1.95209
1.95013
1.94942
1.94942
1.94792
1.94494
1.93206
1.93206
1.93206
1.93055
1.9304
1.92561
1.92561
1.91958
1.91958
1.91958
1.91958
1.91686
1.91686
1.91676
1.91516
1.91476
1.91373
1.91057
1.90549
1.90549
1.90549
1.90549
1.90538
1.90389
1.90254
1.90254
1.90151
1.89914
1.89914
1.89892
1.89892
1.89643
1.89531
1.8912
1.88931
1.88827
1.88506
1.88478
1.88478
1.88478
1.88298
1.88108
1.87874
1.87874
1.87874
1.87627
1.87627
1.87388
1.87378
1.87378
1.8728
1.87048
1.87048
1.87048
1.87048
1.86797
1.8668
1.8668
1.8668
1.8649
1.84926
1.84805
1.84805
1.84534
1.84462
1.84308
1.84084
1.83876
1.83876
1.83715
1.83417
1.83011
1.83011
1.83011
1.82974
1.82974
1.82739
1.82613
1.81995
1.81995
1.81973
1.81973
1.80735
1.80074
1.79607
1.79607
1.79335
1.79071
1.78494
1.78259
1.78259
1.78235
1.78116
1.77139
1.77139
1.76915
1.76915
1.76887
1.76851
1.768
1.768
1.76776
1.76776
1.76316
1.76001
1.75941
1.75941
1.75941
1.75941
1.74661
1.74661
1.74621
1.74584
1.74584
1.74584
1.74584
1.74584
1.74495
1.73869
1.73856
1.73832
1.73799
1.73799
1.73743
1.73614
1.7348
1.7348
1.7339
1.7339
1.7339
1.7339
1.73361
1.73329
1.73229
1.73229
1.73001
1.73001
1.73001
1.73001
1.72883
1.72793
1.72117
1.72117
1.72117
1.72117
1.72117
1.72117
1.72117
1.71764
1.71764
1.71764
1.71764
1.71743
1.71743
1.71514
1.71514
1.71489
1.71286
1.70637
1.70637
1.70637
1.70637
1.70637
1.70637
1.70637
1.7022
1.69972
1.69972
1.69897
1.69897
1.69897
1.69897
1.69862
1.69862
1.69862
1.69787
1.69731
1.69611
1.69611
1.69611
1.69611
1.69158
1.69158
1.68982
1.68982
1.68982
1.68982
1.68982
1.68982
1.68982
1.68829
1.68829
1.68704
1.68683
1.68275
1.68275
1.68275
1.68186
1.68186
1.68123
1.68116
1.68027
1.67699
1.67609
1.67609
1.67609
1.67609
1.67506
1.66362
1.66362
1.66362
1.66128
1.65916
1.65916
1.65916
1.65916
1.65912
1.65912
1.65912
1.65866
1.65644
1.65644
1.65644
1.65644
1.65644
1.65479
1.6544
1.6544
1.6544
1.65259
1.64889
1.64889
1.64856
1.63807
1.63807
1.62988
1.62988
1.62855
1.62449
1.62449
1.62449
1.62304
1.62304
1.61996
1.61996
1.61785
1.61785
1.61405
1.61401
1.61401
1.61401
1.61401
1.60967
1.60853
1.60853
1.60516
1.60516
1.60516
1.60516
1.60516
1.60516
1.60516
1.60423
1.6018
1.59771
1.59771
1.59771
1.59771
1.59593
1.59435
1.59435
1.59435
1.59435
1.59435
1.59435
1.58788
1.58788
1.58788
1.58767
1.58704
1.5808
1.5808
1.5808
1.5805
1.57883
1.57883
1.57883
1.57857
1.57857
1.57827
1.57827
1.57827
1.57708
1.57678
1.57678
1.57678
1.57678
1.55782
1.55782
1.55782
1.55782
1.55782
1.55782
1.55782
1.55633
1.54959
1.54936
1.54855
1.54855
1.54848
1.54848
1.54823
1.54823
1.54823
1.54823
1.54789
1.54757
1.54757
1.54757
1.5475
1.5475
1.5475
1.5475
1.5475
1.5475
1.5475
1.5475
1.5475
1.5475
1.5475
1.5475
1.5475
1.5475
1.5475
1.5475
1.5475
1.5475
1.5475
1.5475
1.5475
1.5475
1.5475
1.54747
1.54709
1.54709
1.54709
1.54709
1.54709
1.54709
1.54709
1.54709
1.54709
1.54709
1.54709
1.54709
1.54709
1.54709
1.54709
1.54639
1.54639
1.54639
1.54639
1.54639
1.54639
1.54639
1.54639
1.54639
1.54621
1.54621
1.54617
1.54617
1.54617
1.54617
1.54617
1.54483
1.54483
1.54483
1.54483
1.54483
1.54483
1.54483
1.54483
1.54483
1.54483
1.54323
1.54323
1.54323
1.54323
1.543
1.543
1.543
1.543
1.543
1.543
1.543
1.543
1.543
1.543
1.543
1.543
1.543
1.543
1.543
1.543
1.543
1.543
1.54181
1.54181
1.54181
1.54181
1.54181
1.54177
1.54177
1.54177
1.54177
1.54177
1.54177
1.54177
1.54177
1.54177
1.54177
1.54177
1.54177
1.54177
1.54177
1.54177
1.5417
1.5417
1.5375
1.5375
1.53202
1.53202
1.53191
1.53191
1.52775
1.52775
1.52775
1.52764
1.52764
1.52764
1.52764
1.52682
1.52682
1.52682
1.52671
1.52671
1.52671
1.52671
1.52671
1.52671
1.52671
1.52579
1.52579
1.52579
1.52579
1.52579
1.52579
1.52393
1.52393
1.52382
1.52382
1.52382
1.52382
1.52382
1.52382
1.52382
1.52382
1.52382
1.52348
1.52348
1.52272
1.52272
1.52272
1.52252
1.52252
1.52252
1.52252
1.52252
1.52252
1.52252
1.52252
1.52252
1.52252
1.522
1.522
1.522
1.522
1.522
1.522
1.522
1.51944
1.51895
1.51895
1.51892
1.51892
1.51892
1.51892
1.51892
1.51892
1.51892
1.51892
1.51892
1.51892
1.51892
1.51892
1.51892
1.51892
1.51892
1.51892
1.51892
1.51892
1.51892
1.51892
1.51892
1.51892
1.51892
1.51892
1.51892
1.51892
1.51892
1.51892
1.51892
1.51892
1.51892
1.51892
1.51892
1.51892
1.51892
1.51892
1.51892
1.51892
1.51892
1.51892
1.51892
1.51892
1.51892
1.51892
1.51892
1.51892
1.51892
1.51892
1.51892
1.51892
1.51892
1.51892
1.51892
1.51892
1.51892
1.51892
1.51892
1.51892
1.51892
1.51892
1.51892
1.51892
1.51892
1.51892
1.51892
1.51892
1.51892
1.51892
1.51892
1.51847
1.51847
1.51847
1.51847
1.51666
1.51666
1.51666
1.51666
1.51666
1.51666
1.51666
1.51345
1.51345
1.51301
1.51301
1.5112
1.5112
1.5112
1.51023
1.51023
1.51023
1.51017
1.51017
1.5088
1.5088
1.5088
1.5088
1.5088
1.5088
1.5088
1.50861
1.50861
1.50861
1.50861
1.50861
1.50861
1.50861
1.50857
1.50644
1.50644
1.5064
1.5064
1.5064
1.50608
1.50511
1.50511
1.50511
1.50507
1.50507
1.50507
1.50507
1.50507
1.50458
1.50086
1.50086
1.50082
1.50082
1.50082
1.50082
1.50082
1.49082
1.49082
1.49082
1.49082
1.49082
1.49082
1.47767
1.47767
1.47767
1.47767
1.47767
1.47767
1.47767
1.47767
1.47767
1.47767
1.47767
1.47767
1.47767
1.47767
1.47767
1.47767
1.47767
1.47767
1.47767
1.46853
1.46853
1.46853
1.46853
1.46853
1.46853
1.46853
1.46853
1.46853
1.46853
1.46853
1.46853
1.46853
1.46853
1.46853
1.46853
1.46372
1.46104
1.46104
1.45186
1.44767
1.44767
1.44767
1.44767
1.44708
1.44707
1.44707
1.44707
1.44707
1.44707
1.44707
1.44707
1.44707
1.44707
1.44707
1.44707
1.44707
1.44707
1.44707
1.44707
1.44707
1.44707
1.44707
1.44707
1.44707
1.44707
1.44707
1.44707
1.44707
1.44707
1.44707
1.44707
1.44707
1.44707
1.44707
1.44707
1.44707
1.43633
1.43633
1.43594
1.43594
1.43594
1.43594
1.43594
1.43594
1.43594
1.43594
1.43594
1.43594
1.43594
1.43594
1.43594
1.43594
1.43556
1.43556
1.43556
1.43556
1.43556
1.43556
1.43556
1.43556
1.43295
1.43295
1.43295
1.43295
1.43295
1.43263
1.43263
1.43224
1.4281
1.42568
1.42568
1.42568
1.42496
1.42496
1.42496
1.42496
1.42496
1.42463
1.42425
1.42425
1.42425
1.42425
1.42425
1.42425
1.42425
1.42425
1.42425
1.42425
1.42425
1.42425
1.42425
1.42397
1.42397
1.42397
1.42287
1.42287
1.42287
1.42287
1.42287
1.42287
1.41927
1.41927
1.41927
1.41927
1.41927
1.39637
1.39637
1.39637
1.39637
1.39637
1.39637
1.39265
1.39265
1.39265
1.39265
1.38529
1.38529
1.38529
1.38529
1.38529
1.37672
1.37672
1.36938
1.36938
1.36938
1.36938
1.36938
1.36938
1.36938
1.36938
1.36938
1.36938
1.36938
1.36938
1.36446
1.35704
1.35704
1.34847
1.34847
1.34847
1.34847
1.34847
1.34847
1.34684
1.34684
1.34355
1.34355
1.34355
1.34355
1.34355
1.34355
1.34355
1.34355
1.34355
1.34355
1.34355
1.34355
1.34355
1.34355
1.34355
1.34355
1.34355
1.34355
1.34355
1.34355
1.34175
1.34053
1.34053
1.34053
1.34053
1.34053
1.34053
1.34053
1.34053
1.3396
1.33719
1.33719
1.33719
1.33719
1.33719
1.33677
1.33677
1.33677
1.33677
1.33677
1.3342
1.3342
1.3342
1.3342
1.3342
1.3342
1.3342
1.33227
1.33227
1.33227
1.33227
1.33227
1.33227
1.33227
1.33227
1.33227
1.33227
1.33227
1.33227
1.33227
1.33227
1.33212
1.33212
1.33212
1.33212
1.33212
1.33212
1.33147
1.33147
1.33147
1.33147
1.33147
1.33147
1.331
1.331
1.32969
1.32969
1.32969
1.32969
1.32969
1.32969
1.32969
1.32969
1.32969
1.32969
1.32969
1.32969
1.32969
1.32969
1.32969
1.32969
1.32969
1.32969
1.32969
1.32969
1.32969
1.32969
1.32969
1.32969
1.32969
1.32969
1.32969
1.32969
1.32969
1.32969
1.32969
1.32969
1.32969
1.32969
1.32969
1.32969
1.32969
1.32969
1.32969
1.32969
1.32969
1.32969
1.32969
1.32969
1.32969
1.32969
1.32862
1.32862
1.32862
1.32862
1.32862
1.32102
1.32102
1.32102
1.31949
1.31761
1.31761
1.31407
1.31407
1.3129
1.31186
1.31186
1.31186
1.31186
1.31186
1.31186
1.30597
1.30597
1.30597
1.30597
1.30597
1.30597
1.30597
1.30597
1.30597
1.30597
1.30597
1.30597
1.30597
1.30597
1.30597
1.30597
1.30597
1.30597
1.30597
1.30597
1.30597
1.30597
1.30597
1.30597
1.30597
1.30597
1.30597
1.30597
1.30597
1.30597
1.30597
1.30597
1.30597
1.30198
1.30198
1.30198
1.30198
1.30198
1.30198
1.3012
1.3012
1.3012
1.3012
1.30083
1.30083
1.30083
1.30083
1.30083
1.30083
1.30083
1.3006
1.3006
1.30058
1.30058
1.30058
1.30058
1.30058
1.30058
1.30058
1.30058
1.30058
1.30058
1.30058
1.30058
1.30058
1.30058
1.30058
1.30058
1.30058
1.30058
1.30058
1.30058
1.30058
1.30058
1.30058
1.30058
1.30058
1.30058
1.30058
1.30058
1.30058
1.30058
1.30058
1.30058
1.30058
1.30058
1.30058
1.30058
1.30058
1.29927
1.29927
1.29927
1.29927
1.29927
1.29927
1.29927
1.29927
1.29927
1.29927
1.29927
1.29927
1.29927
1.29927
1.29927
1.29927
1.29927
1.29927
1.29927
1.29927
1.29559
1.29559
1.29559
1.29559
1.29559
1.29428
1.29403
1.29403
1.29299
1.29299
1.29299
1.29299
1.29299
1.29299
1.28677
1.28677
1.28677
1.28677
1.28677
1.28677
1.28677
1.28677
1.28677
1.28677
1.28677
1.28677
1.28677
1.28677
1.28677
1.28677
1.28677
1.28677
1.28677
1.28677
1.28677
1.28677
1.28677
1.28677
1.28677
1.28677
1.28677
1.28677
1.28677
1.28677
1.28677
1.28677
1.28677
1.28677
1.28612
1.28612
1.28612
1.28612
1.28612
1.28612
1.28531
1.28531
1.28515
1.28515
1.28465
1.2837
1.2837
1.2837
1.2837
1.28368
1.28303
1.28303
1.28303
1.28303
1.28303
1.28303
1.28303
1.28303
1.28285
1.28285
1.28285
1.28285
1.28285
1.28285
1.27703
1.27703
1.27703
1.27703
1.27703
1.27703
1.27703
1.27703
1.27703
1.27703
1.2762
1.2762
1.2762
1.27599
1.27599
1.27599
1.27599
1.27599
1.27599
1.27599
1.27599
1.27599
1.27599
1.27599
1.27599
1.27354
1.27354
1.27315
1.27315
1.27315
1.27315
1.27315
1.27315
1.27297
1.27297
1.27297
1.27297
1.27297
1.27297
1.27297
1.27297
1.27297
1.27297
1.27297
1.27199
1.27199
1.27199
1.27199
1.27199
1.27199
1.27199
1.27199
1.27199
1.27199
1.27199
1.27199
1.27199
1.27199
1.27199
1.27199
1.27199
1.27199
1.27199
1.27199
1.27199
1.27199
1.27199
1.27199
1.27199
1.27199
1.27067
1.27067
1.27067
1.27067
1.27067
1.27067
1.27067
1.27067
1.27067
1.2706
1.2706
1.2706
1.2706
1.2706
1.2706
1.2706
1.26745
1.26745
1.26745
1.26391
1.26391
1.26259
1.26259
1.26014
1.26014
1.26014
1.26014
1.26014
1.26014
1.26014
1.26014
1.26014
1.26014
1.26014
1.26014
1.26014
1.26014
1.26014
1.26014
1.26014
1.26014
1.26014
1.26014
1.26014
1.26004
1.26004
1.26004
1.25691
1.25545
1.25545
1.25545
1.25545
1.25545
1.25545
1.25545
1.25545
1.25545
1.25545
1.25545
1.25545
1.25545
1.25545
1.25545
1.25545
1.25545
1.25545
1.25545
1.25545
1.25545
1.25545
1.25545
1.25545
1.25545
1.25545
1.25545
1.25545
1.25545
1.25545
1.25545
1.25545
1.25545
1.25545
1.25545
1.25545
1.25545
1.25545
1.25545
1.25545
1.25241
1.25241
1.25241
1.25241
1.25241
1.25241
1.25241
1.25241
1.25241
1.25241
1.25241
1.25241
1.25241
1.25241
1.24303
1.24303
1.24303
1.24158
1.23999
1.23999
1.23999
1.23999
1.23999
1.23999
1.23999
1.23999
1.23989
1.23989
1.23989
1.23989
1.23989
1.23989
1.23989
1.23989
1.23989
1.23989
1.23989
1.23989
1.23989
1.23989
1.23989
1.23989
1.23989
1.23989
1.23989
1.23989
1.23989
1.23989
1.23989
1.23989
1.23989
1.23989
1.23989
1.23989
1.23989
1.23989
1.23989
1.23989
1.23989
1.23989
1.23989
1.23989
1.23989
1.23989
1.23989
1.23989
1.23989
1.23989
1.23989
1.23989
1.23989
1.23989
1.23989
1.23989
1.23989
1.23989
1.23989
1.23989
1.23989
1.23989
1.23989
1.23989
1.23989
1.23989
1.23989
1.23989
1.23989
1.23989
1.23989
1.23989
1.23989
1.23989
1.23989
1.23989
1.23989
1.23989
1.23989
1.23989
1.23989
1.23989
1.23989
1.23989
1.23989
1.23989
1.23989
1.23989
1.23989
1.23989
1.23989
1.23989
1.23989
1.23989
1.23989
1.23989
1.23989
1.23989
1.23989
1.23989
1.23989
1.23989
1.23989
1.23989
1.23989
1.23989
1.23989
1.23989
1.23989
1.23989
1.23989
1.23989
1.23989
1.23989
1.23989
1.23989
1.23989
1.23989
1.23989
1.23989
1.23989
1.23989
1.23989
1.23989
1.23989
1.23989
1.22581
1.22581
1.22581
1.22581
1.22581
1.22581
1.22581
1.22581
1.22581
1.22581
1.22581
1.22581
1.22581
1.22581
1.22581
1.22581
1.22581
1.22581
1.22581
1.22581
1.21565
1.21234
1.21234
1.21234
1.21234
1.21234
1.21234
1.21234
1.21234
1.21234
1.21234
1.21234
1.21234
1.21234
1.21234
1.21182
1.21182
1.21182
1.21182
1.21182
1.21182
1.21182
1.21182
1.21182
1.21182
1.21182
1.21182
1.21182
1.21182
1.21182
1.21182
1.21182
1.21182
1.21182
1.21182
1.21182
1.21182
1.21182
1.21182
1.21182
1.21182
1.21182
1.21182
1.21182
1.21182
1.21182
1.21182
1.21182
1.21182
1.21182
1.21182
1.21182
1.21182
1.21182
1.21182
1.21182
1.21182
1.21182
1.21182
1.21182
1.21177
1.21177
1.21177
1.21177
1.21177
1.21177
1.21177
1.21177
1.21177
1.21177
1.21177
1.21177
1.21177
1.21177
1.21177
1.21177
1.21177
1.21177
1.21177
1.21177
1.21177
1.21177
1.21177
1.21177
1.21177
1.21177
1.21177
1.21177
1.21177
1.21177
1.21177
1.21177
1.21177
1.21177
1.21177
1.21177
1.21177
1.21177
1.21177
1.21177
1.21177
1.21177
1.21177
1.21177
1.21177
1.21177
1.21177
1.21177
1.21177
1.21177
1.21177
1.21177
1.21177
1.21177
1.21177
1.21177
1.21177
1.21177
1.21177
1.21177
1.21177
1.21177
1.21177
1.21177
1.21177
1.21177
1.21177
1.21177
1.21177
1.21177
1.21177
1.21177
1.21177
1.21177
1.21177
1.21177
1.21177
1.21177
1.21177
1.20818
1.20818
1.20818
1.20808
1.20808
1.20808
1.20808
1.20808
1.20808
1.20808
1.20808
1.20808
1.20808
1.20808
1.20808
1.20808
1.20808
1.20808
1.20808
1.20808
1.20808
1.20808
1.20808
1.20808
1.20808
1.20808
1.20808
1.20808
1.20808
1.2044
1.2044
1.20373
1.20373
1.20373
1.20373
1.20373
1.20373
1.20373
1.20373
1.20373
1.20273
1.20273
1.20273
1.20273
1.20273
1.20273
1.20273
1.20273
1.20273
1.20273
1.20273
1.20273
1.20273
1.20273
1.20273
1.20273
1.20273
1.20273
1.20273
1.20273
1.20273
1.20273
1.20273
1.20273
1.20273
1.20273
1.20273
1.20273
1.20273
1.20273
1.20273
1.20273
1.20273
1.20273
1.20273
1.20273
1.20273
1.20273
1.20273
1.20273
1.20273
1.20271
1.20271
1.20271
1.20092
1.20092
1.20092
1.20092
1.20092
1.20092
1.20092
1.20092
1.20092
1.20092
1.20092
1.20092
1.20092
1.20092
1.20092
1.20092
1.20092
1.20092
1.20092
1.20092
1.20092
1.20092
1.20092
1.20092
1.20092
1.20092
1.20092
1.20092
1.20092
1.20092
1.20092
1.20092
1.20092
1.20092
1.20092
1.20092
1.20092
1.20092
1.20092
1.20092
1.20092
1.20092
1.20092
1.20092
1.20092
1.20092
1.20092
1.20092
1.20092
1.20092
1.20092
1.20092
1.20092
1.20092
1.20092
1.20092
1.20092
1.20092
1.20092
1.20092
1.20092
1.20092
1.20092
1.20092
1.20092
1.20092
1.20092
1.20092
1.20092
1.20092
1.20092
1.20092
1.20092
1.20092
1.20092
1.20092
1.20072
1.19909
1.19909
1.19909
1.19909
1.19909
1.19909
1.19909
1.19909
1.19909
1.19909
1.19909
1.19909
1.19909
1.19909
1.19909
1.19909
1.19909
1.19909
1.19909
1.19909
1.19909
1.19909
1.19909
1.19909
1.19909
1.19909
1.19909
1.19909
1.19909
1.19909
1.19909
1.19909
1.19909
1.19909
1.19909
1.19909
1.19909
1.19909
1.19909
1.19909
1.19909
1.19909
1.19909
1.19909
1.19909
1.19909
1.19909
1.19909
1.19909
1.19909
1.19909
1.19909
1.19909
1.19909
1.19909
1.19829
1.19825
1.19825
1.19825
1.19825
1.19825
1.19825
1.19825
1.19825
1.19825
1.19825
1.19825
1.19825
1.19825
1.19825
1.19825
1.19825
1.19825
1.19825
1.19825
1.19825
1.19825
1.19825
1.19825
1.19825
1.19825
1.19825
1.19825
1.19825
1.19825
1.19825
1.19825
1.19825
1.19825
1.19825
1.19825
1.19825
1.19825
1.19825
1.19825
1.19825
1.19825
1.19825
1.19825
1.19825
1.19825
1.19825
1.19825
1.19825
1.19825
1.19825
1.19825
1.19825
1.19825
1.19825
1.19802
1.19802
1.19802
1.19802
1.19802
1.19802
1.19802
1.19802
1.19802
1.19802
1.19802
1.19802
1.19802
1.19802
1.19802
1.19802
1.19802
1.19802
1.19802
1.19802
1.19802
1.19802
1.19802
1.19478
1.19478
1.19478
1.19478
1.19478
1.19478
1.19478
1.19478
1.19478
1.19478
1.19478
1.19478
1.19478
1.19478
1.19478
1.19478
1.19478
1.19478
1.19094
1.19094
1.19094
1.19094
1.19094
1.19094
1.19094
1.19094
1.19094
1.19094
1.19094
1.19094
1.19094
1.19094
1.19094
1.18967
1.18967
1.18967
1.18967
1.18967
1.18967
1.18967
1.18967
1.18967
1.18967
1.18967
1.18967
1.18967
1.18967
1.18967
1.18967
1.18967
1.18967
1.18967
1.18967
1.18967
1.18967
1.18967
1.18517
1.18517
1.18481
1.18481
1.18215
1.18215
1.18215
1.18215
1.18215
1.18215
1.181
1.181
1.181
1.181
1.181
1.181
1.181
1.181
1.181
1.181
1.181
1.181
1.181
1.181
1.181
1.181
1.181
1.181
1.181
1.181
1.181
1.181
1.181
1.181
1.181
1.181
1.181
1.181
1.181
1.181
1.181
1.181
1.181
1.181
1.181
1.181
1.181
1.181
1.17898
1.17898
1.17898
1.17898
1.17898
1.17898
1.17898
1.17898
1.17898
1.17898
1.17898
1.17898
1.17898
1.17898
1.17898
1.17898
1.17898
1.17898
1.17898
1.17898
1.17898
1.17898
1.17898
1.17898
1.17898
1.17898
1.17898
1.17898
1.17898
1.17898
1.17898
1.17898
1.17898
1.17898
1.17898
1.17898
1.17898
1.17895
1.17895
1.17895
1.17895
1.17895
1.17895
1.17895
1.17895
1.17895
1.17895
1.17895
1.17895
1.17895
1.17895
1.17895
1.17895
1.17895
1.17895
1.17895
1.17895
1.17895
1.17895
1.17895
1.17895
1.17895
1.17895
1.17895
1.17895
1.17895
1.17895
1.17895
1.17895
1.17895
1.17895
1.17895
1.17895
1.17895
1.17895
1.17895
1.17895
1.17895
1.17849
1.17849
1.17849
1.17849
1.17849
1.17849
1.17849
1.17849
1.17849
1.17849
1.17849
1.17849
1.17849
1.17849
1.17849
1.17849
1.17849
1.17849
1.17849
1.17849
1.17849
1.17849
1.17849
1.17849
1.17849
1.17849
1.17849
1.17849
1.17849
1.17849
1.17849
1.17849
1.17849
1.17849
1.17849
1.17849
1.17849
1.17849
1.17849
1.17849
1.17849
1.17849
1.17849
1.17849
1.17849
1.17849
1.17849
1.17849
1.17849
1.17849
1.17244
1.17244
1.17244
1.17244
1.17244
1.17244
1.17244
1.17143
1.17143
1.17143
1.17143
1.17124
1.17124
1.17124
1.17124
1.17124
1.17124
1.17124
1.17124
1.17124
1.17124
1.17124
1.17124
1.17124
1.17124
1.17124
1.17124
1.17124
1.17124
1.17124
1.17057
1.17057
1.17057
1.17057
1.17057
1.17057
1.17057
1.17057
1.17057
1.17057
1.17057
1.17057
1.17057
1.17057
1.17057
1.17057
1.17057
1.17057
1.17057
1.17057
1.17057
1.17057
1.17057
1.17057
1.17057
1.17057
1.17057
1.17057
1.17057
1.17014
1.17014
1.17014
1.17014
1.17014
1.17014
1.17014
1.17014
1.17014
1.17014
1.16968
1.16968
1.16968
1.16968
1.16676
1.16676
1.16676
1.16676
1.16676
1.16676
1.16676
1.16676
1.16676
1.16676
1.16676
1.16676
1.16676
1.16676
1.16676
1.16676
1.16676
1.16676
1.16676
1.16676
1.16676
1.16676
1.16676
1.16676
1.16676
1.16676
1.16676
1.16676
1.16676
1.16676
1.16676
1.16676
1.16676
1.16676
1.16676
1.16676
1.16676
1.16676
1.16676
1.16676
1.16676
1.16676
1.16676
1.16676
1.16676
1.16676
1.16676
1.16676
1.16676
1.16676
1.16676
1.16676
1.16676
1.16676
1.16676
1.16676
1.16676
1.16676
1.16676
1.16676
1.16676
1.16676
1.16676
1.16676
1.16676
1.16676
1.16676
1.16676
1.16676
1.16676
1.16676
1.16676
1.16676
1.16676
1.16676
1.16676
1.16676
1.16676
1.16676
1.16676
1.16676
1.16676
1.16676
1.16676
1.16676
1.16676
1.16676
1.16676
1.16676
1.16676
1.16676
1.16676
1.16676
1.16676
1.16676
1.16676
1.16676
1.16676
1.16676
1.16676
1.16676
1.16676
1.16676
1.16676
1.16676
1.16676
1.16676
1.16676
1.16676
1.16676
1.16676
1.16676
1.16676
1.16676
1.16676
1.16676
1.16676
1.16676
1.16676
1.16676
1.16676
1.16676
1.16676
1.16676
1.16676
1.16676
1.16676
1.16676
1.16676
1.16676
1.16676
1.16676
1.16676
1.16676
1.16676
1.16676
1.16676
1.16676
1.16676
1.16676
1.16676
1.16676
1.16676
1.16676
1.16676
1.16676
1.16676
1.16676
1.16676
1.16676
1.16676
1.16676
1.16676
1.16676
1.16676
1.16676
1.16676
1.16676
1.16676
1.16676
1.16676
1.16676
1.16676
1.16676
1.16676
1.16676
1.16676
1.16676
1.16676
1.16676
1.16676
1.16676
1.16676
1.16676
1.16676
1.16676
1.16676
1.16676
1.16676
1.16676
1.16676
1.16676
1.16676
1.16676
1.16676
1.16676
1.16676
1.16676
1.16676
1.16676
1.16676
1.16676
1.16676
1.16676
1.16676
1.16676
1.16676
1.16676
1.16676
1.16676
1.16676
1.16676
1.16676
1.16676
1.16676
1.16676
1.16676
1.16676
1.16676
1.16676
1.16676
1.16676
1.16676
1.16676
1.16676
1.16676
1.16676
1.16676
1.16676
1.16676
1.16676
1.16676
1.16676
1.16676
1.16676
1.16676
1.16676
1.16676
1.16676
1.16676
1.16676
1.16676
1.16676
1.16676
1.16676
1.16676
1.16676
1.16676
1.16676
1.16676
1.16676
1.16676
1.16676
1.16676
1.16676
1.16676
1.16676
1.16676
1.16676
1.16676
1.16676
1.16676
1.16676
1.16676
1.16676
1.16676
1.16676
1.16676
1.16676
1.16676
1.16676
1.16676
1.16676
1.16676
1.16676
1.16676
1.16676
1.16676
1.16676
1.16676
1.16676
1.16676
1.16676
1.16676
1.16676
1.16676
1.16676
1.16676
1.16676
1.16676
1.16676
1.16676
1.16676
1.16676
1.16676
1.16676
1.16676
1.16676
1.16676
1.16676
1.16676
1.16676
1.16676
1.16676
1.16676
1.16676
1.16676
1.16676
1.16676
1.16676
1.16676
1.16676
1.16676
1.16676
1.16676
1.16676
1.16676
1.16676
1.16676
1.16676
1.16676
1.16676
1.16676
1.16676
1.16676
1.16676
1.16676
1.16676
1.16676
1.16676
1.16676
1.16676
1.16676
1.16676
1.16676
1.16676
1.16676
1.16676
1.16676
1.16676
1.16676
1.16676
1.16676
1.16676
1.16676
1.16676
1.16676
1.16676
1.16676
1.16676
1.16676
1.16676
1.16676
1.16676
1.16676
1.16676
1.16676
1.16676
1.16676
1.16676
1.16676
1.16676
1.16676
1.16676
1.16676
1.16676
1.16676
1.16676
1.16676
1.16676
1.16676
1.16676
1.16676
1.16676
1.16676
1.16676
1.16676
1.16676
1.16676
1.16676
1.16676
1.16676
1.16676
1.16676
1.16676
1.16676
1.16676
1.16676
1.16676
1.16676
1.16676
1.16676
1.16676
1.16676
1.16676
1.16676
1.16676
1.16676
1.16676
1.16676
1.16676
1.16676
1.16676
1.16676
1.16676
1.16676
1.16676
1.16676
1.16676
1.16676
1.16676
1.16676
1.16676
1.16676
1.16676
1.16676
1.16676
1.16676
1.16676
1.16676
1.16676
1.16676
1.16676
1.16676
1.16676
1.16676
1.16676
1.16676
1.16676
1.16676
1.16676
1.16676
1.16676
1.16676
1.16676
1.16676
1.16676
1.16676
1.16676
1.16676
1.16676
1.16676
1.16676
1.16676
1.16676
1.16676
1.16676
1.16676
1.16676
1.16676
1.16676
1.16676
1.16676
1.16676
1.16617
1.16617
1.16617
1.16617
1.16617
1.16617
1.16617
1.16617
1.16617
1.16617
1.16617
1.16617
1.16617
1.16617
1.16617
1.16617
1.16617
1.16617
1.16617
1.16617
1.16617
1.16617
1.16617
1.16617
1.16617
1.16617
1.16617
1.16617
1.16617
1.16617
1.16617
1.16617
1.16617
1.16617
1.16617
1.16617
1.16617
1.16617
1.16617
1.16617
1.16617
1.16617
1.16617
1.16617
1.16617
1.16617
1.16617
1.16617
1.16617
1.16617
1.16617
1.16617
1.16617
1.16617
1.16617
1.16617
1.16617
1.16617
1.16617
1.16617
1.16617
1.16617
1.16617
1.16617
1.16617
1.16617
1.16617
1.16617
1.16617
1.16617
1.16617
1.16617
1.16617
1.16617
1.16617
1.16617
1.16617
1.16617
1.16617
1.16617
1.16617
1.16617
1.16617
1.16617
1.16617
1.16617
1.16617
1.16617
1.16617
1.16617
1.16617
1.16617
1.16617
1.16617
1.16617
1.16617
1.16617
1.16617
1.16617
1.16617
1.16617
1.16617
1.16617
1.16617
1.16617
1.16617
1.16617
1.16617
1.16617
1.16617
1.16617
1.16617
1.16617
1.16617
1.16617
1.16617
1.16617
1.16617
1.16617
1.16617
1.16617
1.16617
1.16617
1.16617
1.16617
1.16617
1.16617
1.16617
1.16617
1.16617
1.16617
1.16617
1.16617
1.16617
1.16617
1.16617
1.16617
1.16617
1.16617
1.16617
1.16617
1.16617
1.16617
1.16617
1.16617
1.16617
1.16617
1.16617
1.16617
1.16617
1.16617
1.16617
1.16617
1.16617
1.16617
1.16617
1.16617
1.16617
1.16617
1.16617
1.16617
1.16617
1.16617
1.16617
1.16617
1.16617
1.16617
1.16617
1.16617
1.16617
1.16617
1.16617
1.16617
1.16617
1.16617
1.16617
1.16617
1.16617
1.16617
1.16617
1.16617
1.16617
1.16617
1.16617
1.16617
1.16617
1.16617
1.16617
1.16617
1.16617
1.16617
1.16617
1.16617
1.16617
1.16617
1.16617
1.16617
1.16617
1.16617
1.16617
1.16617
1.16617
1.16617
1.16617
1.16617
1.16617
1.16617
1.16617
1.16617
1.16617
1.16617
1.16617
1.16617
1.16617
1.16617
1.16617
1.16617
1.16617
1.16617
1.16617
1.16617
1.16617
1.16617
1.16617
1.16617
1.16617
1.16617
1.16617
1.16617
1.16617
1.16617
1.16617
1.16617
1.16617
1.16617
1.16617
1.16617
1.16617
1.16617
1.16617
1.16617
1.16617
1.16617
1.16617
1.16617
1.16617
1.16617
1.16617
1.16617
1.16617
1.16617
1.16617
1.16617
1.16617
1.16617
1.16617
1.16617
1.16617
1.16617
1.16617
1.16617
1.16617
1.16617
1.16617
1.16617
1.16617
1.16617
1.16617
1.16617
1.16617
1.16617
1.16617
1.16617
1.16617
1.16617
1.16617
1.16617
1.16617
1.16617
1.16617
1.16617
1.16617
1.16617
1.16617
1.16617
1.16617
1.16617
1.16617
1.16617
1.16617
1.16617
1.16617
1.16617
1.16617
1.16617
1.16617
1.16617
1.16617
1.16617
1.16617
1.16617
1.16617
1.16617
1.16617
1.16617
1.16617
1.16617
1.16617
1.16617
1.16617
1.16617
1.16617
1.16617
1.16617
1.16617
1.16617
1.16617
1.16617
1.16617
1.16617
1.16617
1.16617
1.16617
1.16617
1.16617
1.16617
1.16617
1.16617
1.16617
1.16617
1.16617
1.16617
1.16617
1.16617
1.16617
1.16617
1.16617
1.16617
1.16617
1.16617
1.16617
1.16617
1.16617
1.16617
1.16617
1.16617
1.16617
1.16617
1.16617
1.16617
1.16617
1.16617
1.16617
1.16617
1.16617
1.16617
1.16617
1.16617
1.16617
1.16617
1.16617
1.16617
1.16617
1.16617
1.16617
1.16617
1.16617
1.16617
1.16617
1.16617
1.16617
1.16617
1.16617
1.16617
1.16617
1.16617
1.16617
1.16617
1.16617
1.16617
1.16617
1.16617
1.16617
1.16617
1.16617
1.16617
1.16617
1.16617
1.16617
1.16617
1.16617
1.16617
1.16617
1.16617
1.16617
1.16617
1.16617
1.16617
1.16617
1.16617
1.16617
1.16617
1.16617
1.16617
1.16617
1.16617
1.16617
1.16617
1.16617
1.16617
1.16617
1.16617
1.16617
1.16617
1.16617
1.16617
1.16617
1.16617
1.16617
1.16617
1.16617
1.16617
1.16617
1.16617
1.16617
1.16617
1.16617
1.16617
1.16617
1.16617
1.16617
1.16617
1.16617
1.16617
1.16617
1.16617
1.16617
1.16617
1.16617
1.16617
1.16617
1.16617
1.16617
1.16617
1.16617
1.16617
1.16617
1.16617
1.16617
1.16617
1.16617
1.16617
1.16617
1.16617
1.16617
1.16617
1.16617
1.16617
1.16617
1.16617
1.16617
1.16617
1.16617
1.16617
1.16617
1.16617
1.16617
1.16617
1.16617
1.16617
1.16617
1.16617
1.16617
1.16617
1.16617
1.16617
1.16617
1.16617
1.16617
1.16617
1.16617
1.16617
1.16617
1.16617
1.16617
1.16617
1.16617
1.16617
1.16617
1.16617
1.16617
1.16617
1.16617
1.16617
1.16617
1.16617
1.16617
1.16617
1.16617
1.16617
1.16617
1.16617
1.16617
1.16617
1.16617
1.16617
1.16617
1.16617
1.16617
1.16617
1.16617
1.16617
1.16617
1.16617
1.16617
1.16617
1.16617
1.16617
1.16617
1.16617
1.16617
1.16617
1.16617
1.16617
1.16617
1.16617
1.16617
1.16617
1.16617
1.16617
1.16617
1.16617
1.16617
1.16617
1.16617
1.16617
1.16617
1.16617
1.16617
1.16617
1.16617
1.16617
1.16617
1.16617
1.16617
1.16617
1.16617
1.16617
1.16617
1.16617
1.16617
1.16617
1.16617
1.16617
1.16617
1.16617
1.16617
1.16617
1.16617
1.16617
1.16617
1.16617
1.16617
1.16617
1.16617
1.16617
1.16617
1.16617
1.16617
1.16617
1.16617
1.16617
1.16617
1.16617
1.16617
1.16617
1.16617
1.16617
1.16617
1.16617
1.16617
1.16617
1.16617
1.16617
1.16617
1.16617
1.16617
1.16617
1.16617
1.16617
1.16617
1.16617
1.16617
1.16617
1.16617
1.16617
1.16617
1.16617
1.16617
1.16617
1.16617
1.16617
1.16617
1.16617
1.16617
1.16617
1.16617
1.16617
1.16617
1.16617
1.16617
1.16617
1.16617
1.16617
1.16617
1.16617
1.16617
1.16617
1.16617
1.16617
1.16617
1.16617
1.16617
1.16617
1.16617
1.16617
1.16617
1.16617
1.16617
1.16617
1.16617
1.16617
1.16617
1.16617
1.16617
1.16617
1.16617
1.16617
1.16617
1.16617
1.16617
1.16617
1.16617
1.16617
1.16617
1.16617
1.16617
1.16617
1.16617
1.16617
1.16617
1.16617
1.16617
1.16617
1.16617
1.16617
1.16617
1.16617
1.16617
1.16617
1.16617
1.16617
1.16617
1.16617
1.16617
1.16617
1.16617
1.16617
1.16617
1.16617
1.16617
1.16617
1.16617
1.16617
1.16617
1.16617
1.16617
1.16617
1.16617
1.16617
1.16617
1.16617
1.16617
1.16617
1.16617
1.16617
1.16617
1.16617
1.16617
1.16617
1.16617
1.16617
1.16617
1.16617
1.16617
1.16617
1.16617
1.16617
1.16617
1.16617
1.16617
1.16617
1.16617
1.16617
1.16617
1.16617
1.16617
1.16617
1.16617
1.16617
1.16617
1.16617
1.16617
1.16617
1.16617
1.16617
1.16617
1.16617
1.16617
1.16617
1.16617
1.16617
1.16617
1.16617
1.16617
1.16617
1.16617
1.16617
1.16617
1.16617
1.16617
1.16617
1.16617
1.16617
1.16617
1.16617
1.16617
1.16617
1.16617
1.16617
1.16617
1.16617
1.16617
1.16617
1.16617
1.16617
1.16617
1.16617
1.16617
1.16617
1.16617
1.16617
1.16617
1.16617
1.16617
1.16617
1.16617
1.16617
1.16617
1.16617
1.16617
1.16617
1.16617
1.16617
1.16617
1.16617
1.16617
1.16617
1.16617
1.16617
1.16617
1.16617
1.16617
1.16617
1.16617
1.16617
1.16617
1.16617
1.16617
1.16617
1.16617
1.16617
1.16617
1.16617
1.16617
1.16617
1.16617
1.16617
1.16617
1.16617
1.16617
1.16617
1.16617
1.16617
1.16617
1.16617
1.16617
1.16617
1.16617
1.16617
1.16617
1.16617
1.16617
1.16617
1.16617
1.16617
1.16617
1.16617
1.16617
1.16617
1.16617
1.16617
1.16617
1.16617
1.16617
1.16617
1.16617
1.16617
1.16617
1.16617
1.16617
1.16617
1.16617
1.16617
1.16617
1.16617
1.16617
1.16617
1.16617
1.16617
1.16617
1.16617
1.16617
1.16617
1.16617
1.16617
1.16617
1.16617
1.16617
1.16617
1.16617
1.16617
1.16617
1.16617
1.16617
1.16617
1.16617
1.16617
1.16617
1.16617
1.16617
1.16617
1.16617
1.16617
1.16617
1.16617
1.16617
1.16617
1.16617
1.16617
1.16617
1.16617
1.16617
1.16617
1.16617
1.16617
1.16617
1.16617
1.16617
1.16617
1.16617
1.16617
1.16617
1.16617
1.16617
1.16617
1.16617
1.16617
1.16617
1.16617
1.16617
1.16617
1.16617
1.16617
1.16617
1.16617
1.16617
1.16617
1.16617
1.16617
1.16617
1.16617
1.16617
1.16617
1.16617
1.16617
1.16617
1.16617
1.16617
1.16617
1.16617
1.16617
1.16617
1.16617
1.16617
1.16617
1.16617
1.16617
1.16617
1.16617
1.16617
1.16617
1.16617
1.16617
1.16617
1.16617
1.16617
1.16617
1.16617
1.16617
1.16617
1.16617
1.16617
1.16617
1.16617
1.16617
1.16617
1.16617
1.16617
1.16617
1.16617
1.16617
1.16617
1.16617
1.16617
1.16617
1.16617
1.16617
1.16617
1.16617
1.16617
1.16617
1.16617
1.16617
1.16617
1.16617
1.16617
1.16617
1.16617
1.16617
1.16617
1.16617
1.16617
1.16617
1.16617
1.16617
1.16617
1.16617
1.16617
1.16617
1.16617
1.16617
1.16617
1.16617
1.16617
1.16617
1.16617
1.16617
1.16617
1.16617
1.16617
1.16617
1.16617
1.16617
1.16617
1.16617
1.16617
1.16617
1.16617
1.16617
1.16617
1.16617
1.16617
1.16617
1.16617
1.16617
1.16617
1.16617
1.16617
1.16617
1.16617
1.16617
1.16617
1.16617
1.16617
1.16617
1.16617
1.16617
1.16617
1.16617
1.16617
1.16617
1.16617
1.16617
1.16617
1.16617
1.16617
1.16617
1.16617
1.16617
1.16617
1.16617
1.16617
1.16617
1.16617
1.16617
