
/*---------------------------贪心算法思想下解的说明------------------------------*/

算法思想：以当前所在的点为参考选择离自己最近的点作为下一站，走过的点不在经过


贪心思想只能求得每一步只能求得局部最短路径，因此最终结果是近似最优解

贪心算法求解的最短路程的长度为：135752
实际的最短路径为：118282
此算法和最优解的近似度为:1.1477
time = 0.003s
/*---------------------------贪心算法思想下解的说明------------------------------*/



/*---------------------------遗传算法2思想下解的说明------------------------------*/

算法思想：随机生成一个路线序列，路线路径长度短的会更可能遗传下去，所以经过多次代际迭代，最终的结果会趋近于最优解


代际更迭次数越多，越接近最优解。这种算法最终结果是近似最优解

遗传算法求解的最短路程的长度为：137937
实际的最短路径为：118282
此算法和最优解的近似度为:1.16617
time = 226.09s
这个算法迭代终止条件是前后 1016 代最优个体一样
这个算法中共计迭代 3925次
其中每一代个体数为 254   交叉遗传的概率为 0.8   变异的概率为 0.1

迭代过程中 交叉遗传次数为400536  其中变异次数为101406

以下是迭代过程中每一代中最好的个体所对应的路先长度变化（每20代输出一次）

458818 390265 358641 336663 310269 283727 269392 259611 254535 247323 241899 235994 230665 226482 223348 220947 216425 209258 206502 204630 
202870 200828 199039 196249 192785 189861 187818 186505 183087 183042 182993 182726 182509 182363 180706 180474 180086 179660 179660 179660 
179660 178962 178442 177525 174782 173701 171163 171163 169846 169408 168463 165166 161973 158918 158561 157812 157565 157278 157278 157151 
154473 154473 153909 153836 153836 153680 152938 152201 152124 151738 150927 150569 150453 150297 149052 149040 148498 148498 147028 146657 
146657 146657 146657 146657 146657 144992 143398 143336 143336 143330 143330 143330 143330 142894 142379 142262 142262 142048 142048 142048 
142048 141831 141831 141831 141732 141732 141705 141705 140867 140716 140142 139691 139691 139452 139452 139448 139448 139394 139394 138559 
138537 138457 138407 138007 138007 138007 138007 138007 138007 138007 138007 138007 138007 138007 138007 138007 138007 138007 138007 138007 
138007 138007 138007 138007 138007 137937 137937 137937 137937 137937 137937 137937 137937 137937 137937 137937 137937 137937 137937 137937 
137937 137937 137937 137937 137937 137937 137937 137937 137937 137937 137937 137937 137937 137937 137937 137937 137937 137937 137937 137937 
137937 137937 137937 137937 137937 137937 137937 137937 137937 137937 137937 137937 137937 137937 137937 137937 
/*---------------------------遗传算法2思想下解的说明------------------------------*/


