6.72232
6.58749
6.38363
6.32948
6.19449
5.90266
5.90266
5.70848
5.683
5.65346
5.57146
5.32296
5.32296
5.21232
5.10315
5.06287
5.06287
4.99717
4.88251
4.85061
4.85061
4.7204
4.7204
4.7204
4.468
4.468
4.468
4.468
4.468
4.45456
4.45456
4.421
4.38543
4.21467
4.21467
4.21467
4.21467
4.16462
4.13258
4.02464
4.02464
4.00232
3.97945
3.96153
3.94637
3.89263
3.89263
3.89263
3.86247
3.79772
3.79625
3.79625
3.79625
3.77607
3.77607
3.77607
3.75628
3.66003
3.66003
3.66003
3.66003
3.66003
3.57415
3.57415
3.57415
3.57415
3.55934
3.55737
3.52145
3.52145
3.52012
3.49885
3.49885
3.49885
3.47573
3.47573
3.40783
3.40606
3.40606
3.37805
3.34851
3.33602
3.33602
3.28601
3.27702
3.23002
3.20476
3.20476
3.20476
3.13449
3.1148
3.1148
3.11302
3.04057
3.04057
2.96597
2.96597
2.94105
2.94105
2.94105
2.90799
2.87652
2.87652
2.86544
2.86544
2.85744
2.85021
2.8225
2.81738
2.81738
2.79485
2.79485
2.77327
2.75602
2.72395
2.72395
2.71856
2.68872
2.68872
2.67651
2.66562
2.61142
2.61142
2.60957
2.60957
2.58865
2.58508
2.58508
2.58508
2.57809
2.55154
2.49114
2.49114
2.49114
2.49114
2.49114
2.49114
2.48612
2.48612
2.48612
2.43794
2.43794
2.43794
2.43794
2.43794
2.42712
2.42699
2.42699
2.41019
2.40809
2.38779
2.38779
2.38779
2.38779
2.36636
2.36636
2.36636
2.36636
2.36636
2.36456
2.36456
2.36456
2.36456
2.35392
2.3533
2.3533
2.34271
2.32765
2.32765
2.31639
2.31639
2.31639
2.31639
2.31296
2.31296
2.30983
2.30283
2.30283
2.29157
2.29157
2.29157
2.26617
2.26617
2.26517
2.26357
2.26114
2.25659
2.25371
2.2497
2.24426
2.2162
2.2162
2.2162
2.17926
2.13392
2.13392
2.12631
2.12631
2.1242
2.11761
2.10702
2.10442
2.09088
2.09088
2.08289
2.05957
2.05957
2.05664
2.05664
2.05634
2.054
2.03258
2.0084
2.0084
2.0084
2.0084
2.00741
2.00675
2.00675
1.99801
1.99801
1.99473
1.98858
1.98858
1.98858
1.98858
1.9823
1.98079
1.98079
1.97947
1.97876
1.97876
1.97706
1.97131
1.9688
1.9688
1.9688
1.9572
1.9534
1.95335
1.93767
1.93767
1.9307
1.9307
1.9307
1.9307
1.9307
1.92745
1.92745
1.92603
1.92441
1.92441
1.8863
1.8863
1.8863
1.8863
1.8863
1.8863
1.88
1.88
1.88
1.86374
1.86374
1.86374
1.86374
1.85147
1.85147
1.85053
1.85053
1.84514
1.84205
1.83863
1.8319
1.8319
1.8319
1.83075
1.829
1.82187
1.82187
1.81969
1.81792
1.81792
1.81743
1.81173
1.81173
1.81135
1.80544
1.80544
1.80506
1.80001
1.80001
1.80001
1.80001
1.80001
1.79964
1.79964
1.79964
1.79624
1.79624
1.79414
1.79193
1.79193
1.78577
1.78577
1.78348
1.78348
1.78348
1.78348
1.78287
1.78287
1.78287
1.78269
1.78269
1.78269
1.78269
1.78269
1.78269
1.78269
1.7817
1.77838
1.77838
1.77821
1.77821
1.77821
1.7778
1.77455
1.77455
1.77455
1.77455
1.77455
1.77382
1.77339
1.77339
1.77339
1.77339
1.77339
1.77339
1.77266
1.77266
1.77266
1.77266
1.77266
1.77266
1.77266
1.74976
1.74976
1.74976
1.74976
1.74976
1.71564
1.71564
1.71564
1.71254
1.69868
1.69868
1.69868
1.69868
1.69795
1.69795
1.69795
1.69795
1.67656
1.67656
1.67656
1.67656
1.67656
1.67656
1.67656
1.67656
1.67656
1.67656
1.67656
1.67656
1.67656
1.67589
1.67589
1.67558
1.67558
1.67558
1.67558
1.67558
1.67491
1.67491
1.67491
1.67491
1.67491
1.67491
1.67491
1.67491
1.67491
1.67427
1.67427
1.67427
1.6736
1.6736
1.67209
1.67209
1.67209
1.67209
1.66725
1.66725
1.66725
1.66259
1.66192
1.65911
1.65911
1.65911
1.65911
1.65911
1.65911
1.65911
1.65911
1.65911
1.65911
1.65911
1.65911
1.65911
1.65911
1.65911
1.65911
1.65911
1.65911
1.65911
1.65911
1.65911
1.65911
1.65911
1.65911
1.65911
1.65911
1.65911
1.65911
1.65911
1.65911
1.65911
1.65911
1.65911
1.65911
1.65911
1.65911
1.65911
1.65911
1.65911
1.65911
1.65911
1.65911
1.65911
1.65774
1.65774
1.65028
1.64527
1.64527
1.63781
1.63781
1.63716
1.63716
1.63716
1.63649
1.63649
1.63649
1.63649
1.63649
1.63649
1.63155
1.63155
1.63155
1.63155
1.63155
1.63155
1.63069
1.63069
1.63069
1.63069
1.63069
1.63069
1.63069
1.62608
1.62608
1.62608
1.62608
1.62608
1.62114
1.6209
1.6209
1.62065
1.62065
1.613
1.613
1.613
1.613
1.613
1.613
1.613
1.613
1.613
1.613
1.613
1.613
1.613
1.61005
1.61005
1.61005
1.61005
1.61005
1.61005
1.61005
1.61005
1.61005
1.60856
1.60856
1.60856
1.60856
1.60856
1.60856
1.60856
1.60856
1.60856
1.60856
1.60856
1.60856
1.60856
1.60856
1.60856
1.60856
1.60856
1.60856
1.60856
1.60856
1.60856
1.60856
1.60856
1.60856
1.60856
1.60856
1.60856
1.60856
1.60856
1.60856
1.60856
1.60856
1.60856
1.60856
1.60856
1.60856
1.60856
1.60693
1.60693
1.60693
1.60318
1.60318
1.60318
1.60318
1.60318
1.60318
1.60318
1.60318
1.60318
1.60155
1.60155
1.60155
1.60155
1.60155
1.60155
1.60155
1.60155
1.60155
1.60155
1.60155
1.60155
1.60155
1.60155
1.60155
1.60123
1.60123
1.60123
1.60123
1.60123
1.60123
1.6004
1.6004
1.6004
1.6004
1.6004
1.6004
1.6004
1.6004
1.6004
1.59907
1.59907
1.59907
1.59907
1.59907
1.59907
1.59849
1.59849
1.59849
1.59849
1.59849
1.59816
1.59816
1.59816
1.59816
1.59686
1.59686
1.59686
1.59653
1.59653
1.59653
1.59653
1.59653
1.59653
1.59448
1.59448
1.59448
1.59448
1.59448
1.59448
1.59448
1.59448
1.59438
1.59438
1.59438
1.59402
1.59402
1.59402
1.59402
1.59402
1.59402
1.59402
1.59402
1.59402
1.59402
1.59402
1.58383
1.58383
1.57749
1.57749
1.57749
1.57749
1.57713
1.57713
1.57713
1.57713
1.57713
1.57626
1.57479
1.57479
1.57456
1.57456
1.57456
1.57456
1.57456
1.57241
1.57241
1.57241
1.57241
1.57241
1.57241
1.57241
1.57241
1.57241
1.57241
1.5719
1.5719
1.5719
1.5719
1.5719
1.5719
1.5719
1.5719
1.5719
1.56621
1.56621
1.56621
1.56621
1.56621
1.56621
1.56621
1.56621
1.56621
1.56621
1.56621
1.56621
1.56621
1.56621
1.56621
1.56621
1.56621
1.56621
1.56172
1.56172
1.56172
1.56172
1.56172
1.56172
1.56172
1.56172
1.56172
1.56172
1.56172
1.56172
1.56172
1.5497
1.5497
1.50012
1.50012
1.50012
1.49604
1.49604
1.48359
1.48359
1.47407
1.47407
1.47407
1.47407
1.47407
1.47407
1.47252
1.47252
1.47252
1.46973
1.46973
1.46973
1.46973
1.46825
1.4667
1.4667
1.4667
1.4667
1.46651
1.46651
1.46651
1.43985
1.40835
1.40835
1.4068
1.40402
1.40402
1.40402
1.40402
1.40334
1.39612
1.39334
1.39334
1.39334
1.39334
1.39334
1.39056
1.39056
1.39056
1.39056
1.39056
1.3904
1.3904
1.3904
1.38763
1.38601
1.38601
1.38601
1.38601
1.38601
1.38323
1.38323
1.38323
1.38323
1.38323
1.38323
1.38323
1.38323
1.38323
1.38323
1.38323
1.38323
1.37829
1.37829
1.37829
1.37829
1.37829
1.37829
1.37829
1.37829
1.37829
1.37829
1.37829
1.37829
1.37829
1.37829
1.37829
1.37771
1.37771
1.37771
1.37771
1.37771
1.37771
1.37771
1.37771
1.37771
1.37771
1.37771
1.37771
1.37771
1.37771
1.37771
1.37771
1.37771
1.37771
1.37771
1.37771
1.37771
1.37771
1.37771
1.37771
1.37771
1.37771
1.37771
1.37771
1.37771
1.37771
1.37771
1.37771
1.37771
1.37771
1.37771
1.37771
1.37771
1.37771
1.37771
1.37771
1.37771
1.37771
1.37771
1.37771
1.37771
1.37771
1.37771
1.37771
1.37771
1.37771
1.37711
1.37711
1.37711
1.37711
1.37711
1.37711
1.37711
1.37711
1.37711
1.37711
1.37711
1.37711
1.37711
1.37711
1.37711
1.37711
1.37312
1.37312
1.37312
1.37312
1.37312
1.37312
1.37312
1.37312
1.37312
1.37312
1.37312
1.37312
1.37312
1.37043
1.37043
1.37043
1.37043
1.37043
1.37043
1.37043
1.37043
1.37043
1.37043
1.37043
1.37043
1.37043
1.37043
1.37043
1.37043
1.37043
1.37043
1.37043
1.37043
1.37043
1.37043
1.37043
1.37043
1.37043
1.37043
1.36736
1.36736
1.36736
1.36736
1.36736
1.36736
1.36736
1.36736
1.36736
1.36736
1.36736
1.36736
1.36736
1.36736
1.36596
1.36596
1.36596
1.36596
1.35891
1.35891
1.35891
1.35891
1.3575
1.3575
1.3575
1.3575
1.3575
1.35544
1.35544
1.35544
1.35544
1.35544
1.35544
1.35544
1.35544
1.35544
1.35544
1.35544
1.35544
1.34146
1.34146
1.3394
1.3394
1.3394
1.3394
1.3394
1.3394
1.3394
1.3394
1.3394
1.3394
1.3394
1.3394
1.3394
1.3394
1.3394
1.3394
1.3394
1.3394
1.3394
1.3394
1.3394
1.3394
1.3394
1.3394
1.3394
1.3394
1.3394
1.3394
1.33906
1.33906
1.33906
1.33906
1.33906
1.33906
1.33906
1.33906
1.33906
1.33906
1.33906
1.33906
1.33888
1.33888
1.33888
1.33888
1.33888
1.33682
1.33682
1.33682
1.29096
1.29096
1.29096
1.26284
1.26284
1.26284
1.26284
1.25961
1.25961
1.25961
1.25961
1.25838
1.25838
1.25838
1.25838
1.25739
1.25435
1.25435
1.25114
1.24933
1.24933
1.24711
1.24711
1.24711
1.24711
1.24281
1.24059
1.24059
1.24059
1.24059
1.24059
1.24059
1.24059
1.24059
1.24059
1.24059
1.23974
1.23974
1.23974
1.23974
1.23974
1.23974
1.23974
1.23974
1.23974
1.23974
1.23974
1.23974
1.23974
1.23974
1.23974
1.23974
1.23974
1.23974
1.23974
1.23974
1.23974
1.23974
1.23974
1.23974
1.22546
1.22546
1.22546
1.22546
1.22546
1.22546
1.22546
1.22546
1.22546
1.22546
1.22546
1.22546
1.22546
1.22546
1.22546
1.22546
1.22546
1.22546
1.22546
1.22546
1.22546
1.22546
1.22478
1.22478
1.22478
1.22478
1.22478
1.22478
1.22478
1.22478
1.22478
1.22478
1.22478
1.22478
1.22478
1.22478
1.22478
1.22478
1.22478
1.22478
1.22478
1.22478
1.22478
1.22478
1.22478
1.22478
1.22478
1.22478
1.22478
1.22478
1.22478
1.22478
1.22478
1.22478
1.22478
1.21745
1.21745
1.21745
1.21745
1.21745
1.21745
1.21745
1.21745
1.21745
1.21745
1.21745
1.21745
1.21745
1.2008
1.2008
1.2008
1.2008
1.2008
1.2008
1.2008
1.2008
1.2008
1.2008
1.2008
1.2008
1.2008
1.2008
1.2008
1.2008
1.2008
1.2008
1.2008
1.2008
1.2008
1.2008
1.2008
1.2008
1.2008
1.2008
1.2008
1.2008
1.2008
1.2008
1.2008
1.2008
1.2008
1.2008
1.2008
1.2008
1.2008
1.2008
1.2008
1.2008
1.2008
1.2008
1.2008
1.2008
1.2008
1.2008
1.2008
1.2008
1.2008
1.2008
1.2008
1.2008
1.2008
1.2008
1.19852
1.19852
1.19852
1.19852
1.19852
1.19852
1.19852
1.19852
1.19852
1.19852
1.19852
1.19852
1.19852
1.19852
1.19852
1.19852
1.19852
1.19852
1.19852
1.19852
1.19852
1.19852
1.19852
1.19852
1.19852
1.19852
1.19852
1.19852
1.19852
1.19852
1.19852
1.19669
1.19669
1.19669
1.19669
1.19669
1.19669
1.19669
1.19669
1.19669
1.19669
1.19669
1.19669
1.19669
1.19669
1.19669
1.19669
1.19669
1.19669
1.19669
1.19669
1.19669
1.19669
1.19669
1.19669
1.19669
1.19669
1.19669
1.19669
1.19669
1.19669
1.19669
1.19669
1.19669
1.19669
1.19669
1.19669
1.19669
1.19669
1.19669
1.19669
1.19669
1.19669
1.19669
1.19669
1.19669
1.19669
1.19669
1.19229
1.19229
1.19229
1.19229
1.19229
1.19229
1.19229
1.19229
1.19229
1.19229
1.19229
1.19229
1.19229
1.19229
1.19229
1.19229
1.19229
1.19229
1.19229
1.19229
1.19229
1.19229
1.19229
1.19229
1.19229
1.19229
1.19229
1.19229
1.19229
1.19229
1.19229
1.19229
1.19229
1.19229
1.19229
1.19229
1.19229
1.19229
1.19229
1.19229
1.19229
1.19229
1.19229
1.19229
1.19229
1.19229
1.19229
1.19229
1.19229
1.19229
1.19229
1.19229
1.19229
1.19229
1.19229
1.19229
1.19229
1.19229
1.19229
1.19229
1.19229
1.19229
1.19229
1.19229
1.19229
1.19229
1.19229
1.19229
1.19229
1.19229
1.19229
1.19229
1.19229
1.19229
1.19229
1.19229
1.19229
1.19229
1.19229
1.19229
1.19229
1.19229
1.19229
1.19229
1.19229
1.19229
1.19229
1.19229
1.19229
1.19229
1.19229
1.19229
1.19229
1.19229
1.19229
1.19229
1.19229
1.19229
1.19229
1.19229
1.19229
1.19229
1.19229
1.19229
1.19229
1.19229
1.19229
1.19229
1.19229
1.19229
1.19229
1.19229
1.19229
1.19229
1.19229
1.19229
1.19229
1.19229
1.19229
1.19229
1.19229
1.19229
1.19229
1.19229
1.19229
1.19229
1.19229
1.19229
1.19229
1.19229
1.19229
1.19229
1.19229
1.19229
1.19229
1.19229
1.19229
1.19229
1.19229
1.19229
1.19229
1.19229
1.19229
1.19229
1.19229
1.19229
1.19229
1.19229
1.19229
1.19229
1.19229
1.19229
1.19229
1.19229
1.19229
1.19229
1.19229
1.19229
1.19229
1.19229
1.19229
1.19229
1.19229
1.19229
1.19229
1.19229
1.19229
1.19229
1.19229
1.19229
1.19229
1.19229
1.19229
1.19229
1.19229
1.19229
1.19229
1.19229
1.19229
1.19229
1.19229
1.19229
1.19229
1.19229
1.19229
1.19229
1.19229
1.19229
1.19229
1.19229
1.19229
1.19229
1.19229
1.19229
1.19229
1.19229
1.19229
1.19229
1.19229
1.19229
1.19229
1.19229
1.19229
1.19229
1.19229
1.19229
1.19229
1.19229
1.19229
1.19229
1.19229
1.19229
1.19229
1.19229
1.19229
1.19229
1.19229
1.19229
1.19229
1.19229
1.19229
1.19229
1.19229
1.19229
1.19229
1.19229
1.19229
1.19229
1.19229
1.19229
1.19229
1.19229
1.19229
1.19229
1.19229
1.19229
1.19229
1.19229
1.19229
1.19229
1.19229
1.19229
1.19229
1.19229
1.19229
1.19229
1.19229
1.19229
1.19229
1.19229
1.19229
1.19229
1.19229
1.19229
1.19229
1.19229
1.19229
1.19229
1.19229
1.19229
1.19229
1.19229
1.19229
1.19229
1.19229
1.19229
1.19229
1.19229
1.19229
1.19229
1.19229
1.19229
1.19229
1.19229
1.19229
1.19229
1.19229
1.19229
1.19229
1.19229
1.19229
1.19229
1.19229
1.19229
1.19229
1.19229
1.19229
1.19229
1.19229
1.19229
1.19229
1.19229
1.19229
1.19229
1.19229
1.19229
1.19229
1.19229
1.19229
1.19229
1.19229
1.19229
1.19229
1.19229
1.19229
1.19229
1.19229
1.19229
1.19229
1.19229
1.18925
1.18925
1.18925
1.18925
1.18925
1.18925
1.18925
1.18925
1.18925
1.18925
1.18925
1.18925
1.18925
1.18925
1.18925
1.18925
1.18925
1.18925
1.18925
1.18925
1.18925
1.18925
1.18925
1.18925
1.18925
1.18925
1.18925
1.18925
1.18925
1.18925
1.18925
1.18925
1.18925
1.18925
1.18925
1.18925
1.18925
1.18925
1.18925
1.18925
1.18925
1.18925
1.18925
1.18925
1.18925
1.18925
1.18925
1.18925
1.18925
1.18925
1.18925
1.18925
1.18925
1.18925
1.18925
1.18925
1.18925
1.18925
1.18925
1.18925
1.18925
1.18925
1.18925
1.18925
1.18925
1.18925
1.18925
1.18925
1.18925
1.18925
1.18925
1.18925
1.18925
1.18925
1.18925
1.18925
1.18925
1.18925
1.18925
1.18925
1.18925
1.18925
1.18925
1.18925
1.18925
1.18925
1.18925
1.18925
1.18925
1.18925
1.1873
1.1873
1.1873
1.1873
1.1873
1.1868
1.1868
1.1868
1.1868
1.1868
1.1868
1.1868
1.1868
1.1868
1.1868
1.1868
1.1868
1.1868
1.1868
1.1868
1.1868
1.1868
1.1868
1.1868
1.1868
1.1868
1.1868
1.1868
1.1868
1.1868
1.1868
1.1868
1.1868
1.1868
1.1868
1.1868
1.1868
1.1868
1.1868
1.1868
1.1868
1.1868
1.1868
1.1868
1.1868
1.1868
1.1868
1.1868
1.1868
1.1868
1.1868
1.1868
1.1868
1.1868
1.1868
1.1868
1.1868
1.1868
1.1868
1.1868
1.1868
1.1868
1.1868
1.1868
1.1868
1.18665
1.18665
1.18665
1.18665
1.18665
1.18665
1.18322
1.18322
1.18322
1.18322
1.18322
1.18322
1.18322
1.18322
1.18322
1.18322
1.18322
1.18322
1.18322
1.18322
1.17877
1.17877
1.17877
1.17877
1.17877
1.17877
1.17877
1.17877
1.17877
1.17877
1.17877
1.17877
1.17854
1.17854
1.17854
1.17854
1.17854
1.17854
1.17854
1.17854
1.17854
1.17854
1.17854
1.17854
1.17854
1.17744
1.17744
1.17744
1.17744
1.17744
1.17744
1.17744
1.17744
1.17744
1.17744
1.17744
1.17744
1.17744
1.17744
1.17744
1.17744
1.17744
1.17744
1.17744
1.17744
1.17744
1.17744
1.17744
1.17744
1.17744
1.17744
1.17744
1.17744
1.17744
1.17744
1.17744
1.17744
1.17744
1.17744
1.17744
1.17744
1.17744
1.17744
1.17744
1.17744
1.17744
1.17744
1.17744
1.17744
1.17744
1.17744
1.17744
1.17744
1.17744
1.17744
1.17744
1.17744
1.17744
1.17744
1.17744
1.17744
1.17744
1.17744
1.17744
1.17744
1.17744
1.17744
1.17744
1.17744
1.17744
1.17744
1.17744
1.17744
1.17744
1.17744
1.17744
1.17744
1.17744
1.17744
1.17744
1.17744
1.17744
1.17744
1.17744
1.17744
1.17744
1.17744
1.17744
1.17744
1.17744
1.17744
1.17744
1.17744
1.17744
1.17744
1.17744
1.17744
1.17744
1.17744
1.17744
1.17744
1.17744
1.17744
1.17744
1.17744
1.17744
1.17744
1.17744
1.17744
1.17744
1.17744
1.17744
1.17744
1.17744
1.17744
1.17744
1.17744
1.17744
1.17744
1.17744
1.17744
1.17744
1.17744
1.17744
1.17744
1.17744
1.17744
1.17744
1.17744
1.17744
1.17744
1.17744
1.17744
1.17744
1.17744
1.17744
1.17744
1.17744
1.17744
1.17744
1.17744
1.17744
1.17744
1.17744
1.17744
1.17744
1.17744
1.17744
1.17744
1.17744
1.17744
1.17744
1.17744
1.17744
1.17744
1.17744
1.17744
1.17744
1.17744
1.17744
1.17744
1.17744
1.17744
1.17744
1.17744
1.17744
1.17744
1.17744
1.17744
1.17744
1.17744
1.17744
1.17744
1.17744
1.17744
1.17744
1.17744
1.17744
1.17744
1.17744
1.17744
1.17744
1.17744
1.17744
1.17744
1.17744
1.17744
1.17744
1.17744
1.17744
1.17744
1.17744
1.17744
1.17744
1.17744
1.17744
1.17744
1.17744
1.17744
1.17744
1.17744
1.17744
1.17744
1.17744
1.17744
1.17744
1.17744
1.17744
1.17744
1.17744
1.17744
1.17744
1.17744
1.17744
1.17744
1.17744
1.17744
1.17744
1.17744
1.17744
1.17744
1.16473
1.16473
1.16473
1.16473
1.16473
1.16473
1.16473
1.16473
1.16473
1.16473
1.16473
1.16473
1.16473
1.16473
1.16473
1.16473
1.16473
1.16473
1.16473
1.16473
1.16473
1.16473
1.16473
1.16473
1.16473
1.16473
1.16473
1.16385
1.16385
1.16385
1.16385
1.16385
1.16385
1.16385
1.16385
1.16385
1.16385
1.16385
1.16385
1.16385
1.16385
1.16385
1.16385
1.16385
1.16385
1.16385
1.16385
1.16385
1.16385
1.16385
1.16385
1.16385
1.16385
1.16385
1.16385
1.16385
1.16385
1.16385
1.16385
1.16385
1.16385
1.16385
1.16385
1.16385
1.16385
1.16385
1.16385
1.16385
1.16385
1.16385
1.16385
1.16385
1.16385
1.16385
1.16385
1.16385
1.16385
1.16385
1.16385
1.16385
1.16385
1.16385
1.16385
1.16385
1.16385
1.16385
1.16385
1.16385
1.16385
1.16385
1.16385
1.16385
1.16385
1.16385
1.16385
1.16385
1.16385
1.16385
1.16385
1.16385
1.16385
1.16385
1.16385
1.16385
1.16385
1.16385
1.16385
1.16385
1.16385
1.16385
1.16385
1.16385
1.16385
1.16385
1.16385
1.16385
1.16385
1.16385
1.16385
1.16385
1.16385
1.16385
1.16385
1.16385
1.16385
1.16385
1.16385
1.16385
1.16385
1.16385
1.16385
1.16385
1.16385
1.16385
1.16385
1.16385
1.16385
1.16385
1.16385
1.16385
1.16385
1.16385
1.16385
1.16385
1.16385
1.16385
1.16385
1.16385
1.16385
1.16385
1.16385
1.16385
1.16385
1.16385
1.16385
1.16385
1.16385
1.16385
1.16385
1.16385
1.16385
1.16385
1.16385
1.16385
1.16385
1.16385
1.16385
1.16385
1.16385
1.16385
1.16385
1.16385
1.16385
1.16385
1.16385
1.16385
1.16385
1.16385
1.16385
1.16385
1.16385
1.16385
1.16385
1.16385
1.16385
1.16385
1.16385
1.16385
1.16385
1.16385
1.16385
1.15889
1.15889
1.15889
1.15889
1.15889
1.15889
1.15889
1.15605
1.15605
1.15605
1.15605
1.15605
1.15605
1.15605
1.15605
1.15605
1.15605
1.15605
1.15605
1.15605
1.15605
1.15605
1.15605
1.15605
1.15605
1.15605
1.15605
1.15605
1.15605
1.15605
1.15605
1.15605
1.15605
1.15605
1.15605
1.15605
1.15605
1.15605
1.15605
1.15605
1.15605
1.15605
1.15605
1.15605
1.15605
1.15605
1.15605
1.15605
1.15605
1.15605
1.15605
1.15605
1.15605
1.15605
1.15605
1.15605
1.15605
1.15605
1.15605
1.15605
1.15605
1.15605
1.15605
1.15605
1.15605
1.15605
1.15605
1.15605
1.15605
1.15605
1.15605
1.15605
1.15605
1.15605
1.15605
1.15605
1.15605
1.15605
1.15605
1.15605
1.15605
1.15605
1.15605
1.15605
1.15605
1.15605
1.15605
1.15605
1.15605
1.15605
1.15605
1.15605
1.15605
1.15605
1.15605
1.15605
1.15605
1.15605
1.15605
1.15605
1.15605
1.15605
1.15605
1.15605
1.15605
1.15605
1.15605
1.15605
1.15605
1.15605
1.15605
1.15605
1.15605
1.15605
1.15605
1.15605
1.15605
1.15605
1.15605
1.15605
1.15605
1.15605
1.15605
1.15605
1.15605
1.15605
1.15605
1.15605
1.15605
1.15605
1.15605
1.15605
1.15605
1.15605
1.15605
1.15605
1.15605
1.15605
1.15605
1.15605
1.15605
1.15605
1.15605
1.15605
1.15605
1.15605
1.15605
1.15605
1.15605
1.15605
1.15605
1.15605
1.15605
1.15605
1.15605
1.15605
1.15605
1.15605
1.15605
1.15605
1.15605
1.15605
1.15605
1.15605
1.15605
1.15605
1.15605
1.15605
1.15605
1.14894
1.14894
1.14894
1.14894
1.14894
1.14894
1.14894
1.14894
1.14894
1.14894
1.14894
1.14894
1.14894
1.14894
1.14894
1.14894
1.14894
1.14894
1.14894
1.14894
1.14894
1.14459
1.14459
1.14459
1.14459
1.14459
1.14459
1.14459
1.14459
1.14459
1.14459
1.14459
1.14459
1.14459
1.14459
1.14459
1.14459
1.14459
1.14459
1.14459
1.14459
1.14459
1.14459
1.14459
1.14459
1.14459
1.14459
1.14459
1.14459
1.14459
1.14459
1.14459
1.14459
1.14459
1.14459
1.14459
1.14459
1.14459
1.14459
1.14459
1.14459
1.14459
1.14459
1.14459
1.14459
1.14459
1.14459
1.14459
1.14459
1.14459
1.14459
1.14459
1.14459
1.14459
1.14459
1.14459
1.14459
1.14459
1.14459
1.14459
1.14459
1.14459
1.14459
1.14459
1.14459
1.14459
1.14459
1.14459
1.14459
1.14459
1.14459
1.14459
1.14459
1.14459
1.14459
1.14459
1.14459
1.14459
1.14459
1.14459
1.14459
1.14459
1.14459
1.14459
1.14459
1.14459
1.14459
1.14459
1.14459
1.14459
1.14459
1.14459
1.14459
1.14459
1.14459
1.14459
1.14459
1.14459
1.14459
1.14459
1.14459
1.14459
1.14459
1.14459
1.14459
1.14459
1.14459
1.14459
1.14459
1.14459
1.14459
1.14459
1.14459
1.14459
1.14459
1.14459
1.14459
1.14459
1.14459
1.14459
1.14459
1.14459
1.14459
1.14459
1.14459
1.14459
1.14459
1.14459
1.14459
1.14459
1.14459
1.14459
1.14459
1.14459
1.14459
1.14459
1.14459
1.14459
1.14459
1.14459
1.14459
1.14459
1.14459
1.14459
1.14459
1.14459
1.14459
1.14459
1.14459
1.14459
1.14459
1.14459
1.14459
1.14459
1.14459
1.14459
1.14459
1.14459
1.14459
1.14459
1.14459
1.14459
1.14459
1.14459
1.14459
1.14459
1.14459
1.14459
1.14459
1.14459
1.14459
1.14459
1.14459
1.14459
1.14459
1.14459
1.14459
1.14459
1.14459
1.14459
1.14459
1.14459
1.14459
1.14459
1.14459
1.14459
1.14459
1.14459
1.14459
1.14459
1.14459
1.14459
1.14459
1.14459
1.14459
1.14459
1.14459
1.14459
1.14459
1.14459
1.14459
1.14459
1.14459
1.14459
1.14459
1.14459
1.14459
1.14459
1.14459
1.14459
1.14459
1.14459
1.14459
1.14459
1.14459
1.14459
1.14459
1.14459
1.14459
1.14459
1.14459
1.14459
1.14459
1.14459
1.14459
1.14459
1.14459
1.14459
1.14459
1.14459
1.14459
1.14459
1.14459
1.14459
1.14459
1.14459
1.14459
1.14459
1.14459
1.14459
1.14459
1.14459
1.14459
1.14459
1.14459
1.14459
1.14459
1.14459
1.14459
1.14459
1.14459
1.14459
1.14459
1.14459
1.14459
1.14459
1.14459
1.14459
1.14459
1.14459
1.14459
1.14459
1.14459
1.14459
1.14459
1.14459
1.14459
1.14459
1.14459
1.14459
1.14459
1.14459
1.14459
1.14459
1.14459
1.14459
1.14459
1.14459
1.14459
1.14459
1.14459
1.14459
1.14459
1.14459
1.14459
1.14459
1.14459
1.14459
1.14459
1.14459
1.14459
1.14459
1.14459
1.14459
1.14459
1.14459
1.14459
1.14459
1.14459
1.14459
1.14459
1.14459
1.14459
1.14459
1.14459
1.14459
1.14459
1.14459
1.14459
1.14459
1.14459
1.14459
1.14459
1.14459
1.14459
1.14459
1.14459
1.14459
1.14459
1.14459
1.14459
1.14459
1.14459
1.14459
1.14459
1.14459
1.14459
1.14459
1.14459
1.14459
1.14459
1.14459
1.14459
1.14459
1.14459
1.14459
1.14459
1.14459
1.14459
1.14459
1.14459
1.14459
1.14459
1.14459
1.14459
1.14459
1.14459
1.14459
1.14459
1.14459
1.14459
1.14459
1.14459
1.14459
1.14459
1.14459
1.14459
1.14459
1.14459
1.14459
1.14459
1.14459
1.14459
1.14459
1.14459
1.14459
1.14459
1.14459
1.14459
1.14459
1.14459
1.14459
1.14459
1.14459
1.14459
1.14459
1.14459
1.14459
1.14459
1.14459
1.14459
1.14459
1.14459
1.14459
1.14459
1.14459
1.14459
1.14459
1.14459
1.14459
1.14459
1.14459
1.14459
1.14459
1.14459
1.14459
1.14459
1.14459
1.14459
1.14459
1.14459
1.14459
1.14459
1.14459
1.14459
1.14459
1.14459
1.14459
1.14459
1.14459
1.14459
1.14459
1.14459
1.14459
1.14459
1.14459
1.14459
1.14459
1.14459
1.14459
1.14459
1.14459
1.14459
1.14459
1.14459
1.14459
1.14459
1.14459
1.14459
1.14459
1.14459
1.14459
1.14459
1.14459
1.14459
1.14459
1.14459
1.14459
1.14459
1.14459
1.14459
1.14459
1.14459
1.14459
1.14459
1.14459
1.14459
1.14459
1.14459
1.14459
1.14459
1.14459
1.14459
1.14459
1.14459
1.14459
1.14459
1.14459
1.14459
1.14459
1.14459
1.14459
1.14459
1.14459
1.14459
1.14459
1.14459
1.14459
1.14459
1.14459
1.14459
1.14459
1.14459
1.14459
1.14459
1.14459
1.14459
1.14459
1.14459
1.14459
1.14459
1.14459
1.14459
1.14459
1.14459
1.14459
1.14459
1.14459
1.14459
1.14459
1.14459
1.14459
1.14459
1.14459
1.14459
1.14459
1.14459
1.14459
1.14459
1.14459
1.14459
1.14459
1.14459
1.14459
1.14459
1.14459
1.14459
1.14459
1.14459
1.14459
1.14459
1.14459
1.14459
1.14459
1.14459
1.14459
1.14459
1.14459
1.14459
1.14459
1.14459
1.14459
1.14459
1.14459
1.14459
1.14459
1.14459
1.14459
1.14459
1.14459
1.14459
1.14459
1.14459
1.14459
1.14459
1.14459
1.14459
1.14459
1.14459
1.14459
1.14459
1.14459
1.14459
1.14459
1.14459
1.14459
1.14459
1.14459
1.14459
1.14459
1.14459
1.14459
1.14459
1.14459
1.14459
1.14459
1.14459
1.14459
1.14459
1.14459
1.14459
1.14459
1.14459
1.14459
1.14459
1.14459
1.14459
1.14459
1.14459
1.14459
1.14459
1.14459
1.14459
1.14459
1.14459
1.14459
1.14459
1.14459
1.14459
1.14459
1.14459
1.14459
1.14459
1.14459
1.14459
1.14459
1.14459
1.14459
1.14459
1.14459
1.14459
1.14459
1.14459
1.14459
1.14459
1.14459
1.14459
1.14459
1.14459
1.14459
1.14459
1.14459
1.14459
1.14459
1.14459
1.14459
1.14459
1.14459
1.14459
1.14459
1.14459
1.14459
1.14459
1.14459
1.14459
1.14459
1.14459
1.14459
1.14459
1.14459
1.14459
1.14459
1.14459
1.14459
1.14459
1.14459
1.14459
1.14459
1.14459
1.14459
1.14459
1.14459
1.14459
1.14459
1.14459
1.14459
1.14459
1.14459
1.14459
1.14459
1.14459
1.14459
1.14459
1.14459
1.14459
1.14459
1.14459
1.14459
1.14459
1.14459
1.14459
1.14459
1.14459
1.14459
1.14459
1.14459
1.14459
1.14459
1.14459
1.14459
1.14459
1.14459
1.14459
1.14459
1.14459
1.14459
1.14459
1.14459
1.14459
1.14459
1.14459
1.14459
1.14459
1.14459
1.14459
1.14459
1.14459
1.14459
1.14459
1.14459
1.14459
1.14459
1.14459
1.14459
1.14459
1.14459
1.14459
1.14459
1.14459
1.14459
1.14459
1.14459
1.14459
1.14459
1.14459
1.14459
1.14459
1.14459
1.14459
1.14459
1.14459
1.14459
1.14459
1.14459
1.14459
1.14459
1.14459
1.14459
1.14459
1.14459
1.14459
1.14459
1.14459
1.14459
1.14459
1.14459
1.14459
1.14459
1.14459
1.14459
1.14459
1.14459
1.14459
1.14459
1.14459
1.14459
1.14459
1.14459
1.14459
1.14459
1.14459
1.14459
1.14459
1.14459
1.14459
1.14459
1.14459
1.14459
1.14459
1.14459
1.14459
1.14459
1.14459
1.14459
1.14459
1.14459
1.14459
1.14459
1.14459
1.14459
1.14459
1.14459
1.14459
1.14459
1.14459
1.14459
1.14459
1.14459
1.14459
1.14459
1.14459
1.14459
1.14459
1.14459
1.14459
1.14459
1.14459
1.14459
1.14459
1.14459
1.14459
1.14459
1.14459
1.14459
1.14459
1.14459
1.14459
1.14459
1.14459
1.14459
1.14459
1.14459
1.14459
1.14459
1.14459
1.14459
1.14459
1.14459
1.14459
1.14459
1.14459
1.14459
1.14459
1.14459
1.14459
1.14459
1.14459
1.14459
1.14459
1.14459
1.14459
