
/*---------------------------贪心算法思想下解的说明------------------------------*/

算法思想：以当前所在的点为参考选择离自己最近的点作为下一站，走过的点不在经过


贪心思想只能求得每一步只能求得局部最短路径，因此最终结果是近似最优解

贪心算法求解的最短路程的长度为：26950.5
实际的最短路径为：21294.3
此算法和最优解的近似度为:1.26562
time = 0.01s
/*---------------------------贪心算法思想下解的说明------------------------------*/



/*---------------------------遗传算法2思想下解的说明------------------------------*/

算法思想：随机生成一个路线序列，路线路径长度短的会更可能遗传下去，所以经过多次代际迭代，最终的结果会趋近于最优解


代际更迭次数越多，越接近最优解。这种算法最终结果是近似最优解

遗传算法求解的最短路程的长度为：24373.2
实际的最短路径为：21294.3
此算法和最优解的近似度为:1.14459
time = 106.213s
这个算法迭代终止条件是前后 800 代最优个体一样
这个算法中共计迭代 3149次
其中每一代个体数为 200   交叉遗传的概率为 0.8   变异的概率为 0.1

迭代过程中 交叉遗传次数为252348  其中变异次数为65220

以下是迭代过程中每一代中最好的个体所对应的路先长度变化（每20代输出一次）

103290 85701.9 77937.8 71933.2 62627.6 56994.3 52940.1 50351.6 48797.3 45093 42546.3 41595.2 40033.3 38749 38204.9 37869.4 37747.5 36156.7 35680.4 35502.9 
35329.5 35329.5 34847.9 34626.2 34284.9 34253.2 34253.2 34103.9 34079.3 34031.8 33951.1 33583.9 33483.3 33351.3 33255.8 31356.2 29897.5 29514 29349.7 29337.4 
29337.4 29324.5 29239.5 29182.4 29117 28907 28521.5 28521.5 28466.7 26710.5 26399.3 26399.3 26095.3 26080.8 25924.7 25570.1 25570.1 25570.1 25521.7 25482.7 
25482.7 25482.7 25389 25389 25389 25389 25389 25389 25389 25389 25389 25389 25389 25389 25389 25389 25389 25324.3 25324.3 25324.3 
25324.3 25324.3 25272.1 25272.1 25272.1 25195.8 25096.1 25072.7 25072.7 25072.7 25072.7 25072.7 25072.7 25072.7 25072.7 25072.7 25072.7 25072.7 24802.2 24783.5 
24783.5 24783.5 24783.5 24783.5 24783.5 24783.5 24783.5 24677.7 24617.3 24617.3 24617.3 24617.3 24617.3 24617.3 24617.3 24617.3 24465.8 24373.2 24373.2 24373.2 
24373.2 24373.2 24373.2 24373.2 24373.2 24373.2 24373.2 24373.2 24373.2 24373.2 24373.2 24373.2 24373.2 24373.2 24373.2 24373.2 24373.2 24373.2 24373.2 24373.2 
24373.2 24373.2 24373.2 24373.2 24373.2 24373.2 24373.2 24373.2 24373.2 24373.2 24373.2 24373.2 24373.2 24373.2 24373.2 24373.2 24373.2 
/*---------------------------遗传算法2思想下解的说明------------------------------*/


