4.78097
4.5901
4.56509
4.28358
4.28358
4.27989
4.00082
4.00082
3.95004
3.82873
3.82873
3.64137
3.64137
3.64137
3.50326
3.47502
3.47502
3.43322
3.4093
3.37009
3.32658
3.28932
3.28932
3.22115
3.22115
3.17636
3.06585
3.06585
3.06585
3.04572
3.04572
3.02566
2.96866
2.91444
2.91444
2.86459
2.86459
2.82036
2.82036
2.82036
2.80226
2.80226
2.73019
2.73019
2.73019
2.73019
2.72095
2.72095
2.68014
2.64713
2.64713
2.64713
2.61783
2.57198
2.52514
2.52514
2.50399
2.50399
2.46595
2.40248
2.40248
2.34147
2.34147
2.33587
2.28271
2.28271
2.26263
2.25799
2.23851
2.18066
2.18066
2.17229
2.13796
2.13796
2.12798
2.12747
2.10989
2.10583
2.10062
2.07182
2.07182
2.06622
2.06622
2.04544
2.04544
1.98157
1.98157
1.98157
1.97797
1.97797
1.95059
1.95059
1.95059
1.93978
1.93408
1.93408
1.92942
1.91505
1.89076
1.89076
1.86048
1.86048
1.85436
1.85436
1.83458
1.83458
1.83433
1.83433
1.83433
1.82422
1.82422
1.80699
1.78837
1.78837
1.78837
1.7793
1.7793
1.7764
1.7764
1.76979
1.76979
1.76979
1.75267
1.75267
1.75267
1.75265
1.75265
1.74564
1.74564
1.74564
1.73885
1.73686
1.73686
1.72814
1.72814
1.72901
1.72901
1.72901
1.72901
1.72901
1.72453
1.70319
1.70319
1.70319
1.70319
1.70319
1.70319
1.68274
1.68274
1.68274
1.66768
1.66768
1.65592
1.65592
1.64157
1.6349
1.6349
1.63471
1.63471
1.63414
1.63414
1.63414
1.63414
1.63414
1.63414
1.63141
1.63141
1.63141
1.61119
1.60325
1.5924
1.59279
1.59279
1.58859
1.58859
1.58363
1.58363
1.58363
1.57471
1.57438
1.57438
1.57438
1.57438
1.57395
1.57395
1.5605
1.5605
1.5605
1.56007
1.56007
1.56007
1.55908
1.55076
1.54049
1.53596
1.53118
1.51638
1.51595
1.51595
1.51595
1.51595
1.51595
1.51595
1.51595
1.51595
1.51595
1.51595
1.51595
1.51595
1.51595
1.51595
1.51595
1.51595
1.51595
1.51595
1.51595
1.51595
1.51595
1.51595
1.51595
1.51595
1.51595
1.51595
1.51595
1.51341
1.51341
1.51341
1.51341
1.51341
1.51341
1.51341
1.51341
1.51341
1.51341
1.51341
1.51341
1.51341
1.51341
1.50707
1.50707
1.50707
1.50707
1.50707
1.50729
1.49616
1.49616
1.49616
1.49616
1.48082
1.48082
1.48082
1.48082
1.48082
1.4659
1.4659
1.4659
1.4659
1.4659
1.46589
1.46589
1.46589
1.46589
1.46589
1.46589
1.46589
1.45853
1.45853
1.45853
1.45853
1.45853
1.45853
1.45853
1.44815
1.44815
1.44815
1.43903
1.416
1.416
1.416
1.416
1.41293
1.41293
1.41293
1.41293
1.41293
1.41293
1.41293
1.41293
1.41293
1.39769
1.39769
1.39769
1.39769
1.39769
1.38958
1.38958
1.38958
1.38958
1.38958
1.38958
1.38018
1.38018
1.38018
1.38018
1.37699
1.37699
1.37699
1.37699
1.37699
1.37699
1.37699
1.37699
1.37699
1.37625
1.37625
1.37306
1.37306
1.37306
1.37306
1.37306
1.37306
1.37306
1.37306
1.37136
1.37136
1.36238
1.36238
1.35595
1.35426
1.35426
1.35426
1.35426
1.34187
1.34187
1.34187
1.34187
1.34187
1.34187
1.34187
1.34187
1.34187
1.34187
1.34187
1.31301
1.30285
1.29669
1.29669
1.29499
1.29499
1.29028
1.29028
1.28195
1.28195
1.28195
1.28195
1.28195
1.28195
1.28195
1.28195
1.28195
1.28195
1.28195
1.28195
1.28195
1.28195
1.28195
1.28195
1.28195
1.28195
1.28195
1.28195
1.28195
1.28195
1.28195
1.28195
1.28195
1.28195
1.28195
1.28195
1.28195
1.28195
1.28195
1.28195
1.28195
1.26969
1.268
1.268
1.268
1.268
1.268
1.268
1.268
1.268
1.268
1.268
1.268
1.268
1.268
1.268
1.268
1.268
1.268
1.268
1.268
1.268
1.268
1.268
1.268
1.26309
1.26309
1.26309
1.26309
1.26309
1.26309
1.26309
1.26309
1.26309
1.26309
1.26309
1.26309
1.26309
1.26309
1.26309
1.26309
1.26309
1.26309
1.26309
1.26309
1.26309
1.26309
1.26309
1.26309
1.26309
1.26309
1.26309
1.26309
1.26197
1.26197
1.26197
1.26197
1.26197
1.26197
1.26197
1.26197
1.26197
1.26197
1.26197
1.26197
1.26197
1.26197
1.26197
1.26197
1.26197
1.26197
1.26197
1.26197
1.26197
1.26197
1.26197
1.26197
1.25874
1.25874
1.25368
1.25368
1.25368
1.25368
1.25368
1.25368
1.25368
1.25368
1.25368
1.25368
1.25368
1.25368
1.25368
1.25368
1.25368
1.25368
1.25368
1.25208
1.25208
1.25208
1.22558
1.22558
1.22558
1.22558
1.22558
1.22558
1.22558
1.22558
1.22558
1.22558
1.22558
1.22558
1.22558
1.22558
1.22558
1.22558
1.22558
1.22558
1.22558
1.22558
1.22558
1.22558
1.22558
1.22558
1.22558
1.22558
1.22558
1.22558
1.22558
1.22558
1.22558
1.22558
1.22558
1.22558
1.22558
1.22558
1.22558
1.22558
1.22558
1.22558
1.22558
1.22558
1.22558
1.22558
1.22558
1.22558
1.22558
1.22558
1.22558
1.22558
1.22558
1.22558
1.22558
1.22558
1.22558
1.22558
1.22558
1.22558
1.22558
1.22558
1.22558
1.22558
1.22558
1.22558
1.22558
1.22558
1.22558
1.22558
1.22558
1.22558
1.22558
1.22558
1.22558
1.22558
1.22558
1.22558
1.22558
1.22558
1.22558
1.22558
1.22558
1.22558
1.22558
1.22558
1.22558
1.22558
1.22558
1.22558
1.22558
1.22558
1.22558
1.22558
1.22558
1.22558
1.22359
1.22359
1.22359
1.22359
1.22359
1.22359
1.22359
1.22359
1.22359
1.22359
1.22359
1.22359
1.22359
1.22359
1.22359
1.22359
1.22359
1.22359
1.22359
1.22359
1.22359
1.22359
1.22359
1.22359
1.22359
1.22359
1.22359
1.22359
1.22359
1.22359
1.22359
1.22359
1.22359
1.22359
1.22359
1.22359
1.22359
1.22359
1.22359
1.22359
1.22359
1.22359
1.22359
1.22359
1.22359
1.22359
1.22359
1.22359
1.22359
1.22359
1.22359
1.22359
1.22359
1.22359
1.22359
1.22359
1.22359
1.22359
1.22359
1.22359
1.22359
1.22359
1.22359
1.22359
1.22359
1.22359
1.22359
1.22359
1.22359
1.22359
1.22359
1.22359
1.22359
1.22359
1.22359
1.22359
1.22359
1.22359
1.22359
1.22359
1.22359
1.22359
1.22359
1.22229
1.22229
1.22229
1.22229
1.22229
1.22229
1.22229
1.22229
1.22229
1.22229
1.22229
1.22229
1.22229
1.22229
1.22229
1.22229
1.22229
1.22229
1.22229
1.22229
1.22229
1.22229
1.22229
1.22229
1.22229
1.22229
1.22229
1.22229
1.22229
1.22229
1.22229
1.22229
1.22229
1.22229
1.22229
1.22229
1.22229
1.22229
1.22229
1.22229
1.22229
1.22229
1.22229
1.22229
1.22229
1.22229
1.22229
1.22229
1.22229
1.22229
1.22229
1.22229
1.22229
1.22229
1.22229
1.22229
1.22229
1.22229
1.22229
1.22229
1.22229
1.22229
1.22229
1.22229
1.22229
1.22229
1.22229
1.22229
1.22229
1.22229
1.22229
1.22229
1.22229
1.22229
1.22229
1.22229
1.22229
1.22229
1.22229
1.22229
1.22229
1.22229
1.22229
1.22229
1.22229
1.22229
1.22229
1.22229
1.22229
1.22229
1.22229
1.22229
1.22229
1.22229
1.22229
1.22229
1.22229
1.22229
1.22229
1.22229
1.22229
1.22229
1.22229
1.22229
1.22229
1.22229
1.22229
1.22229
1.22229
1.22229
1.22229
1.22229
1.22229
1.22229
1.22229
1.22229
1.22229
1.22229
1.22229
1.22229
1.22229
1.22229
1.22229
1.22229
1.22229
1.22229
1.22229
1.22229
1.22229
1.22229
1.22229
1.22229
1.22229
1.22229
1.22229
1.22229
1.22229
1.22229
1.22229
1.22229
1.22229
1.22229
1.22229
1.22229
1.22229
1.22229
1.22229
1.22229
1.22229
1.22229
1.22229
1.22229
1.22229
1.22229
1.22229
1.22229
1.22229
1.22229
1.22229
1.22229
1.22229
1.22229
1.22229
1.22229
1.22229
1.22229
1.22229
1.22229
1.22229
1.22229
1.22229
1.22229
1.22229
1.22229
1.22229
1.22229
1.22229
1.22229
1.22229
1.22229
1.22229
1.22229
1.22229
1.22229
1.22229
1.22229
1.22229
1.22229
1.22229
1.22229
1.22229
1.22229
1.22229
1.22229
1.22229
1.22229
1.22229
1.22229
1.22229
1.22229
1.22229
1.22229
1.22229
1.22229
1.22229
1.22229
1.22229
1.22229
1.22229
1.22229
1.22229
1.22229
1.22229
1.22229
1.22229
1.22229
1.22229
1.22229
1.22229
1.22229
1.22229
1.22229
1.22229
1.22229
1.22229
1.22229
1.22229
1.22229
1.22229
1.22229
1.22229
1.22229
1.22229
1.22229
1.22229
1.22229
1.22229
1.22229
1.22229
1.22229
1.22229
1.22229
1.22229
1.22229
1.22229
1.22229
1.22229
1.22229
1.22229
1.22229
1.22229
1.22229
1.22229
1.22229
1.22229
1.22229
1.22229
1.22229
1.22229
1.22229
1.22229
1.22229
1.22229
1.22229
1.22229
1.22229
1.22229
1.22229
1.22229
1.22229
1.22229
1.22229
1.22229
1.22229
1.22229
1.22229
1.22229
1.22229
1.22229
1.22229
1.22229
1.22229
1.22229
1.22229
1.22229
1.22229
1.22229
1.22229
1.22229
1.22229
1.22229
1.22229
1.22229
1.22229
1.22229
1.22229
1.22229
1.22229
1.22229
1.22229
1.22229
1.22229
1.22229
1.22229
1.22229
1.22229
1.22229
1.22229
1.22229
1.22229
1.22229
1.22229
1.22229
1.21768
1.21768
1.21768
1.21768
1.21768
1.21768
1.21768
1.21768
1.21768
1.21768
1.21768
1.21768
1.21768
1.21768
1.21768
1.21768
1.21768
1.21768
1.21768
1.21768
1.21768
1.21768
1.21768
1.21768
1.21768
1.21768
1.21768
1.21768
1.21768
1.21611
1.21611
1.21611
1.21611
1.21611
1.21611
1.21611
1.21611
1.21611
1.21611
1.21611
1.21611
1.21611
1.21611
1.21611
1.2117
1.2117
1.2117
1.2117
1.2117
1.2117
1.2117
1.2117
1.2117
1.2117
1.2117
1.2117
1.2117
1.2117
1.2117
1.2117
1.2117
1.2117
1.2117
1.2117
1.2117
1.2117
1.2117
1.2117
1.2117
1.2117
1.2117
1.2117
1.2117
1.2117
1.2117
1.2117
1.2117
1.2117
1.2117
1.2117
1.2117
1.2117
1.2117
1.2117
1.2117
1.2117
1.2117
1.2117
1.2117
1.2117
1.2117
1.2117
1.2117
1.2117
1.2117
1.2117
1.2117
1.2117
1.2117
1.2117
1.2117
1.2117
1.2117
1.2117
1.2117
1.2117
1.2117
1.2117
1.2117
1.2117
1.2117
1.2117
1.2117
1.2117
1.2117
1.2117
1.2117
1.2117
1.2117
1.2117
1.2117
1.2117
1.2117
1.2117
1.2117
1.2117
1.2117
1.2117
1.2117
1.2117
1.2117
1.2117
1.2117
1.2117
1.2117
1.2117
1.2117
1.2117
1.2117
1.2117
1.2117
1.2117
1.2117
1.2117
1.2117
1.2117
1.2117
1.2117
1.2117
1.2117
1.2117
1.2117
1.2117
1.2117
1.2117
1.2117
1.2117
1.2117
1.2117
1.2117
1.2117
1.2117
1.2117
1.2117
1.2117
1.2117
1.2117
1.2117
1.2117
1.2117
1.2117
1.21098
1.21098
1.21098
1.21098
1.21098
1.21098
1.21098
1.21098
1.21098
1.21098
1.21098
1.21098
1.21098
1.21098
1.21098
1.21098
1.20989
1.20989
1.20989
1.20989
1.20989
1.20989
1.20762
1.20762
1.19597
1.19597
1.19597
1.19597
1.19261
1.19261
1.19261
1.19261
1.19261
1.19261
1.19261
1.19261
1.19261
1.19261
1.19037
1.19037
1.19037
1.18741
1.18741
1.18741
1.18741
1.18741
1.18741
1.18741
1.18741
1.18741
1.18741
1.18741
1.18741
1.18741
1.18741
1.18741
1.18741
1.18741
1.18741
1.18741
1.18741
1.18741
1.18741
1.18741
1.18741
1.18741
1.18741
1.18741
1.18741
1.18741
1.18741
1.18741
1.18741
1.18741
1.18741
1.18741
1.18741
1.18741
1.18741
1.18741
1.18741
1.18741
1.18741
1.18741
1.18741
1.18741
1.18741
1.18741
1.18741
1.18741
1.18741
1.18741
1.18741
1.18741
1.18741
1.18741
1.18741
1.18741
1.18741
1.18741
1.18741
1.18741
1.18741
1.18741
1.18741
1.18741
1.18741
1.18741
1.18741
1.18741
1.18741
1.18741
1.18741
1.18741
1.18741
1.18741
1.18741
1.18741
1.18741
1.18741
1.18741
1.18741
1.18741
1.18741
1.18741
1.18741
1.18741
1.18741
1.18741
1.18741
1.17833
1.17833
1.17833
1.17833
1.17833
1.17833
1.17833
1.17833
1.17833
1.17833
1.17833
1.17833
1.17833
1.17833
1.17833
1.17833
1.17833
1.17833
1.17833
1.17833
1.17833
1.17833
1.17833
1.17833
1.17833
1.17833
1.17833
1.17833
1.17833
1.17833
1.17833
1.17833
1.17833
1.17833
1.17833
1.17833
1.17833
1.17833
1.17833
1.17833
1.17833
1.17833
1.17833
1.17833
1.17833
1.17833
1.17833
1.17833
1.17833
1.17833
1.17833
1.17833
1.17833
1.17833
1.17833
1.17833
1.17833
1.17833
1.17833
1.17833
1.17833
1.17833
1.17129
1.17129
1.17129
1.17129
1.17129
1.17129
1.17129
1.17129
1.17129
1.17129
1.17129
1.17129
1.17129
1.17129
1.17129
1.17129
1.17129
1.17129
1.17129
1.17129
1.17129
1.17129
1.17129
1.17129
1.17129
1.17129
1.17129
1.17129
1.17129
1.17129
1.17129
1.17129
1.17129
1.17129
1.17129
1.17129
1.17129
1.17129
1.17129
1.17129
1.17129
1.17129
1.17129
1.17129
1.17129
1.17129
1.17129
1.17129
1.17129
1.17129
1.17129
1.17129
1.17129
1.17129
1.17129
1.17129
1.17129
1.17129
1.17129
1.17129
1.17129
1.17129
1.17129
1.17129
1.17129
1.17129
1.17129
1.17129
1.17129
1.17129
1.17129
1.17129
1.17129
1.17129
1.17129
1.17129
1.17129
1.17129
1.17129
1.17129
1.17129
1.17129
1.17129
1.17129
1.17129
1.17129
1.17129
1.17129
1.17129
1.17129
1.17129
1.17129
1.17129
1.17129
1.17129
1.17129
1.17129
1.17129
1.17129
1.17129
1.17129
1.17129
1.17129
1.17129
1.17129
1.17129
1.17129
1.17129
1.17129
1.17129
1.17129
1.17129
1.17129
1.17129
1.17129
1.17129
1.17129
1.17129
1.17129
1.17129
1.17129
1.17129
1.17129
1.17129
1.17129
1.17129
1.17129
1.17129
1.17129
1.17129
1.17129
1.17129
1.17129
1.17129
1.17129
1.17129
1.17129
1.17129
1.17129
1.17129
1.17129
1.17129
1.17129
1.17129
1.17129
1.17129
1.17129
1.17129
1.17129
1.17129
1.17129
1.17129
1.17129
1.17129
1.17129
1.17129
1.17129
1.17129
1.17129
1.17129
1.17129
1.17129
1.17129
1.17129
1.17129
1.17129
1.17129
1.17129
1.17129
1.17129
1.17129
1.17129
1.17129
1.17129
1.17129
1.17129
1.17129
1.17129
1.17129
1.17129
1.17129
1.17129
1.17129
1.17129
1.17129
1.17129
1.17129
1.17129
1.17129
1.17129
1.17129
1.17129
1.17129
1.17129
1.17129
1.17129
1.17129
1.17129
1.17129
1.17129
1.17129
1.17129
1.17129
1.17129
1.17129
1.17129
1.17129
1.17129
1.17129
1.17129
1.17129
1.17129
1.17129
1.17129
1.17129
1.17129
1.17129
1.17129
1.17129
1.17129
1.17129
1.17129
1.17129
1.17129
1.17129
1.17129
1.17129
1.17129
1.17129
1.17129
1.17129
1.17129
1.17129
1.17129
1.17129
1.17129
1.17129
1.17129
1.17129
1.17129
1.17129
1.17129
1.17129
1.16848
1.16799
1.16799
1.16799
1.16799
1.16688
1.16688
1.16688
1.16688
1.16688
1.16688
1.16688
1.16688
1.16688
1.16688
1.16688
1.16688
1.16688
1.16688
1.16688
1.16688
1.16688
1.16688
1.16688
1.16688
1.16688
1.16688
1.16688
1.16688
1.16688
1.16688
1.16688
1.16688
1.16688
1.16688
1.16688
1.16688
1.16688
1.16688
1.16688
1.16688
1.16688
1.16688
1.16688
1.16688
1.16688
1.16688
1.16688
1.16688
1.16688
1.16688
1.16688
1.16688
1.16688
1.16688
1.16688
1.16688
1.16688
1.16688
1.16688
1.16688
1.16688
1.16688
1.16688
1.16688
1.16688
1.16688
1.16688
1.16688
1.16688
1.16688
1.16688
1.16688
1.16688
1.16688
1.16688
1.16688
1.16688
1.16688
1.16688
1.16688
1.16688
1.16688
1.16688
1.16688
1.16688
1.16688
1.16688
1.16688
1.16538
1.16538
1.16538
1.16252
1.16252
1.16155
1.16155
1.16155
1.16155
1.16155
1.16155
1.16155
1.16155
1.16155
1.16155
1.16155
1.16155
1.16155
1.16155
1.16155
1.16155
1.16155
1.16155
1.16155
1.16155
1.16155
1.16155
1.16155
1.16155
1.16155
1.16155
1.16155
1.16155
1.16155
1.16155
1.16155
1.16155
1.16155
1.16155
1.16155
1.16155
1.16155
1.16155
1.16155
1.16155
1.16155
1.16155
1.16155
1.16155
1.16155
1.16155
1.16155
1.16155
1.16155
1.16155
1.16155
1.16155
1.16155
1.16155
1.16155
1.16155
1.16155
1.16155
1.16155
1.16155
1.16155
1.16155
1.16155
1.16155
1.16155
1.16155
1.16155
1.16155
1.16155
1.16155
1.16155
1.16155
1.16155
1.16155
1.16155
1.16155
1.16155
1.16155
1.16155
1.16155
1.16155
1.16155
1.16155
1.16155
1.16155
1.16155
1.16155
1.16155
1.16155
1.16155
1.16155
1.16155
1.16155
1.16155
1.16155
1.16155
1.16155
1.16155
1.16155
1.16155
1.16155
1.16155
1.16155
1.16155
1.16155
1.16155
1.16155
1.16155
1.16155
1.16155
1.16155
1.16155
1.16155
1.16155
1.16155
1.16155
1.16155
1.16155
1.16155
1.16155
1.16155
1.16155
1.16155
1.16155
1.16155
1.16155
1.16155
1.16155
1.16155
1.16155
1.16155
1.16155
1.16155
1.16155
1.16155
1.16155
1.16155
1.16155
1.16155
1.16155
1.16155
1.16155
1.16155
1.16155
1.16155
1.16155
1.16155
1.16155
1.16155
1.16155
1.16155
1.16155
1.16155
1.16155
1.16155
1.16155
1.16155
1.16155
1.16155
1.16155
1.16155
1.16155
1.16155
1.16155
1.16155
1.16155
1.16155
1.16155
1.16155
1.16155
1.16155
1.16155
1.16155
1.16155
1.16155
1.16155
1.16155
1.16155
1.16155
1.16155
1.16155
1.16155
1.16155
1.16155
1.16155
1.16155
1.16155
1.16155
1.16155
1.16155
1.16155
1.16155
1.16155
1.16155
1.16155
1.16155
1.16155
1.16155
1.16155
1.16155
1.16155
1.16155
1.16155
1.16155
1.15657
1.15657
1.15657
1.15657
1.15657
1.15657
1.15657
1.15657
1.15657
1.15657
1.15657
1.15657
1.15657
1.15657
1.15657
1.15657
1.15657
1.15657
1.15657
1.15657
1.15657
1.15657
1.15657
1.15578
1.15578
1.15578
1.15578
1.15578
1.15578
1.15578
1.15578
1.15578
1.15578
1.15578
1.15578
1.15578
1.15578
1.15578
1.15578
1.15578
1.15578
1.15578
1.15578
1.15578
1.15578
1.15578
1.15578
1.15578
1.15578
1.15578
1.15578
1.15578
1.15578
1.15578
1.15578
1.15578
1.15578
1.15578
1.15578
1.15578
1.15578
1.15578
1.15578
1.15578
1.15578
1.15578
1.15578
1.15578
1.15578
1.15578
1.15578
1.15578
1.15578
1.15578
1.15578
1.15578
1.15578
1.15578
1.15578
1.15578
1.15578
1.15578
1.15578
1.15578
1.15578
1.15578
1.15578
1.15578
1.15578
1.15578
1.15578
1.15578
1.15578
1.15578
1.15578
1.15578
1.15578
1.15578
1.15578
1.15578
1.15578
1.15578
1.15578
1.15578
1.15578
1.15578
1.15578
1.15578
1.15578
1.15578
1.15578
1.15578
1.15578
1.15578
1.15578
1.15578
1.15578
1.15578
1.15578
1.15578
1.15578
1.15578
1.15578
1.15578
1.15578
1.15578
1.15578
1.15578
1.15578
1.15578
1.15578
1.15578
1.15578
1.15578
1.15578
1.15578
1.15578
1.15578
1.15578
1.15578
1.15578
1.15578
1.15578
1.15578
1.15347
1.15347
1.15347
1.15347
1.15347
1.15347
1.15347
1.15347
1.15347
1.15347
1.15347
1.15347
1.15347
1.15347
1.15347
1.15245
1.15245
1.15245
1.15245
1.15245
1.15245
1.15245
1.15245
1.15245
1.15245
1.15245
1.15245
1.15245
1.15245
1.15245
1.15245
1.15245
1.15245
1.15245
1.15245
1.15245
1.15245
1.15245
1.15245
1.15245
1.15245
1.15245
1.15245
1.15245
1.15245
1.15245
1.15245
1.15245
1.15245
1.15245
1.15245
1.15245
1.15245
1.15245
1.15245
1.15245
1.15245
1.15245
1.15245
1.15245
1.15245
1.15245
1.15245
1.15245
1.15245
1.15245
1.15245
1.15245
1.15245
1.15245
1.15245
1.15245
1.15245
1.15245
1.15245
1.15245
1.15245
1.15245
1.15245
1.15245
1.15245
1.15245
1.15245
1.15245
1.15245
1.15245
1.15245
1.15245
1.15245
1.15245
1.15245
1.15245
1.15245
1.15245
1.15245
1.15245
1.15245
1.15245
1.15245
1.15245
1.15245
1.15245
1.15245
1.15245
1.15245
1.15245
1.15245
1.15245
1.15245
1.15245
1.15245
1.15245
1.15245
1.15245
1.15245
1.15245
1.15245
1.15245
1.15245
1.15245
1.15245
1.15245
1.15245
1.15245
1.15245
1.15245
1.15245
1.15245
1.15245
1.15245
1.15245
1.15245
1.15245
1.15245
1.15245
1.15245
1.15245
1.15245
1.15245
1.15245
1.15245
1.15245
1.15245
1.15245
1.15245
1.15245
1.15245
1.15245
1.15245
1.15245
1.15245
1.15245
1.15245
1.15245
1.15245
1.15245
1.15245
1.15245
1.15245
1.15245
1.15245
1.15245
1.15245
1.15245
1.15245
1.15245
1.15245
1.15245
1.15245
1.15245
1.15245
1.15245
1.15245
1.15245
1.15245
1.15245
1.15245
1.15245
1.15245
1.15245
1.15245
1.15245
1.15245
1.15245
1.15245
1.15245
1.15245
1.15245
1.15245
1.15245
1.15245
1.15245
1.15245
1.15245
1.15245
1.15245
1.15245
1.15245
1.15245
1.15245
1.15245
1.15245
1.15245
1.15245
1.15245
1.15245
1.15245
1.15245
1.15245
1.15245
1.15245
1.15245
1.15245
1.15245
1.15245
1.15245
1.15245
1.15245
1.15245
1.15245
1.15245
1.15245
1.15245
1.15245
1.15245
1.15245
1.15245
1.15245
1.15245
1.15245
1.15245
1.15245
1.15245
1.15245
1.15245
1.15245
1.15245
1.15245
1.15245
1.15245
1.15245
1.15245
1.15245
1.15245
1.15245
1.15245
1.15245
1.15245
1.15245
1.15245
1.15245
1.15245
1.15245
1.15245
1.15245
1.15245
1.15245
1.15245
1.15245
1.15245
1.15245
1.15245
1.15245
1.15245
1.15245
1.15245
1.15245
1.15245
1.15245
1.15245
1.15245
1.15245
1.15245
1.15245
1.15245
1.15245
1.15245
1.15245
1.15245
1.15245
1.15245
1.15245
1.15245
1.15245
1.15245
1.15245
1.15245
1.15245
1.15245
1.15245
1.15245
1.15245
1.15245
1.15245
1.15245
1.15245
1.15245
1.15245
1.15245
1.15245
1.15245
1.15245
1.15245
1.15245
1.15245
1.15245
1.15245
1.15245
1.15245
1.15245
1.15245
1.15245
1.15245
1.15245
1.15245
1.15245
1.15245
1.15245
1.15245
1.15245
1.15245
1.15245
1.15245
1.15245
1.15245
1.15245
1.15245
1.15245
1.15245
1.15245
1.15245
1.15245
1.15245
1.15245
1.15245
1.15245
1.15245
1.15245
1.15245
1.15245
1.15245
1.15245
1.15245
1.15245
1.15245
1.15245
1.15245
1.15245
1.15245
1.15245
1.15245
1.15245
1.15245
1.15245
1.15245
1.15245
1.15245
1.15245
1.15245
1.15245
1.15245
1.15245
1.15245
1.15245
1.15245
1.15245
1.15245
1.15245
1.15245
1.15245
1.15245
1.15245
1.15245
1.15245
1.15245
1.15245
1.15245
1.15245
1.15245
1.15245
1.15245
1.15245
1.15245
1.15245
1.15245
1.15245
1.15245
1.15245
1.15245
1.15245
1.15245
1.15245
1.15245
1.15245
1.15245
1.15245
1.15245
1.15245
1.15245
1.15245
1.15245
1.15245
1.15245
1.15245
1.15245
1.15245
1.15245
1.15245
1.15245
1.15245
1.15245
1.15245
1.15245
1.15245
1.15245
1.15245
1.15245
1.15245
1.15245
1.15245
1.15245
1.15245
1.15245
1.15245
1.15245
1.15245
1.15245
1.15245
1.15245
1.15245
1.15245
1.15245
1.15245
1.15245
1.15245
1.15245
1.15245
1.15245
1.15245
1.15245
1.15245
1.15245
1.15245
1.15245
1.15245
1.15245
1.15245
1.15245
1.15245
1.15245
1.15245
1.15245
1.15245
1.15245
1.15245
1.15245
1.15245
1.15245
1.15245
1.15245
1.15245
1.15245
1.15245
1.15245
1.15245
1.15245
1.15245
1.15245
1.15245
1.15245
1.15245
1.15245
1.15245
1.15245
1.15245
1.15245
1.15245
1.15245
1.15245
1.15245
1.15245
1.15245
1.15245
1.15245
1.15245
1.15245
1.15245
1.15245
1.15245
1.15245
1.15245
1.15245
1.15245
1.15245
1.15245
1.15245
1.15245
1.15245
1.15245
1.15245
1.15245
1.15245
1.15245
1.15245
1.15245
1.15245
1.15245
1.15245
1.15245
1.15245
1.15245
1.15245
1.15245
1.15245
1.15245
1.15245
1.15245
1.15245
1.15245
1.15245
1.15245
1.15245
1.15245
1.15245
1.15245
1.15245
1.15245
1.15245
1.15245
1.15245
1.15245
1.15245
1.15245
1.15245
1.15245
1.15245
1.15245
1.15245
1.15245
1.15245
1.15245
1.15245
1.15245
1.15245
1.15245
1.15245
1.15245
1.15245
1.15277
1.15277
1.15277
1.15277
1.15277
1.15277
1.15277
1.15277
1.15277
1.15277
1.15277
1.15277
1.15277
1.15277
1.15277
1.15277
1.15277
1.15277
1.15277
1.15277
1.15277
1.15277
1.15277
1.15277
1.15277
1.15277
1.15277
1.15277
1.15277
1.15277
1.15277
1.15277
1.15277
1.15277
1.15277
1.15277
1.15277
1.15277
1.15277
1.15277
1.15277
1.15277
1.15277
1.15277
1.15277
1.15277
1.15277
1.15277
1.15277
1.15277
1.15277
1.15277
1.15277
1.15277
1.15277
1.15277
1.15277
1.15277
1.15277
1.15277
1.15277
1.15277
1.15277
1.15277
1.15277
1.15277
1.15277
1.15277
1.15277
1.15277
1.15277
1.15277
1.15277
1.15277
1.15277
1.15277
1.15277
1.15277
1.15277
1.15277
1.15277
1.15277
1.15277
1.15277
1.14484
1.14484
1.14484
1.14484
1.14484
1.14484
1.14484
1.14564
1.14564
1.14564
1.14564
1.14564
1.14564
1.14564
1.14564
1.14564
1.14564
1.14564
1.14564
1.14564
1.14564
1.14564
1.14564
1.14564
1.14564
1.14564
1.14564
1.14564
1.14564
1.14564
1.14564
1.14564
1.14564
1.14564
1.14564
1.14564
1.14564
1.14564
1.14564
1.14564
1.14564
1.14564
1.14564
1.14564
1.14564
1.14564
1.14564
1.14564
1.14564
1.14564
1.14564
1.14564
1.14564
1.14564
1.14564
1.14564
1.14564
1.14564
1.14564
1.14564
1.14564
1.14564
1.14564
1.14564
1.14564
1.14564
1.14564
1.14564
1.14564
1.14564
1.14564
1.14564
1.14564
1.14564
1.14564
1.14564
1.14564
1.14564
1.14564
1.14564
1.14564
1.14564
1.14564
1.14564
1.14564
1.14564
1.14564
1.14564
1.14564
1.14564
1.14564
1.14564
1.14564
1.14564
1.14564
1.14564
1.14564
1.14564
1.14564
1.14564
1.14564
1.14564
1.14564
1.14564
1.14564
1.14564
1.14564
1.14564
1.14564
1.14564
1.14564
1.14564
1.14564
1.14564
1.14564
1.14564
1.14564
1.14564
1.14564
1.14564
1.14564
1.14564
1.14564
1.14564
1.14564
1.14564
1.14564
1.14564
1.14564
1.14564
1.14564
1.14564
1.14564
1.14564
1.14564
1.14564
1.14564
1.14564
1.14564
1.14564
1.14564
1.14564
1.14564
1.14564
1.14564
1.14564
1.14564
1.14564
1.14564
1.14564
1.14564
1.14564
1.14564
1.14564
1.14564
1.14564
1.14564
1.14564
1.14564
1.14564
1.14564
1.14564
1.14564
1.14564
1.14564
1.14564
1.14564
1.14564
1.14564
1.14564
1.14564
1.14564
1.14564
1.14564
1.14564
1.14564
1.14564
1.14564
1.14564
1.14564
1.14564
1.14564
1.14564
1.14564
1.14564
1.14564
1.14564
1.14564
1.14564
1.14564
1.14564
1.14564
1.14564
1.14564
1.14564
1.14564
1.14564
1.14564
1.14564
1.14564
1.14564
1.14564
1.14564
1.14564
1.14564
1.14564
1.14564
1.14564
1.14564
1.14564
1.14564
1.14564
1.14564
1.14564
1.14564
1.14564
1.14564
1.14564
1.14564
1.14564
1.14564
1.14564
1.14564
1.14564
1.14564
1.14564
1.14564
1.14564
1.14564
1.14564
1.14564
1.14564
1.14564
1.14564
1.14564
1.14564
1.14564
1.14564
1.14564
1.14564
1.14564
1.14564
1.14564
1.14564
1.14564
1.14564
1.14564
1.14564
1.14564
1.14564
1.14564
1.14564
1.14564
1.14564
1.14564
1.14564
1.14564
1.14564
1.14564
1.14564
1.14564
1.14564
1.14564
1.14564
1.14564
1.14564
1.14564
1.14564
1.14564
1.14564
1.14564
1.14564
1.14564
1.14564
1.14564
1.14564
1.14564
1.14564
1.14564
1.14564
1.14564
1.14564
1.14564
1.14564
1.14564
1.14564
1.14564
1.14564
1.14564
1.14564
1.14564
1.14564
1.14564
1.14564
1.14564
1.14564
1.14564
1.14564
1.14564
1.14564
1.14564
1.14564
1.14564
1.14564
1.14564
1.14564
1.14564
1.14564
1.14564
1.14564
1.14564
1.14564
1.14564
1.14564
1.14564
1.14564
1.14564
1.14564
1.14564
1.14564
1.14564
1.14564
1.14564
1.14564
1.14564
1.14564
1.14564
1.14564
1.14564
1.14564
1.14564
1.14564
1.14564
1.14564
1.14564
1.14564
1.14564
1.14564
1.14564
1.14564
1.14564
1.14564
1.14564
1.14564
1.14564
1.14564
1.14564
1.14564
1.14564
1.14564
1.14564
1.14564
1.14564
1.14564
1.14564
1.14564
1.14564
1.14564
1.14564
1.14564
1.14564
1.14564
1.14564
1.14564
1.14564
1.14564
1.14564
1.14564
1.14564
1.14564
1.14564
1.14564
1.14564
1.14564
1.14564
1.14564
1.14564
1.14564
1.14564
1.14564
1.14564
1.14564
1.14564
1.14564
1.14564
1.14564
1.14564
1.14564
1.14564
1.14564
1.14564
1.14564
1.14564
1.14564
1.14564
1.14564
1.14564
1.14564
1.14564
1.14564
1.14564
1.14564
1.14564
1.14564
1.14564
1.14564
1.14564
1.14564
1.14564
1.14564
1.14564
1.14564
1.14564
1.14564
1.14564
1.14564
1.14564
1.14564
1.14564
1.14564
1.14564
1.14564
1.14564
1.14564
1.14564
1.14564
1.14564
1.14564
1.14564
1.14564
1.14564
1.14564
1.14564
1.14564
1.14564
1.14564
1.14564
1.14564
1.14564
1.14564
1.14564
1.14564
1.14564
1.14564
1.14564
1.14564
1.14564
1.14564
1.14564
1.14564
1.14564
1.14564
1.14564
1.14564
1.14564
1.14564
1.14564
1.14564
1.14564
1.14564
1.14564
1.14564
1.14564
1.14564
1.14564
1.14564
1.14564
1.14564
1.14564
1.14564
1.14564
1.14564
1.14564
1.14564
1.14564
1.14564
1.14564
1.14564
1.14564
1.14564
1.14564
1.14564
1.14564
1.14564
1.14564
1.14564
1.14564
1.14564
1.14564
1.14564
1.14564
1.14564
1.14564
1.14564
1.14564
1.14564
1.14564
1.14564
1.14564
1.14564
1.14564
1.14564
1.14564
1.14564
1.14564
1.14564
1.14564
1.14564
1.14564
1.14564
1.14564
1.14564
1.14564
1.14564
1.14564
1.14564
1.14564
1.14564
1.14564
1.14564
1.14564
1.14564
1.14564
1.14564
1.14564
1.14564
1.14564
1.14564
1.14564
1.14564
1.14564
1.14564
1.14564
1.14564
1.14564
1.14564
1.14564
1.14564
1.14564
1.14564
1.14564
1.14564
1.14564
1.14564
1.14564
1.14564
1.14564
1.14564
1.14564
1.14564
1.14564
1.14564
1.14564
1.14564
1.14564
1.14564
1.14564
1.14564
1.14564
1.14564
1.14564
1.14564
1.14564
1.14564
1.14564
1.14564
1.14564
1.14564
1.14564
1.14564
1.14564
1.14564
1.14564
1.14564
1.14564
1.14564
1.14564
1.14564
1.14564
1.14564
1.14564
1.14564
1.14564
1.14564
1.14564
1.14564
1.14564
1.14564
1.14564
1.14564
1.14564
1.14564
1.14564
1.14564
1.14564
1.14564
1.14564
1.14564
1.14564
1.14564
1.14564
1.14564
1.14564
1.14564
1.14564
1.14564
1.14564
1.14564
1.14564
1.14564
1.14564
1.14564
1.14564
1.14564
1.14564
1.14564
1.14564
1.14564
1.14564
1.14564
1.14564
1.14564
1.14564
1.14564
1.14564
1.14564
1.14564
1.14564
1.14564
1.14564
1.14564
1.14564
1.14564
1.14564
1.14564
1.14564
1.14564
1.14564
1.14564
1.14564
1.14564
1.14564
1.14564
1.14564
1.14564
1.14564
1.14564
1.14564
1.14564
1.14564
1.14564
1.14564
1.14564
1.14564
1.14564
1.14564
1.14564
1.14564
1.14564
1.14564
1.14564
1.14564
1.14564
1.14564
1.14564
1.14564
1.14564
1.14564
1.14564
1.14564
1.14564
1.14564
1.14564
1.14564
1.14564
1.14564
1.14564
1.14564
1.14564
1.14564
1.14564
1.14564
1.14564
1.14564
1.14564
1.14564
1.14564
1.14564
1.14564
1.14564
1.14564
1.14564
1.14564
1.14564
1.14564
1.14564
1.14564
1.14564
1.14564
1.14564
1.14564
1.14564
1.14564
1.14564
1.14564
1.14564
1.14564
1.14564
1.14564
1.14564
1.14564
1.14564
1.14564
1.14564
1.14564
1.14564
1.14564
1.14564
1.14564
1.14564
1.14564
1.14564
1.14564
1.14564
1.14564
1.14564
1.14564
1.14564
1.14564
1.14564
1.14564
1.14564
1.14564
1.14564
1.14564
1.14564
1.14564
1.14564
1.14564
1.14564
1.14564
1.14564
1.14564
1.14564
1.14564
1.14564
1.14564
1.14564
1.14564
1.14564
1.14564
1.14564
1.14564
1.14564
1.14564
1.14564
1.14564
1.14564
1.14564
1.14564
1.14564
1.14564
1.14564
1.14564
1.14564
1.14564
1.14564
1.14564
1.14564
1.14564
1.14564
1.14564
1.14564
1.14564
1.14564
1.14564
1.14564
1.14564
1.14564
1.14564
1.14564
1.14564
1.14564
1.14564
1.14564
1.14564
1.14564
1.14564
1.14564
1.14564
1.14564
1.14564
1.14564
1.14564
1.14564
1.14564
1.14564
