1.32031
1.32031
1.32031
1.31851
1.31851
1.31721
1.29812
1.29812
1.29605
1.29605
1.29605
1.29352
1.29352
1.29338
1.29106
1.29042
1.29006
1.29006
1.28969
1.28843
1.28843
1.28689
1.28689
1.2863
1.2863
1.2863
1.2863
1.28606
1.28606
1.28606
1.28514
1.28514
1.28514
1.28514
1.28376
1.28376
1.28343
1.28317
1.28284
1.28284
1.28239
1.28206
1.28206
1.28199
1.27913
1.27913
1.27854
1.2783
1.27772
1.27772
1.27772
1.27772
1.27772
1.27772
1.2775
1.2775
1.2775
1.27684
1.27684
1.27238
1.27238
1.27238
1.27238
1.27238
1.26477
1.26477
1.26477
1.26477
1.26477
1.26477
1.26477
1.26477
1.26477
1.26477
1.26103
1.26046
1.26046
1.26046
1.26046
1.26046
1.26046
1.26046
1.26046
1.26046
1.26046
1.26046
1.26046
1.2592
1.25808
1.25756
1.25756
1.25756
1.25756
1.25645
1.25519
1.25519
1.25519
1.25345
1.25108
1.25108
1.25108
1.25108
1.25108
1.25108
1.25108
1.24931
1.24874
1.24874
1.24874
1.24874
1.24854
1.24854
1.24854
1.24854
1.24705
1.24705
1.24705
1.24705
1.24705
1.24705
1.24705
1.24705
1.24669
1.24669
1.24669
1.24669
1.24669
1.24648
1.24648
1.24648
1.24648
1.24474
1.24474
1.24474
1.24474
1.24474
1.24474
1.24474
1.24474
1.24453
1.24453
1.24453
1.24453
1.24453
1.24453
1.24453
1.24453
1.24453
1.24453
1.24453
1.24453
1.24453
1.24453
1.24453
1.24453
1.24453
1.24453
1.24453
1.24453
1.24453
1.24453
1.24453
1.24453
1.24453
1.24453
1.24453
1.24453
1.24453
1.24453
1.24453
1.24453
1.24453
1.24453
1.24453
1.24453
1.24453
1.24453
1.24453
1.24453
1.24453
1.24453
1.24453
1.24142
1.24084
1.24064
1.23739
1.23719
1.23719
1.23719
1.23719
1.23719
1.23719
1.23719
1.23719
1.23719
1.23719
1.23719
1.23719
1.23719
1.23719
1.23719
1.23719
1.23719
1.23719
1.23719
1.23719
1.23719
1.23719
1.23719
1.23719
1.23699
1.23699
1.23699
1.23699
1.23699
1.23699
1.23432
1.23432
1.23354
1.23354
1.23354
1.23354
1.23354
1.23354
1.23335
1.23335
1.23335
1.23335
1.23335
1.23335
1.23335
1.23335
1.23335
1.23335
1.23335
1.23335
1.23335
1.23335
1.23335
1.23335
1.23335
1.23335
1.23335
1.23335
1.23335
1.23335
1.23335
1.23335
1.23335
1.23204
1.23204
1.23204
1.23204
1.23204
1.23204
1.23204
1.23204
1.23204
1.23204
1.23204
1.23204
1.23204
1.22811
1.22811
1.22811
1.22811
1.22811
1.22811
1.22811
1.22811
1.22811
1.22811
1.22373
1.22316
1.22316
1.20762
1.2014
1.2014
1.2014
1.2014
1.2014
1.2014
1.19388
1.19388
1.19388
1.19388
1.19388
1.19388
1.19388
1.19388
1.19388
1.19388
1.19388
1.19388
1.19388
1.19388
1.19388
1.19388
1.19388
1.19388
1.19388
1.19388
1.19388
1.19388
1.19388
1.19388
1.19388
1.19388
1.19388
1.19388
1.19388
1.19388
1.19388
1.19388
1.19388
1.19388
1.19388
1.19388
1.19388
1.19388
1.19388
1.19388
1.19388
1.19388
1.19388
1.19388
1.19388
1.19388
1.19388
1.19388
1.19388
1.19388
1.19388
1.19388
1.19388
1.19388
1.19388
1.19388
1.19388
1.19388
1.19388
1.19388
1.19388
1.19388
1.19388
1.19388
1.19388
1.19388
1.19388
1.19388
1.19388
1.19388
1.19388
1.19388
1.19388
1.19388
1.19388
1.19388
1.19388
1.19388
1.19388
1.19388
1.19388
1.19388
1.19388
1.19388
1.19388
1.19388
1.19388
1.19388
1.19388
1.19388
1.19388
1.19388
1.19388
1.19388
1.19388
1.19388
1.19388
1.19388
1.19388
1.19388
1.19388
1.19388
1.19388
1.19388
1.19388
1.19388
1.19388
1.19388
1.19388
1.19388
1.19388
1.19388
1.19388
1.19388
1.19388
1.19388
1.19388
1.19388
1.19388
1.19388
1.19388
1.19388
1.19388
1.19388
1.19388
1.19388
1.19388
1.19388
1.19388
1.19388
1.19388
1.19388
1.19388
1.19388
1.19388
1.19388
1.19388
1.19388
1.19388
1.19388
1.19388
1.19388
1.19388
1.19388
1.19388
1.19388
1.19388
1.19388
1.19388
1.19388
1.19388
1.19388
1.19388
1.19388
1.19388
1.19388
1.19388
1.19388
1.19388
1.19388
1.19388
1.19388
1.19388
1.19388
1.19388
1.19388
1.19388
1.18821
1.18821
1.18821
1.18821
1.18821
1.18821
1.18821
1.18821
1.18821
1.18821
1.18821
1.18821
1.18821
1.18821
1.18821
1.18821
1.18821
1.18821
1.18821
1.18821
1.18821
1.18821
1.18821
1.18821
1.18821
1.18821
1.18821
1.18821
1.18821
1.18821
1.18821
1.18821
1.18821
1.18821
1.18821
1.18821
1.18821
1.18821
1.18821
1.18821
1.18821
1.18821
1.18821
1.18821
1.18821
1.18821
1.18821
1.18821
1.18821
1.18821
1.18821
1.18821
1.18821
1.18821
1.18821
1.18821
1.18821
1.18821
1.18821
1.18821
1.18821
1.18821
1.18821
1.18821
1.18821
1.18821
1.18821
1.18821
1.18679
1.18679
1.18679
1.18679
1.18409
1.18409
1.18409
1.18409
1.18409
1.18409
1.18409
1.18409
1.18409
1.18409
1.18409
1.18409
1.18409
1.18409
1.18409
1.18409
1.18409
1.18409
1.18409
1.18409
1.18409
1.18409
1.18409
1.18409
1.18409
1.18409
1.18409
1.18409
1.18409
1.18409
1.18409
1.18409
1.18409
1.18409
1.18409
1.18409
1.18409
1.18409
1.18409
1.18409
1.18409
1.18409
1.18409
1.18409
1.18409
1.18409
1.18409
1.18409
1.18409
1.18409
1.18409
1.18409
1.18409
1.18409
1.18409
1.18409
1.18409
1.18409
1.18409
1.18409
1.18409
1.18409
1.18409
1.18409
1.18409
1.18409
1.18409
1.18409
1.18409
1.18409
1.18409
1.18409
1.18409
1.18409
1.18409
1.18409
1.18409
1.18409
1.18409
1.18409
1.18409
1.18409
1.18409
1.18409
1.18409
1.18409
1.18409
1.18409
1.18409
1.18409
1.18409
1.18409
1.18409
1.18409
1.18409
1.18409
1.18409
1.18409
1.18409
1.18409
1.18409
1.18409
1.18409
1.18409
1.18409
1.18409
1.18409
1.18409
1.18409
1.18409
1.18409
1.18409
1.18409
1.18409
1.18409
1.18409
1.18409
1.18409
1.18409
1.18409
1.18409
1.18409
1.18409
1.18409
1.18409
1.18409
1.18409
1.18409
1.18409
1.18409
1.18409
1.18409
1.18409
1.18409
1.18409
1.18409
1.18409
1.18409
1.18409
1.18409
1.18409
1.18409
1.18409
1.18409
1.18409
1.18409
1.18409
1.18409
1.18409
1.18409
1.18409
1.18409
1.18409
1.18409
1.18409
1.18409
1.18409
1.18409
1.18409
1.18409
1.18409
1.18409
1.18409
1.18409
1.18409
1.18409
1.18409
1.18409
1.18409
1.18409
1.18409
1.18409
1.18409
1.18409
1.18409
1.18409
1.18409
1.18409
1.18409
1.18409
1.18409
1.18358
1.18358
1.18358
1.18358
1.18358
1.18358
1.18358
1.18358
1.18358
1.18358
1.18358
1.18358
1.18358
1.18358
1.18358
1.18358
1.18358
1.18358
1.18358
1.18358
1.18358
1.18358
1.18358
1.18358
1.18358
1.18358
1.18358
1.18358
1.18358
1.18358
1.18358
1.18358
1.18358
1.18358
1.18358
1.18358
1.18358
1.18358
1.18358
1.18358
1.18358
1.18358
1.18358
1.18358
1.18358
1.18358
1.18358
1.18358
1.18358
1.18358
1.18358
1.18358
1.18358
1.18358
1.18358
1.18358
1.18358
1.18358
1.18358
1.18358
1.18358
1.18358
1.18358
1.18358
1.18358
1.18358
1.18358
1.18358
1.18358
1.18358
1.18358
1.18358
1.18358
1.18358
1.18358
1.18358
1.18358
1.18358
1.18358
1.18358
1.18358
1.18358
1.18358
1.18358
1.18358
1.18358
1.18358
1.18358
1.17842
1.17842
1.17842
1.17842
1.1783
1.1783
1.1783
1.1783
1.1783
1.1783
1.1783
1.1783
1.1783
1.1783
1.1783
1.16986
1.16986
1.16986
1.16986
1.16986
1.16986
1.16986
1.16986
1.16986
1.16986
1.16986
1.16986
1.16986
1.16986
1.16986
1.16959
1.16959
1.16717
1.16717
1.16717
1.16717
1.16717
1.16717
1.16717
1.16717
1.16717
1.16717
1.16717
1.16717
1.16717
1.16717
1.16717
1.16717
1.16717
1.16717
1.16717
1.16717
1.16717
1.16717
1.16717
1.16717
1.16717
1.16717
1.16717
1.16717
1.16717
1.16717
1.16717
1.16717
1.16717
1.16717
1.16717
1.16717
1.16717
1.16717
1.16717
1.16717
1.16717
1.16717
1.16717
1.16717
1.16717
1.16717
1.16717
1.16717
1.16717
1.16717
1.16717
1.16717
1.16717
1.16717
1.16717
1.16717
1.16717
1.16717
1.16717
1.16717
1.16717
1.16717
1.16717
1.16717
1.16717
1.16717
1.16717
1.16717
1.16717
1.16717
1.16717
1.16717
1.16717
1.16717
1.16717
1.16717
1.16717
1.16717
1.16717
1.16717
1.16717
1.16717
1.16717
1.16717
1.16717
1.16717
1.16717
1.16717
1.16717
1.16717
1.16717
1.16717
1.16717
1.16717
1.16717
1.16717
1.16717
1.16717
1.16717
1.16717
1.16717
1.16717
1.16717
1.16717
1.16717
1.16717
1.16717
1.16717
1.16717
1.16717
1.16717
1.16717
1.16717
1.16717
1.16717
1.16717
1.16717
1.16717
1.16717
1.16717
1.16717
1.16717
1.16717
1.16717
1.16717
1.16717
1.16717
1.16717
1.16717
1.16717
1.16717
1.16717
1.16717
1.16717
1.16717
1.16717
1.16717
1.16717
1.16717
1.16717
1.16717
1.16717
1.16717
1.16717
1.16717
1.16717
1.16717
1.16717
1.16717
1.16717
1.16717
1.16717
1.16717
1.16717
1.16717
1.16717
1.16717
1.16717
1.16717
1.16717
1.16717
1.16717
1.16717
1.16717
1.16717
1.16717
1.16717
1.16717
1.16717
1.16717
1.16717
1.16717
1.16717
1.16717
1.16717
1.16717
1.16717
1.16717
1.16717
1.16717
1.16717
1.16717
1.16717
1.16717
1.16717
1.16717
1.16717
1.16717
1.16717
1.16717
1.16717
1.16717
1.16717
1.16717
1.16717
1.16717
1.16717
1.16717
1.16717
1.16717
1.16717
1.16717
1.16717
1.16717
1.16717
1.16717
1.16717
1.16717
1.16717
1.16717
1.16717
1.16717
1.16717
1.16717
1.16717
1.16717
1.16717
1.16717
1.16717
1.16717
1.16717
1.16717
1.16717
1.16717
1.16717
1.16717
1.16717
1.16717
1.16717
1.16717
1.16717
1.16717
1.16717
1.16717
1.16717
1.16717
1.16717
1.16717
1.16717
1.16717
1.16717
1.16717
1.16717
1.16717
1.16717
1.16717
1.16717
1.16717
1.16717
1.16717
1.16717
1.16717
1.16717
1.16717
1.16717
1.16717
1.16717
1.16717
1.16717
1.16717
1.16717
1.16717
1.16717
1.16717
1.16717
1.16717
1.16717
1.16717
1.16717
1.16717
1.16717
1.16717
1.16717
1.16717
1.16717
1.16717
1.16717
1.16717
1.16717
1.16717
1.16717
1.16717
1.16717
1.16717
1.16717
1.16717
1.16717
1.16717
1.16717
1.16717
1.16717
1.16717
1.16717
1.16717
1.16717
1.16717
1.16717
1.16717
1.16717
1.16717
1.16717
1.16717
1.16717
1.16717
1.16717
1.16717
1.16717
1.16717
1.16717
1.16717
1.16717
1.16717
1.16717
1.16717
1.16717
1.16717
1.16717
1.16717
1.16717
1.16717
1.16717
1.16717
1.16717
1.16717
1.16717
1.16717
1.16717
1.16717
1.16717
1.16717
1.16717
1.16717
1.16717
1.16717
1.16717
1.16717
1.16717
1.16717
1.16717
1.16717
1.16717
1.16717
1.16717
1.16717
1.16717
1.16717
1.16717
1.16717
1.16717
1.16717
1.16717
1.16717
1.16717
1.16717
1.16717
1.16717
1.16717
1.16717
1.16717
1.16717
1.16717
1.16717
1.16717
1.16717
1.16717
1.16717
1.16717
1.16717
1.16717
1.16717
1.16717
1.16717
1.16717
1.16717
1.16717
1.16717
1.16717
1.16717
1.16717
1.16717
1.16717
1.16717
1.16717
1.16717
1.16717
1.16717
1.16717
1.16717
1.16717
1.16717
1.16717
1.16717
1.16717
1.16717
1.16717
1.16717
1.16717
1.16717
1.16717
1.16717
1.16717
1.16717
1.16717
1.16717
1.16717
1.16717
1.16717
1.16717
1.16717
1.16717
1.16717
1.16717
1.16717
1.16717
1.16717
1.16717
1.16717
1.16717
1.16717
1.16717
1.16717
1.16717
1.16717
1.16717
1.16717
1.16717
1.16717
1.16717
1.16717
1.16717
1.16717
1.16717
1.16717
1.16717
1.16717
1.16717
1.16717
1.16717
1.16717
1.16717
1.16717
1.16717
1.16717
1.16717
1.16717
1.16717
1.16717
1.16717
1.16717
1.16717
1.16717
1.16717
1.16717
1.16717
1.16717
1.16717
1.16717
1.16717
1.16717
1.16717
1.16717
1.16717
1.16717
1.16717
1.16717
1.16717
1.16717
1.16717
1.16717
1.16717
1.16717
1.16717
1.16717
1.16717
1.16717
1.16717
1.16717
1.16717
1.16717
1.16717
1.16717
1.16717
1.16717
1.16717
1.16717
1.16717
1.16717
1.16717
1.16717
1.16717
1.16717
1.16717
1.16717
1.16717
1.16717
1.16717
1.16717
1.16717
1.16717
1.16717
1.16717
1.16717
1.16717
1.16717
1.16717
1.16717
1.16717
1.16717
1.16717
1.16717
1.16717
1.16717
1.16717
1.16717
1.16717
1.16717
1.16717
1.16717
1.16717
1.16717
1.16717
1.16717
1.16717
1.16717
1.16717
1.16717
1.16717
1.16717
1.16717
1.16717
1.16717
1.16717
1.16717
1.16717
1.16717
1.16717
1.16717
1.16717
1.16717
1.16717
1.16717
1.16717
1.16717
1.16717
1.16717
1.16717
1.16717
1.16717
1.16717
1.16717
1.16717
1.16717
1.16717
1.16717
1.16717
1.16717
1.16717
1.16717
1.16717
1.16717
1.16717
1.16717
1.16717
1.16717
1.16717
1.16717
1.16717
1.16717
1.16717
1.16717
1.16717
1.16717
1.16717
1.16717
1.16717
1.16717
1.16717
1.16717
1.16717
1.16717
1.16717
1.16717
1.16717
1.16717
1.16717
1.16717
1.16717
1.16717
1.16717
1.16717
1.16717
1.16717
1.16717
1.16717
1.16717
1.16717
1.16717
1.16717
1.16717
1.16717
1.16717
1.16717
1.16717
1.16717
1.16717
1.16717
1.16717
1.16717
1.16717
1.16717
1.16717
1.16717
1.16717
1.16717
1.16717
1.16717
1.16717
1.16717
1.16717
1.16717
1.16717
1.16717
1.16717
1.16717
1.16717
1.16717
1.16717
1.16717
1.16717
1.16717
1.16717
1.16717
1.16717
1.16717
1.16717
1.16717
1.16717
1.16717
1.16717
1.16717
1.16615
1.16615
1.16615
1.16615
1.16615
1.16615
1.16595
1.16595
1.16595
1.16595
1.16595
1.16595
1.16595
1.16595
1.16443
1.16423
1.16423
1.16423
1.16383
1.16383
1.16383
1.16383
1.16383
1.16383
1.16383
1.16383
1.16383
1.16383
1.16383
1.16383
1.16383
1.16383
1.16383
1.16383
1.16383
1.16383
1.16383
1.16383
1.16383
1.16383
1.16383
1.16383
1.16383
1.16383
1.16383
1.16383
1.16383
1.16383
1.16383
1.16383
1.16383
1.16383
1.16383
1.16383
1.16383
1.16383
1.16383
1.16383
1.16383
1.16383
1.16383
1.16383
1.16383
1.16383
1.16383
1.16383
1.16383
1.16383
1.16383
1.16383
1.16383
1.16383
1.16383
1.16383
1.16383
1.16383
1.16383
1.16383
1.16383
1.16383
1.16383
1.16383
1.16383
1.16383
1.16383
1.16383
1.16383
1.16383
1.16383
1.16383
1.16383
1.16383
1.16383
1.16383
1.16383
1.16383
1.16383
1.16383
1.16383
1.16383
1.16383
1.16383
1.16383
1.16383
1.16383
1.16383
1.16383
1.16383
1.16383
1.16383
1.16383
1.16383
1.16383
1.16383
1.16383
1.16383
1.16383
1.16383
1.16383
1.16383
1.16383
1.16383
1.16383
1.16383
1.16383
1.16383
1.16383
1.16383
1.16383
1.16383
1.16383
1.16383
1.16383
1.16383
1.16383
1.16383
1.16383
1.16383
1.16383
1.16383
1.16383
1.16383
1.16383
1.16383
1.16383
1.16383
1.16383
1.16383
1.16383
1.16383
1.16383
1.16383
1.16383
1.16383
1.16383
1.16383
1.16383
1.16383
1.16383
1.16383
1.16383
1.16383
1.16383
1.16383
1.16383
1.16383
1.16383
1.16383
1.16383
1.16383
1.16383
1.16383
1.16383
1.16383
1.16383
1.16383
1.16383
1.16383
1.16383
1.16383
1.16383
1.16383
1.16383
1.16383
1.16383
1.16383
1.16383
1.16383
1.16383
1.16383
1.16383
1.16383
1.16383
1.16383
1.16383
1.16383
1.16383
1.16383
1.16383
1.16383
1.16383
1.16383
1.16383
1.16383
1.16383
1.16383
1.16383
1.16383
1.16383
1.16383
1.16383
1.16383
1.16383
1.16383
1.16383
1.16383
1.16383
1.16383
1.16383
1.16383
1.16383
1.16383
1.16383
1.16383
1.16383
1.16383
1.16383
1.16383
1.16383
1.16383
1.16383
1.16383
1.16383
1.16383
1.16383
1.16383
1.16383
1.16383
1.16383
1.16383
1.16383
1.16383
1.16383
1.16383
1.16383
1.16383
1.16383
1.16383
1.16383
1.16383
1.16383
1.16383
1.16383
1.16383
1.16383
1.16383
1.16383
1.16383
1.16383
1.16383
1.16383
1.16383
1.16383
1.16383
1.16383
1.16383
1.16383
1.16383
1.16383
1.16383
1.16383
1.16383
1.16383
1.16383
1.16383
1.16383
1.16383
1.16383
1.16383
1.16383
1.16383
1.16383
1.16383
1.16383
1.16383
1.16383
1.16383
1.16383
1.16383
1.16383
1.16383
1.16383
1.16383
1.16383
1.16383
1.16383
1.16383
1.16383
1.16383
1.16383
1.16383
1.16383
1.16383
1.16383
1.16383
1.16383
1.16383
1.16383
1.16383
1.16383
1.16383
1.16383
1.16383
1.16383
1.16383
1.16383
1.16383
1.16383
1.16383
1.16383
1.16383
1.16383
1.16383
1.16383
1.16383
1.16383
1.16383
1.16383
1.16383
1.16383
1.16383
1.16383
1.16383
1.16383
1.16383
1.16383
1.16383
1.16383
1.16383
1.16383
1.16383
1.16383
1.16383
1.16383
1.16383
1.16383
1.16383
1.16383
1.16383
1.16383
1.16383
1.16383
1.16383
1.16383
1.16383
1.16383
1.16383
1.16383
1.16383
1.16383
1.16383
1.16383
1.16383
1.16383
1.16383
1.16383
1.16383
1.16383
1.16383
1.16383
1.16383
1.16383
1.16383
1.16383
1.16383
1.16383
1.16383
1.16383
1.16383
1.16383
1.16383
1.16383
1.16383
1.16383
1.16383
1.16383
1.16383
1.16383
1.16383
1.16383
1.16383
1.16383
1.16383
1.16383
1.16383
1.16383
1.16383
1.16383
1.16383
1.16383
1.16383
1.16383
1.16383
1.16383
1.16383
1.16383
1.16383
1.16383
1.16383
1.16383
1.16383
1.16383
1.16383
1.16383
1.16383
1.16383
1.16383
1.16383
1.16383
1.16383
1.16383
1.16383
1.16383
1.16383
1.16383
1.16383
1.16383
1.16383
1.16383
1.16383
1.16383
1.16383
1.16383
1.16383
1.16383
1.16383
1.16383
1.16383
1.16383
1.16383
1.16383
1.16383
1.16383
1.16383
1.16383
1.16383
1.16383
1.16383
1.16383
1.16383
1.16383
1.16383
1.16383
1.16383
1.16383
1.16383
1.16383
1.16383
1.16383
1.16383
1.16383
1.16383
1.16383
1.16383
1.16383
1.16383
1.16383
1.16383
1.16383
1.16383
1.16383
1.16383
1.16383
1.16383
1.16383
1.16383
1.16383
1.16383
1.16383
1.16383
1.16383
1.16383
1.16383
1.16383
1.16383
1.16383
1.16383
1.16383
1.16383
1.16383
1.16383
1.16383
1.16383
1.16383
1.16383
1.16383
1.16383
1.16383
1.16383
1.16383
1.16383
1.16383
1.16383
1.16383
1.16383
1.16383
1.16383
1.16383
1.16383
1.16383
1.16383
1.16383
1.16383
1.16383
1.16383
1.16383
1.16383
1.16383
1.16383
1.16383
1.16383
1.16383
1.16383
1.16383
1.16383
1.16383
1.16383
1.16383
1.16383
1.16383
1.16383
1.16383
1.16383
1.16383
1.16383
1.16383
1.16383
1.16383
1.16383
1.16383
1.16383
1.16383
1.16383
1.16383
1.16383
1.16383
1.16383
1.16383
1.16383
1.16383
1.16383
1.16383
1.16383
1.16383
1.16383
1.16383
1.16383
1.16383
1.16383
1.16383
1.16383
1.16383
1.16383
1.16383
1.16383
1.16383
1.16383
1.16383
1.16383
1.16383
1.16383
1.16383
1.16383
1.16383
1.16383
1.16383
1.16383
1.16383
1.16383
1.16383
1.16383
1.16383
1.16383
1.16383
1.16383
1.16383
1.16383
1.16383
1.16383
1.16383
1.16383
1.16383
1.16383
1.16383
1.16383
1.16383
1.16383
1.16383
1.16383
1.16383
1.16383
1.16383
1.16383
1.16383
1.16383
1.16383
1.16383
1.16383
1.16383
1.16383
1.16383
1.16383
1.16383
1.16383
1.16383
1.16383
1.16383
1.16383
1.16383
1.16383
1.16383
1.16383
1.16383
1.16383
1.16383
1.16383
1.16383
1.16383
1.16383
1.16383
1.16383
1.16383
1.16383
1.16383
1.16383
1.16383
1.16383
1.16383
1.16383
1.16383
1.16383
1.16383
1.16383
1.16383
1.16383
1.16383
1.16383
1.16383
1.16383
1.16383
1.16383
1.16383
1.16383
1.16383
1.16383
1.16383
1.16383
1.16383
1.16383
1.16383
1.16383
1.16383
1.16383
1.16383
1.16383
1.16383
1.16383
1.16383
1.16383
1.16383
1.16383
1.16383
1.16383
1.16383
1.16383
1.16383
1.16383
1.16383
1.16383
1.16383
1.16383
1.16383
1.16383
1.16383
1.16383
1.16383
1.16383
1.16383
1.16383
1.16383
1.16383
1.16383
1.16383
1.16383
1.16383
1.16383
1.16383
1.16383
1.16383
1.16383
1.16383
1.16383
1.16383
1.16383
1.16383
1.16383
1.16383
1.16383
1.16383
1.16383
1.16383
1.16383
1.16383
1.16383
1.16383
1.16383
1.16383
1.16383
1.16383
1.16383
1.16383
1.16383
1.16383
1.16383
1.16383
1.16383
1.16383
1.16383
1.16383
1.16383
1.16383
1.16383
1.16383
1.16383
1.16383
1.16383
1.16383
1.16383
1.16383
1.16383
1.16383
1.16383
1.16383
1.16383
1.16383
1.16383
1.16383
1.16383
1.16383
1.16383
1.16383
1.16383
1.16383
1.16383
1.16383
1.16383
1.16383
1.16383
1.16383
1.16383
1.16383
1.16383
1.16383
1.16383
1.16383
1.16383
1.16383
1.16383
1.16383
1.16383
1.16383
1.16383
1.16383
1.16383
1.16383
1.16383
1.16383
1.16383
1.16383
1.16383
1.16383
1.16383
1.16383
1.16383
1.16383
1.16383
1.16383
1.16383
1.16383
1.16383
1.16383
1.16383
1.16383
1.16383
1.16383
1.16383
1.16383
1.16383
1.16383
1.16383
1.16383
1.16383
1.16383
1.16383
1.16383
1.16383
1.16383
1.16383
1.16383
1.16383
1.16383
1.16383
1.16383
1.16383
1.16383
1.16383
1.16383
1.16383
