1.35221
1.35221
1.35221
1.35221
1.3502
1.3502
1.3502
1.34942
1.34942
1.34771
1.34771
1.34771
1.34651
1.34573
1.34371
1.34371
1.34371
1.34371
1.34197
1.34197
1.34197
1.34139
1.34139
1.34139
1.34139
1.34139
1.34056
1.34056
1.34056
1.34006
1.34006
1.3392
1.3392
1.33889
1.33836
1.33542
1.33542
1.33039
1.33039
1.32841
1.32841
1.32565
1.32565
1.32565
1.32529
1.32322
1.32322
1.32322
1.32322
1.32308
1.32286
1.32158
1.32158
1.32093
1.32093
1.32093
1.32093
1.32093
1.32093
1.32024
1.32024
1.31989
1.31989
1.31989
1.31989
1.31929
1.319
1.319
1.319
1.319
1.319
1.319
1.319
1.319
1.319
1.31786
1.31698
1.31698
1.31698
1.31698
1.31698
1.31698
1.31411
1.31411
1.31411
1.31411
1.30987
1.30987
1.30987
1.30987
1.30987
1.30987
1.30987
1.30987
1.30987
1.30899
1.30899
1.30899
1.30899
1.30899
1.30899
1.30899
1.30899
1.30899
1.30468
1.30468
1.30468
1.30468
1.30468
1.30468
1.30468
1.30468
1.30468
1.30468
1.30468
1.30468
1.30468
1.30468
1.29885
1.29885
1.29454
1.29454
1.29454
1.29454
1.29454
1.29454
1.29454
1.29454
1.29454
1.29454
1.29454
1.29454
1.28939
1.28495
1.2798
1.2798
1.2798
1.2798
1.2798
1.2798
1.2798
1.2798
1.2798
1.2798
1.2798
1.27574
1.27574
1.26145
1.26145
1.2563
1.2563
1.23783
1.22863
1.22863
1.22863
1.22863
1.22863
1.22863
1.22863
1.22863
1.22863
1.22863
1.22863
1.22863
1.22863
1.22863
1.22863
1.22863
1.22863
1.22863
1.22501
1.22501
1.22501
1.22501
1.22501
1.22501
1.22501
1.22501
1.22501
1.22501
1.22501
1.22501
1.22501
1.22501
1.22501
1.22501
1.22501
1.22426
1.22426
1.22426
1.22426
1.22426
1.22426
1.22302
1.22227
1.22227
1.22227
1.22227
1.22227
1.22227
1.22137
1.22137
1.22137
1.22004
1.22004
1.22004
1.22004
1.22004
1.22004
1.22004
1.22004
1.22004
1.22004
1.22004
1.22004
1.22004
1.22004
1.22004
1.22004
1.22004
1.22004
1.22004
1.22004
1.22004
1.22004
1.22004
1.22004
1.22004
1.22004
1.22004
1.22004
1.22004
1.21929
1.21929
1.21929
1.21929
1.21929
1.21929
1.21929
1.21929
1.21929
1.21929
1.21929
1.21929
1.21929
1.21929
1.21929
1.21929
1.21929
1.21929
1.21929
1.21929
1.21929
1.21929
1.21929
1.21929
1.21929
1.21929
1.21929
1.21929
1.21929
1.21929
1.21929
1.21929
1.21929
1.21929
1.21929
1.21929
1.21929
1.21929
1.21929
1.21929
1.21929
1.21929
1.21929
1.21929
1.21929
1.21929
1.21929
1.21929
1.21929
1.21929
1.21929
1.21929
1.21929
1.21929
1.21929
1.21929
1.21929
1.21929
1.21929
1.21929
1.21929
1.21929
1.21929
1.21929
1.21929
1.21929
1.21929
1.21929
1.21929
1.21929
1.21929
1.21929
1.21929
1.21929
1.21929
1.21929
1.21929
1.21929
1.21929
1.21929
1.21929
1.21929
1.21929
1.21929
1.21929
1.21929
1.21929
1.21929
1.21929
1.21929
1.21929
1.21929
1.21929
1.21929
1.21929
1.21929
1.21929
1.21929
1.21929
1.21929
1.21929
1.21929
1.21929
1.21929
1.21929
1.21929
1.21929
1.21929
1.21929
1.21929
1.21929
1.21929
1.21929
1.21929
1.21929
1.21929
1.21929
1.21929
1.21929
1.21929
1.21929
1.21929
1.21929
1.21929
1.21929
1.21929
1.21929
1.21929
1.21929
1.21883
1.21883
1.21883
1.21883
1.21883
1.21883
1.21883
1.21883
1.21883
1.21883
1.21883
1.21883
1.21883
1.21883
1.21883
1.21883
1.21883
1.21883
1.21883
1.21883
1.21883
1.21883
1.21883
1.21883
1.21883
1.21883
1.21883
1.21846
1.21846
1.21807
1.21807
1.21807
1.21807
1.21807
1.21807
1.21807
1.21807
1.21807
1.21807
1.21807
1.21807
1.21807
1.21807
1.21807
1.21807
1.21807
1.21807
1.21807
1.21807
1.21807
1.21807
1.21807
1.21807
1.21807
1.21807
1.21807
1.21807
1.21807
1.21807
1.21807
1.21807
1.21807
1.21807
1.21807
1.21807
1.21807
1.21752
1.21752
1.21752
1.21752
1.21752
1.21752
1.21752
1.21752
1.21752
1.21752
1.21752
1.21752
1.21752
1.21752
1.21752
1.21752
1.21752
1.21752
1.21752
1.21752
1.21752
1.21752
1.21752
1.21752
1.21752
1.21752
1.21752
1.21752
1.21752
1.21752
1.21752
1.21752
1.21752
1.21752
1.21752
1.21752
1.21752
1.21752
1.21752
1.21752
1.21752
1.21752
1.21752
1.21752
1.21752
1.21752
1.21752
1.21752
1.21752
1.21752
1.21752
1.21752
1.21752
1.21752
1.21752
1.21752
1.21752
1.21752
1.21752
1.21752
1.21752
1.21716
1.21716
1.21716
1.21716
1.21716
1.21716
1.21716
1.21716
1.21716
1.21716
1.21716
1.21716
1.21716
1.21716
1.21716
1.21716
1.21716
1.21716
1.21716
1.21716
1.21716
1.21716
1.21716
1.21716
1.21716
1.21716
1.21716
1.21716
1.21716
1.21716
1.21716
1.21716
1.21716
1.21716
1.21716
1.21716
1.21716
1.21716
1.21716
1.21716
1.21716
1.21716
1.21716
1.21716
1.21716
1.21716
1.21716
1.21716
1.21716
1.21716
1.21716
1.21716
1.21716
1.21716
1.21716
1.21716
1.21716
1.21716
1.21716
1.21716
1.21716
1.21716
1.21716
1.21716
1.21716
1.21716
1.21716
1.21716
1.21716
1.21716
1.21716
1.21716
1.21716
1.21716
1.21508
1.21508
1.21508
1.21508
1.21508
1.21264
1.21264
1.21058
1.21058
1.21058
1.21058
1.21058
1.21058
1.21058
1.21058
1.21058
1.21058
1.21058
1.21058
1.21058
1.21058
1.21058
1.21058
1.21058
1.21058
1.21058
1.21058
1.21058
1.21058
1.21058
1.21045
1.21045
1.21045
1.21045
1.21045
1.21045
1.21045
1.21045
1.21045
1.21045
1.21045
1.21045
1.21045
1.21045
1.21045
1.21045
1.21045
1.21045
1.21045
1.21045
1.21045
1.21045
1.21045
1.21045
1.21045
1.21045
1.21045
1.21045
1.21045
1.21045
1.21045
1.21045
1.21045
1.21045
1.20952
1.20952
1.20952
1.20952
1.20952
1.20952
1.20952
1.20952
1.20952
1.20952
1.20952
1.20952
1.20952
1.20952
1.20952
1.20952
1.20952
1.20952
1.20952
1.20952
1.20952
1.20952
1.20952
1.20952
1.20952
1.20952
1.20952
1.20952
1.20952
1.20952
1.20952
1.20952
1.20952
1.20952
1.20952
1.20952
1.20952
1.20952
1.20952
1.20952
1.20952
1.20952
1.20952
1.20952
1.20952
1.20952
1.20952
1.20952
1.20952
1.20952
1.20952
1.20952
1.20952
1.20952
1.20952
1.20952
1.20952
1.20952
1.20952
1.20952
1.20952
1.20952
1.20952
1.20952
1.20952
1.20952
1.20952
1.20952
1.20952
1.20952
1.20952
1.20952
1.20952
1.20952
1.20952
1.20952
1.20952
1.20952
1.20952
1.20952
1.20952
1.20952
1.20952
1.20952
1.20952
1.20952
1.20952
1.20952
1.20952
1.20952
1.20952
1.20952
1.20952
1.20952
1.20952
1.20952
1.20952
1.20952
1.20952
1.20952
1.20952
1.20952
1.20952
1.20952
1.20952
1.20952
1.20952
1.20952
1.20952
1.20952
1.20952
1.20952
1.20952
1.20952
1.20952
1.20952
1.20952
1.20952
1.20952
1.20952
1.20952
1.20952
1.20952
1.20952
1.20952
1.20952
1.20952
1.20952
1.20952
1.20952
1.20952
1.20952
1.20952
1.20952
1.20952
1.20952
1.20952
1.20952
1.20952
1.20952
1.20952
1.20952
1.20952
1.20952
1.20952
1.20952
1.20952
1.20952
1.20952
1.20952
1.20952
1.20952
1.20952
1.20952
1.20952
1.20952
1.20952
1.20952
1.20952
1.20952
1.20952
1.20952
1.20952
1.20952
1.20952
1.20952
1.20952
1.20952
1.20952
1.20952
1.20952
1.20952
1.20952
1.20952
1.20952
1.20952
1.20952
1.20952
1.20952
1.20952
1.20952
1.20952
1.20952
1.20952
1.20952
1.20952
1.20952
1.20952
1.20952
1.20952
1.20952
1.20952
1.20952
1.20952
1.20952
1.20952
1.20952
1.20952
1.20952
1.20952
1.20952
1.20952
1.20952
1.20952
1.20952
1.20952
1.20952
1.20952
1.20952
1.20952
1.20952
1.20952
1.20952
1.20952
1.20952
1.20952
1.20913
1.20913
1.20913
1.20913
1.20913
1.20913
1.20913
1.20913
1.20913
1.20913
1.20913
1.20913
1.20913
1.20913
1.20913
1.20913
1.20913
1.20913
1.20913
1.20913
1.20913
1.20913
1.20913
1.20913
1.20913
1.20913
1.20913
1.20913
1.20913
1.20913
1.20913
1.20913
1.20913
1.20913
1.20913
1.20913
1.20913
1.20913
1.20913
1.20913
1.20913
1.20913
1.20913
1.20913
1.20913
1.20913
1.20913
1.20913
1.20913
1.20913
1.20913
1.20913
1.20913
1.20913
1.20913
1.20913
1.20913
1.20913
1.20913
1.20913
1.20913
1.20913
1.20913
1.20913
1.20913
1.20913
1.20913
1.20913
1.20913
1.20913
1.20913
1.20913
1.20913
1.20913
1.20913
1.20913
1.20913
1.20913
1.20913
1.20913
1.20913
1.20913
1.20913
1.20913
1.20913
1.20913
1.20913
1.20913
1.20913
1.20913
1.20913
1.20913
1.20913
1.20913
1.20913
1.20913
1.20913
1.20913
1.20913
1.20913
1.20913
1.20913
1.20913
1.20913
1.20913
1.20913
1.20913
1.20913
1.20913
1.20913
1.20913
1.20913
1.20913
1.20913
1.20913
1.20913
1.20913
1.20913
1.20913
1.20913
1.20913
1.20913
1.20913
1.20913
1.20913
1.20913
1.20913
1.20913
1.20913
1.20913
1.20913
1.20913
1.20913
1.20913
1.20913
1.20913
1.20913
1.20913
1.20913
1.20913
1.20913
1.20913
1.20913
1.20913
1.20913
1.20913
1.20913
1.20913
1.20913
1.20913
1.20913
1.20913
1.20913
1.20913
1.20913
1.20913
1.20913
1.20913
1.20913
1.20913
1.20913
1.20913
1.20913
1.20913
1.20913
1.20913
1.20913
1.20913
1.20913
1.20913
1.20913
1.20913
1.20913
1.20913
1.20913
1.20913
1.20913
1.20913
1.20913
1.20913
1.20913
1.20913
1.20913
1.20913
1.20913
1.20913
1.20913
1.20913
1.20913
1.20913
1.20913
1.20913
1.20913
1.20913
1.20913
1.20913
1.20913
1.20913
1.20913
1.20913
1.20913
1.20913
1.20913
1.20913
1.20913
1.20913
1.20913
1.20913
1.20913
1.20913
1.20913
1.20913
1.20913
1.20913
1.20913
1.20913
1.20913
1.20913
1.20913
1.20913
1.20913
1.20494
1.20494
1.20494
1.20494
1.20494
1.20494
1.20494
1.20494
1.20494
1.20494
1.20494
1.20494
1.20494
1.20494
1.20494
1.20494
1.20494
1.20494
1.20494
1.20494
1.20494
1.20494
1.20349
1.20349
1.20349
1.20349
1.20349
1.20349
1.20349
1.20349
1.20349
1.20349
1.20349
1.20349
1.20349
1.20349
1.20349
1.20349
1.20349
1.20349
1.20349
1.20349
1.20349
1.20349
1.20349
1.20349
1.20349
1.20349
1.20349
1.20349
1.20349
1.20349
1.20349
1.20349
1.20349
1.20349
1.20349
1.20349
1.20349
1.20349
1.20349
1.20349
1.20349
1.20349
1.20349
1.20349
1.20349
1.20349
1.20349
1.20349
1.20349
1.20349
1.20349
1.20349
1.20349
1.20349
1.20163
1.20163
1.20163
1.20163
1.19175
1.19175
1.19175
1.19175
1.19175
1.19175
1.19175
1.19175
1.19175
1.19175
1.19175
1.19175
1.19175
1.19175
1.19175
1.19175
1.19175
1.19175
1.19175
1.19175
1.19175
1.19175
1.19175
1.19175
1.19175
1.19175
1.19175
1.19175
1.19175
1.19175
1.19175
1.19175
1.19175
1.19175
1.19175
1.19175
1.19175
1.19175
1.19175
1.19175
1.19175
1.19175
1.19175
1.19175
1.19175
1.19175
1.19175
1.19175
1.19175
1.19175
1.19175
1.19175
1.19175
1.19175
1.19175
1.19175
1.19175
1.19175
1.19175
1.19175
1.19175
1.19175
1.19175
1.19175
1.19175
1.19175
1.19175
1.19175
1.19175
1.19175
1.19175
1.19175
1.19175
1.19175
1.19175
1.19175
1.19175
1.19175
1.19175
1.19175
1.19175
1.19175
1.19175
1.19175
1.19175
1.19175
1.19175
1.19175
1.19175
1.19175
1.19175
1.18919
1.18919
1.18455
1.18455
1.18455
1.18455
1.18455
1.18455
1.18455
1.18455
1.18455
1.18455
1.18455
1.18455
1.18455
1.18455
1.18455
1.18455
1.18455
1.18455
1.18455
1.18455
1.18455
1.18455
1.18455
1.18455
1.18455
1.18455
1.18455
1.18455
1.18455
1.18455
1.18455
1.18455
1.18455
1.18455
1.18455
1.18455
1.18455
1.18455
1.18455
1.18455
1.18455
1.18455
1.18455
1.18455
1.18455
1.18455
1.18455
1.18455
1.18455
1.18455
1.18455
1.18455
1.18455
1.18455
1.18455
1.18455
1.18455
1.18455
1.18455
1.18455
1.18455
1.18455
1.18221
1.18221
1.18221
1.18221
1.18221
1.18221
1.18221
1.18221
1.18221
1.18221
1.18221
1.18221
1.18221
1.18221
1.18221
1.18221
1.18221
1.18221
1.18221
1.18221
1.18221
1.18221
1.18221
1.18221
1.18221
1.18221
1.18221
1.18221
1.18221
1.18221
1.18221
1.18221
1.18221
1.18221
1.18221
1.18221
1.18221
1.18221
1.18221
1.18221
1.18221
1.18221
1.18221
1.18221
1.18221
1.18221
1.18221
1.18221
1.18221
1.18221
1.18221
1.18221
1.18221
1.18221
1.18221
1.18221
1.18221
1.18221
1.18221
1.18221
1.18221
1.18221
1.18221
1.18221
1.18221
1.18221
1.18221
1.18221
1.18221
1.18221
1.18221
1.18221
1.18221
1.18221
1.18221
1.18221
1.18221
1.18221
1.18221
1.18221
1.18221
1.18221
1.18221
1.18221
1.18221
1.18221
1.18221
1.18221
1.18221
1.18221
1.18221
1.18221
1.18221
1.18221
1.18221
1.18221
1.18221
1.18221
1.18221
1.18221
1.18221
1.18221
1.18221
1.18221
1.18221
1.18221
1.18221
1.18221
1.18221
1.18221
1.18221
1.18221
1.18221
1.18221
1.18221
1.18221
1.18221
1.18221
1.18221
1.18221
1.18221
1.18221
1.18221
1.18221
1.18221
1.18221
1.18221
1.18221
1.18221
1.18221
1.18221
1.18221
1.18221
1.18221
1.18221
1.18221
1.18221
1.18221
1.18221
1.18221
1.18221
1.18221
1.18221
1.18221
1.18221
1.18221
1.18221
1.18221
1.18221
1.18221
1.18221
1.18221
1.18221
1.18221
1.18221
1.18221
1.18221
1.18221
1.18221
1.18221
1.18221
1.18221
1.18221
1.18221
1.18221
1.18221
1.18221
1.18221
1.18221
1.18221
1.18221
1.18221
1.18221
1.18221
1.18221
1.18221
1.18221
1.18221
1.18221
1.18221
1.18221
1.18221
1.18221
1.18221
1.18221
1.18221
1.18221
1.18221
1.18221
1.18221
1.18221
1.18221
1.18221
1.18221
1.18221
1.18221
1.18221
1.18221
1.18221
1.18221
1.18221
1.18221
1.18221
1.18221
1.18221
1.18221
1.18221
1.18221
1.18221
1.18221
1.18221
1.18221
1.18221
1.18221
1.18221
1.18221
1.18221
1.18221
1.18221
1.18221
1.18221
1.18221
1.18221
1.18221
1.18221
1.18221
1.18221
1.18221
1.18221
1.18221
1.18221
1.18221
1.18221
1.18221
1.18221
1.18221
1.18221
1.18221
1.18221
1.18221
1.18221
1.18221
1.18221
1.18221
1.18221
1.18221
1.18221
1.18221
1.18221
1.18221
1.18221
1.18221
1.18221
1.18221
1.18221
1.18221
1.18221
1.18221
1.18221
1.18221
1.18221
1.18221
1.18221
1.18221
1.18221
1.18221
1.18221
1.18221
1.18221
1.18221
1.18221
1.18221
1.18221
1.18221
1.18221
1.18221
1.18221
1.18221
1.18221
1.18221
1.18221
1.18221
1.18221
1.18221
1.18221
1.18221
1.18221
1.18221
1.18221
1.18221
1.18221
1.18221
1.18221
1.18221
1.18221
1.18221
1.18221
1.18221
1.18221
1.18221
1.18221
1.18221
1.18221
1.18221
1.18221
1.18221
1.18221
1.18221
1.18221
1.18221
1.18221
1.18221
1.18221
1.18221
1.18221
1.18221
1.18221
1.18221
1.18221
1.18221
1.18221
1.18221
1.18221
1.18221
1.18221
1.18221
1.18221
1.18221
1.18221
1.18221
1.18221
1.18221
1.18221
1.18221
1.18221
1.18221
1.18221
1.18221
1.18221
1.18221
1.18221
1.18221
1.18221
1.18221
1.18221
1.18221
1.18221
1.18221
1.18221
1.18221
1.18221
1.18221
1.18221
1.18221
1.18221
1.18221
1.18221
1.18221
1.18221
1.18221
1.18221
1.18221
1.18221
1.18221
1.18221
1.18221
1.18221
1.18221
1.18221
1.18221
1.18221
1.18221
1.18221
1.18221
1.18221
1.18221
1.18221
1.18221
1.18221
1.18221
1.18221
1.18221
1.18221
1.18221
1.18221
1.18221
1.18221
1.18221
1.18221
1.18221
1.18221
1.18221
1.18221
1.18221
1.18221
1.18221
1.18221
1.18221
1.18221
1.18221
1.18221
1.18221
1.18221
1.18221
1.18221
1.18221
1.18221
1.18221
1.18221
1.18221
1.18221
1.18221
1.18221
1.18221
1.18221
1.18221
1.18221
1.18221
1.18221
1.18221
1.18221
1.18221
1.18221
1.18221
1.18221
1.18221
1.18221
1.18221
1.18221
1.18221
1.18221
1.18221
1.18221
1.18221
1.18221
1.18221
1.18221
1.18221
1.18221
1.18221
1.18221
1.18221
1.18221
1.18221
1.18221
1.18221
1.18221
1.18221
1.18221
1.18221
1.18221
1.18221
1.18221
1.18221
1.18221
1.18221
1.18221
1.18221
1.18221
1.18221
1.18221
1.18221
1.18221
1.18221
1.18221
1.18221
1.18221
1.18221
1.18221
1.18221
1.18221
1.18221
1.18221
1.18221
1.18221
1.18221
1.18221
1.18221
1.18221
1.18221
1.18221
1.18221
1.18221
1.18221
1.18221
1.18221
1.18221
1.18221
1.18221
1.18221
1.18221
1.18221
1.18221
1.18221
1.18221
1.18221
1.18221
1.18221
1.18221
1.18221
1.18221
1.18221
1.18221
1.18221
1.18221
1.18221
1.18221
1.18221
1.18221
1.18221
1.18221
1.18221
1.18221
1.18221
1.18221
1.18221
1.18221
1.18221
1.18221
1.18221
1.18221
1.18221
1.18221
1.18221
1.18221
1.18221
1.18221
1.18221
1.18221
1.18221
1.18221
1.18221
1.18221
1.18221
1.18221
1.18221
1.18221
1.18221
1.18221
1.18221
1.18221
1.18221
1.18221
1.18221
1.18221
1.18221
1.18221
1.18221
1.18221
1.18221
1.18221
1.18221
1.18221
1.18221
1.18221
1.18221
1.18221
1.18221
1.18221
1.18221
1.18221
1.18221
1.18221
1.18221
1.18221
1.18221
1.18221
1.18221
1.18221
1.18221
1.18221
1.18221
1.18221
1.18221
1.18221
1.18221
1.18221
1.18221
1.18221
1.18221
1.18221
1.18221
1.18221
1.18221
1.18221
1.18221
1.18221
1.18221
1.18221
1.18221
1.18221
1.18221
1.18221
1.18221
1.18221
1.18221
1.18221
1.18221
1.18221
1.18221
1.18221
1.18221
1.18221
1.18221
1.18221
1.18221
1.18221
1.18221
1.18221
1.18221
1.18221
1.18221
1.18221
1.18221
1.18221
1.18221
1.18221
1.18221
1.18221
1.18221
1.18221
1.18221
1.18221
1.18221
1.18221
1.18221
1.18221
1.18221
1.18221
1.18221
1.18221
1.18221
1.18221
1.18221
1.18221
1.18221
1.18221
1.18221
1.18221
1.18221
1.18221
1.18221
1.18221
1.18221
1.18221
1.18221
1.18221
1.18221
1.18221
1.18221
1.18221
1.18221
1.18221
1.18221
1.18221
1.18221
1.18221
1.18221
1.18221
1.18221
1.18221
1.18221
1.18221
1.18221
1.18221
1.18221
1.18221
1.18221
1.18221
1.18221
1.18221
1.18221
1.18221
1.18221
1.18221
1.18221
1.18221
1.18221
1.18221
1.18221
1.18221
1.18221
1.18221
1.18221
1.18221
1.18221
1.18221
1.18221
1.18221
1.18221
1.18221
1.18221
1.18221
1.18221
1.18221
1.18221
1.18221
1.18221
1.18221
1.18221
1.18221
1.18221
1.18221
1.18221
1.18221
1.18221
1.18221
1.18221
1.18221
1.18221
1.18221
1.18221
1.18221
1.18221
1.18221
1.18221
1.18221
1.18221
1.18221
1.18221
1.18221
1.18221
1.18221
1.18221
1.18221
1.18221
1.18221
1.18221
1.18221
1.18221
1.18221
1.18221
1.18221
1.18221
1.18221
1.18221
1.18221
1.18221
1.18221
1.18221
1.18221
1.18221
1.18221
1.18221
1.18221
1.18221
1.18221
1.18221
1.18221
1.18221
1.18221
1.18221
1.18221
1.18221
1.18221
1.18221
1.18221
1.18221
1.18221
1.18221
1.18221
1.18221
1.18221
1.18221
1.18221
1.18221
1.18221
1.18221
1.18221
1.18221
1.18221
1.18221
1.18221
1.18221
1.18221
1.18221
1.18221
1.18221
1.18221
1.18221
1.18221
1.18221
1.18221
1.18221
1.18221
1.18221
1.18221
1.18221
1.18221
1.18221
1.18221
1.18221
1.18221
1.18221
1.18221
1.18221
1.18221
1.18221
1.18221
1.18221
1.18221
1.18221
1.18221
1.18221
1.18221
1.18221
1.18221
1.18221
1.18221
1.18221
1.18221
1.18221
1.18221
1.18221
1.18221
1.18221
1.18221
1.18221
1.18221
1.18221
1.18221
1.18221
1.18221
1.18221
1.18221
1.18221
1.18221
1.18221
1.18221
1.18221
1.18221
1.18221
1.18221
1.18221
1.18221
1.18221
1.18221
1.18221
1.18221
1.18221
