1.21847
1.21847
1.21821
1.21365
1.21365
1.21365
1.21076
1.21076
1.21076
1.21076
1.20876
1.20876
1.20615
1.20594
1.20482
1.20482
1.20482
1.20482
1.20482
1.20482
1.20415
1.20415
1.20195
1.20195
1.20063
1.20063
1.20063
1.19884
1.19884
1.19884
1.19884
1.19884
1.19842
1.19774
1.19774
1.19774
1.19774
1.19774
1.19595
1.19364
1.19364
1.19269
1.19269
1.19227
1.19143
1.18896
1.18854
1.18854
1.18854
1.18854
1.18854
1.18759
1.18759
1.18759
1.18759
1.18759
1.18759
1.18759
1.18721
1.18721
1.18721
1.18721
1.18721
1.18721
1.18721
1.18721
1.18721
1.18721
1.18721
1.18721
1.18721
1.18607
1.18607
1.18607
1.18569
1.18569
1.18569
1.18569
1.18569
1.18534
1.18534
1.18534
1.18502
1.18502
1.18502
1.18502
1.18502
1.18502
1.18502
1.18502
1.18502
1.18124
1.18124
1.18089
1.18089
1.18078
1.18078
1.18078
1.18078
1.18078
1.18078
1.18078
1.18078
1.18078
1.18078
1.18078
1.18078
1.17689
1.17689
1.17689
1.17689
1.17689
1.17689
1.17594
1.17594
1.17594
1.17594
1.17224
1.17224
1.17224
1.17224
1.17176
1.17176
1.17117
1.17068
1.17068
1.17068
1.17068
1.17068
1.16985
1.16985
1.16604
1.16604
1.16604
1.16604
1.16604
1.16561
1.16561
1.16561
1.16509
1.16509
1.16509
1.15878
1.15878
1.15878
1.15878
1.15878
1.15878
1.15826
1.15826
1.15826
1.15783
1.15783
1.15783
1.15783
1.15783
1.15783
1.15783
1.15783
1.15783
1.15783
1.15783
1.15783
1.15783
1.15339
1.15339
1.15297
1.15288
1.15288
1.15288
1.15288
1.15288
1.15288
1.1522
1.1522
1.15177
1.15177
1.15177
1.15177
1.15177
1.15177
1.15177
1.14959
1.14848
1.14848
1.14806
1.14806
1.14806
1.14806
1.14806
1.14806
1.14806
1.14806
1.14806
1.14806
1.14806
1.14806
1.14806
1.14806
1.14806
1.14806
1.14806
1.14806
1.14806
1.14806
1.14806
1.14806
1.14806
1.14806
1.14806
1.14806
1.14806
1.14806
1.14806
1.14806
1.14806
1.14806
1.14806
1.14806
1.14806
1.14806
1.14806
1.14806
1.14806
1.14806
1.14806
1.14806
1.14806
1.14806
1.14806
1.14806
1.14806
1.14806
1.14806
1.14806
1.14806
1.14806
1.14806
1.14806
1.14806
1.14806
1.14806
1.14806
1.14806
1.14806
1.14806
1.14806
1.14806
1.14806
1.14806
1.14806
1.14806
1.14806
1.14806
1.14806
1.14806
1.14806
1.14806
1.14806
1.14803
1.14803
1.14686
1.14686
1.14686
1.14686
1.14686
1.14686
1.14686
1.14655
1.14655
1.14264
1.14264
1.14264
1.14264
1.14264
1.14264
1.14264
1.14233
1.14233
1.14233
1.14233
1.14233
1.13763
1.13763
1.1334
1.1334
1.1334
1.1334
1.1334
1.1334
1.1334
1.1334
1.1334
1.1334
1.1334
1.1334
1.1334
1.1334
1.1334
1.1334
1.1334
1.1334
1.1334
1.1334
1.1334
1.1334
1.1334
1.1334
1.12968
1.12968
1.12968
1.12968
1.12968
1.12968
1.12968
1.12968
1.12968
1.12968
1.12968
1.12968
1.12891
1.12891
1.12891
1.12891
1.12891
1.12891
1.12891
1.12886
1.12743
1.12734
1.12734
1.12734
1.12734
1.12734
1.12734
1.12734
1.12734
1.12594
1.12594
1.12437
1.12437
1.12437
1.12159
1.12159
1.12159
1.12159
1.12159
1.12159
1.12159
1.12159
1.12159
1.12159
1.12159
1.12159
1.12159
1.12159
1.12159
1.12159
1.12159
1.12159
1.12159
1.12159
1.12159
1.12052
1.12052
1.12052
1.12052
1.12052
1.12052
1.12052
1.12052
1.12052
1.11982
1.11982
1.11982
1.11982
1.11982
1.11982
1.11982
1.11982
1.11982
1.11982
1.11982
1.11982
1.11982
1.11982
1.11982
1.11982
1.11982
1.11737
1.11737
1.11737
1.11737
1.11721
1.11721
1.11721
1.11721
1.11721
1.11721
1.11721
1.11721
1.11721
1.11721
1.11721
1.11721
1.11721
1.11721
1.11721
1.11721
1.11543
1.11543
1.11543
1.11543
1.11349
1.11349
1.11349
1.11349
1.11349
1.11202
1.11202
1.11202
1.11193
1.10821
1.10821
1.10821
1.10821
1.10821
1.10821
1.10821
1.10821
1.10821
1.10821
1.10821
1.10821
1.10821
1.10821
1.10821
1.10821
1.10821
1.10821
1.10821
1.10821
1.10821
1.10821
1.10821
1.10821
1.10821
1.10821
1.10821
1.10821
1.10821
1.10821
1.10821
1.10821
1.10821
1.10821
1.10821
1.10821
1.10821
1.10821
1.10821
1.10821
1.10821
1.10821
1.10821
1.10821
1.10821
1.10821
1.10821
1.10821
1.10821
1.10821
1.10821
1.10821
1.10821
1.10821
1.10821
1.10821
1.10821
1.10821
1.10821
1.10821
1.10821
1.10821
1.10821
1.10821
1.10821
1.10821
1.10821
1.10821
1.10821
1.10821
1.10821
1.10821
1.10821
1.10821
1.10821
1.10821
1.10821
1.10821
1.10821
1.10821
1.10821
1.10821
1.10821
1.10821
1.10821
1.10821
1.10821
1.10821
1.10821
1.10821
1.10821
1.10821
1.10821
1.10821
1.10821
1.10821
1.10821
1.10821
1.10821
1.10821
1.10821
1.10821
1.10821
1.10821
1.10821
1.10821
1.10821
1.10821
1.10821
1.10821
1.10821
1.10821
1.10821
1.10821
1.10821
1.10821
1.10821
1.10821
1.10821
1.10821
1.10821
1.10821
1.10821
1.10821
1.10821
1.10821
1.10821
1.10821
1.10821
1.10821
1.10821
1.10821
1.10821
1.10821
1.10821
1.10821
1.10821
1.10821
1.10821
1.10821
1.10821
1.10821
1.10821
1.10821
1.10821
1.10821
1.10821
1.10821
1.10821
1.10821
1.10821
1.10821
1.10821
1.10821
1.10821
1.10821
1.10821
1.10821
1.10821
1.10821
1.10821
1.10821
1.10821
1.10821
1.10821
1.10821
1.10821
1.10821
1.10821
1.10821
1.10821
1.10821
1.10821
1.10821
1.10821
1.10821
1.10821
1.10821
1.10821
1.10821
1.10821
1.10821
1.10821
1.10821
1.10821
1.10821
1.10821
1.10821
1.10821
1.10821
1.10821
1.10821
1.10821
1.10821
1.10821
1.10821
1.10821
1.10821
1.10821
1.10821
1.10821
1.10821
1.10821
1.10821
1.10821
1.10821
1.10821
1.10821
1.10821
1.10821
1.10821
1.10821
1.10821
1.10821
1.10821
1.10821
1.10821
1.10821
1.10821
1.10821
1.10821
1.10821
1.10821
1.10821
1.10821
1.10821
1.10821
1.10821
1.10821
1.10821
1.10821
1.10821
1.10821
1.10821
1.10821
1.10821
1.10821
1.10821
1.10821
1.10821
1.10821
1.10821
1.10821
1.10821
1.10821
1.10821
1.10821
1.10821
1.10821
1.10821
1.10821
1.10821
1.10821
1.10821
1.10821
1.10821
1.10821
1.10821
1.10821
1.10821
1.10821
1.10821
1.10821
1.10821
1.10821
1.10821
1.10821
1.10198
1.10198
1.10198
1.10198
1.10189
1.10189
1.10189
1.10189
1.10189
1.10189
1.10189
1.10189
1.10189
1.10143
1.10143
1.10143
1.10143
1.10134
1.10134
1.10134
1.10134
1.10134
1.10134
1.10134
1.10134
1.10134
1.10134
1.10134
1.10134
1.10134
1.10134
1.10134
1.10134
1.10134
1.10134
1.10134
1.10134
1.10134
1.10134
1.10134
1.10134
1.10134
1.10134
1.10134
1.10134
1.10134
1.10134
1.10134
1.10134
1.10134
1.10134
1.10134
1.09451
1.09451
1.09451
1.09451
1.09451
1.09451
1.09451
1.09451
1.09451
1.09451
1.09451
1.09451
1.09442
1.09442
1.09442
1.09442
1.09442
1.09442
1.09442
1.09442
1.09442
1.09442
1.09442
1.09442
1.09279
1.09279
1.0927
1.0927
1.0927
1.0927
1.0927
1.0927
1.0927
1.0927
1.0927
1.0927
1.0927
1.0927
1.0927
1.0927
1.0927
1.0927
1.0927
1.0927
1.0927
1.0927
1.0927
1.0927
1.0927
1.0927
1.0927
1.0927
1.0927
1.0927
1.0927
1.0927
1.0927
1.0927
1.0927
1.0927
1.0927
1.0927
1.0927
1.0927
1.0927
1.0927
1.0927
1.0927
1.0927
1.0927
1.0927
1.0927
1.0927
1.0927
1.0927
1.0927
1.0927
1.0927
1.0927
1.0927
1.0927
1.0927
1.0927
1.0927
1.0927
1.0927
1.0927
1.0927
1.0927
1.0927
1.0927
1.0927
1.0927
1.0927
1.0927
1.0927
1.0927
1.0927
1.0927
1.0927
1.0927
1.0927
1.0927
1.0927
1.0927
1.0927
1.0927
1.0927
1.0927
1.0927
1.0927
1.0927
1.0927
1.0927
1.0927
1.0927
1.0927
1.0927
1.0927
1.0927
1.0927
1.0927
1.0927
1.0927
1.0927
1.0927
1.0927
1.0927
1.0927
1.0927
1.0927
1.0927
1.0927
1.0927
1.0927
1.0927
1.0927
1.0927
1.0927
1.0927
1.0927
1.0927
1.0927
1.0927
1.0927
1.0927
1.0927
1.0927
1.0927
1.0927
1.0927
1.0927
1.0927
1.0927
1.0927
1.0927
1.0927
1.0927
1.0927
1.0927
1.0927
1.0927
1.0927
1.0927
1.0927
1.0927
1.0927
1.0927
1.0927
1.0927
1.0927
1.0927
1.0927
1.0927
1.0927
1.0927
1.0927
1.0927
1.0927
1.0927
1.0927
1.0927
1.0927
1.0927
1.0927
1.0927
1.0927
1.0927
1.0927
1.0927
1.0927
1.0927
1.0927
1.0927
1.0927
1.0927
1.0927
1.0927
1.0927
1.0927
1.0927
1.0927
1.0927
1.0927
1.0927
1.0927
1.0927
1.0927
1.0927
1.0927
1.0927
1.0927
1.0927
1.0927
1.0927
1.0927
1.0927
1.08903
1.08903
1.08903
1.08903
1.08903
1.08903
1.08903
1.08903
1.08903
1.08903
1.08903
1.08903
1.08903
1.08903
1.08903
1.08903
1.08903
1.08903
1.08903
1.08903
1.08903
1.08903
1.08903
1.08903
1.08903
1.08903
1.08903
1.08903
1.08903
1.08903
1.08903
1.08903
1.08903
1.08903
1.08903
1.08903
1.08903
1.08903
1.08903
1.08903
1.08903
1.08903
1.08903
1.08903
1.08903
1.08903
1.08903
1.08903
1.08903
1.08903
1.08903
1.08903
1.08903
1.08903
1.08903
1.08903
1.08903
1.08903
1.08903
1.08903
1.08903
1.08903
1.08903
1.08903
1.08903
1.08903
1.08903
1.08903
1.08903
1.08903
1.08903
1.08903
1.08903
1.08903
1.08903
1.08903
1.08903
1.08903
1.08903
1.08903
1.08903
1.08903
1.08903
1.08903
1.08903
1.08903
1.08903
1.08903
1.08903
1.08903
1.08903
1.08903
1.08903
1.08903
1.08903
1.08903
1.08903
1.08903
1.08903
1.08903
1.08903
1.08903
1.08903
1.08903
1.08903
1.08903
1.08903
1.08903
1.08903
1.08903
1.08903
1.08903
1.08903
1.08903
1.08903
1.08903
1.08903
1.08903
1.08903
1.08903
1.08903
1.08903
1.08903
1.08903
1.08903
1.08903
1.08903
1.08903
1.08903
1.08903
1.08903
1.08903
1.08903
1.08903
1.08903
1.08903
1.08903
1.08903
1.08903
1.08903
1.08903
1.08903
1.08903
1.08903
1.08903
1.08903
1.08903
1.08903
1.08903
1.08903
1.08903
1.08903
1.08903
1.08903
1.08903
1.08903
1.08903
1.08903
1.08903
1.08903
1.08903
1.08903
1.08903
1.08903
1.08903
1.08903
1.08903
1.08903
1.08903
1.08903
1.08903
1.08903
1.08903
1.08903
1.08903
1.08903
1.08903
1.08903
1.08903
1.08903
1.08903
1.08903
1.08903
1.08903
1.08903
1.08903
1.08903
1.08903
1.08903
1.08903
1.08903
1.08903
1.08903
1.08903
1.08903
1.08903
1.08903
1.08903
1.08903
1.08903
1.08903
1.08903
1.08903
1.08903
1.08903
1.08903
1.08903
1.08903
1.08903
1.08903
1.08903
1.08903
1.08903
1.08903
1.08903
1.08903
1.08903
1.08903
1.08903
1.08903
1.08903
1.08903
1.08903
1.08903
1.08903
1.08903
1.08903
1.08903
1.08903
1.08903
1.08903
1.08903
1.08903
1.08903
1.08903
1.08903
1.08903
1.08903
1.08903
1.08903
1.08903
1.08903
1.08903
1.08903
1.08903
1.08903
1.08903
1.08903
1.08903
1.08903
1.08903
1.08903
1.08903
1.08903
1.08903
1.08903
1.08903
1.08903
1.08903
1.08903
1.08903
1.08903
1.08903
1.08903
1.08903
1.08903
1.08903
1.08903
1.08903
1.08903
1.08903
1.08903
1.08903
1.08903
1.08903
1.08903
1.08903
1.08903
1.08903
1.08903
1.08903
1.08903
1.08903
1.08903
1.08903
1.08903
1.08903
1.08903
1.08903
1.08903
1.08903
1.08903
1.08903
1.08903
1.08903
1.08903
1.08903
1.08903
1.08903
1.08903
1.08903
1.08903
1.08903
1.08903
1.08903
1.08903
1.08903
1.08903
1.08903
1.08903
1.08903
1.08903
1.08903
1.08903
1.08903
1.08903
1.08903
1.08903
1.08903
1.08903
1.08903
1.08903
1.08903
1.08903
1.08903
1.08903
1.08903
1.08903
1.08903
1.08903
1.08903
1.08903
1.08903
1.08903
1.08903
1.08903
1.08903
1.08903
1.08903
1.08903
1.08903
1.08903
1.08903
1.08903
1.08903
1.08903
1.08903
1.08903
1.08903
1.08903
1.08903
1.08903
1.08903
1.08903
1.08903
1.08903
1.08903
1.08903
1.08903
1.08903
1.08903
1.08903
1.08903
1.08903
1.08903
1.08903
1.08903
1.08903
1.08903
1.08903
1.08903
1.08903
1.08903
1.08903
1.08903
1.08903
1.08903
1.08903
1.08903
1.08903
1.08903
1.08903
1.08903
1.08903
1.08903
1.08903
1.08903
1.08903
1.08903
1.08903
1.08903
1.08903
1.08903
1.08903
1.08903
1.08903
1.08903
1.08903
1.08903
1.08903
1.08903
1.08903
1.08903
1.08903
1.08903
1.08903
1.08903
1.08903
1.08903
1.08903
1.08903
1.08903
1.08903
1.08903
1.08903
1.08903
1.08903
1.08903
1.08903
1.08903
1.08903
1.08903
1.08903
1.08903
1.08903
1.08903
1.08903
1.08903
1.08903
1.08903
1.08903
1.08903
1.08903
1.08903
1.08903
1.08903
1.08903
1.08903
1.08903
1.08903
1.08903
1.08903
1.08903
1.08903
1.08903
1.08903
1.08903
1.08903
1.08903
1.08903
1.08903
1.08903
1.08903
1.08903
1.08903
1.08903
1.08903
1.08903
1.08903
1.08903
1.08903
1.08903
1.08903
1.08903
1.08903
1.08903
1.08903
1.08903
1.08903
1.08903
1.08903
1.08903
1.08903
1.08903
1.08903
1.08903
1.08903
1.08903
1.08903
1.08903
1.08903
1.08903
1.08903
1.08903
1.08903
1.08903
1.08903
1.08903
1.08903
1.08903
1.08903
1.08903
1.08903
1.08903
1.08903
1.08903
1.08903
1.08903
1.08903
1.08903
1.08903
1.08903
1.08903
1.08903
1.08903
1.08903
1.08903
1.08903
1.08903
1.08903
1.08903
1.08903
1.08903
1.08903
1.08903
1.08903
1.08903
1.08903
1.08903
1.08903
1.08903
1.08903
1.08903
1.08903
1.08903
1.08903
1.08903
1.08903
1.08903
1.08903
1.08903
1.08903
1.08903
1.08903
1.08903
1.08903
1.08903
1.08903
1.08903
1.08903
1.08903
1.08903
1.08903
1.08903
1.08903
1.08903
1.08903
1.08903
1.08903
1.08903
1.08903
1.08903
1.08903
1.08903
1.08903
1.08903
1.08903
1.08903
1.08903
1.08903
1.08903
1.08903
1.08903
1.08903
1.08903
1.08903
1.08903
1.08903
1.08903
1.08903
1.08903
1.08903
1.08903
1.08903
1.08903
1.08903
1.08903
1.08903
1.08903
1.08903
1.08903
1.08903
1.08903
1.08903
1.08903
1.08903
1.08903
1.08903
1.08903
1.08903
1.08903
1.08903
1.08903
1.08903
1.08903
1.08903
1.08903
1.08903
1.08903
1.08903
1.08903
1.08903
1.08903
1.08903
1.08903
1.08903
1.08903
1.08903
1.08903
1.08903
1.08903
1.08903
1.08903
1.08903
1.08903
1.08903
1.08903
1.08903
1.08903
1.08903
1.08903
1.08903
1.08903
1.08903
1.08903
1.08903
1.08903
1.08903
1.08903
1.08903
1.08903
1.08903
1.08903
1.08903
1.08903
1.08903
1.08903
1.08903
1.08903
1.08903
1.08903
1.08903
1.08903
1.08903
1.08903
1.08903
1.08903
1.08903
1.08903
1.08903
1.08903
1.08903
1.08903
1.08903
1.08903
1.08903
1.08903
1.08903
1.08903
1.08903
1.08903
1.08903
1.08903
1.08903
1.08903
1.08903
1.08903
1.08903
1.08903
1.08903
1.08903
1.08903
1.08903
1.08903
1.08903
1.08903
1.08903
1.08903
1.08903
1.08903
1.08903
1.08903
1.08903
1.08903
1.08903
1.08903
1.08903
1.08903
1.08903
1.08903
1.08903
1.08903
1.08903
1.08903
1.08903
1.08903
1.08903
1.08903
1.08903
1.08903
1.08903
1.08903
1.08903
1.08903
1.08903
1.08903
1.08903
1.08903
1.08903
1.08903
1.08903
1.08903
1.08903
1.08903
1.08903
1.08903
1.08903
1.08903
1.08903
1.08903
1.08903
1.08903
1.08903
1.08903
1.08903
1.08903
1.08903
1.08903
1.08903
1.08903
1.08903
1.08903
1.08903
1.08903
1.08903
1.08903
1.08903
1.08903
1.08903
1.08903
1.08903
1.08903
1.08903
1.08903
1.08903
1.08903
1.08903
1.08903
1.08903
1.08903
1.08903
1.08903
1.08903
1.08903
1.08903
1.08903
1.08903
1.08903
1.08903
1.08903
1.08903
1.08903
1.08903
1.08903
1.08903
1.08903
1.08903
1.08903
1.08903
1.08903
1.08903
1.08903
1.08903
1.08903
1.08903
1.08903
1.08903
1.08903
1.08903
1.08903
1.08903
1.08903
1.08903
1.08903
1.08903
1.08903
1.08903
1.08903
1.08903
1.08903
1.08903
1.08903
1.08903
1.08903
1.08903
1.08903
1.08903
1.08903
1.08903
1.08903
1.08903
1.08903
1.08903
1.08903
1.08903
1.08903
1.08903
1.08903
1.08903
1.08903
1.08903
1.08903
1.08903
1.08903
1.08903
1.08903
1.08903
1.08903
1.08903
1.08903
1.08903
1.08903
1.08903
1.08903
1.08903
1.08903
1.08903
1.08903
1.08903
1.08903
1.08903
1.08903
1.08903
1.08903
1.08903
1.08903
1.08903
1.08903
1.08903
1.08903
1.08903
1.08903
1.08903
1.08903
1.08903
1.08903
1.08903
1.08903
1.08903
1.08903
1.08903
1.08903
1.08903
1.08903
1.08903
1.08903
1.08903
1.08903
1.08903
1.08903
1.08903
1.08903
1.08903
1.08903
1.08903
1.08903
1.08903
1.08903
1.08903
1.08903
1.08903
1.08903
1.08903
1.08903
1.08903
1.08903
1.08903
1.08903
1.08903
1.08903
1.08903
1.08903
1.08903
1.08903
1.08903
1.08903
1.08903
1.08903
1.08903
1.08903
1.08903
1.08903
1.08903
1.08903
1.08903
1.08903
1.08903
1.08903
1.08903
1.08903
1.08903
1.08903
1.08903
1.08903
1.08903
1.08903
1.08903
1.08903
1.08903
1.08903
1.08903
1.08903
1.08903
1.08903
1.08903
1.08903
1.08903
1.08903
1.08903
1.08903
1.08903
1.08903
1.08903
1.08903
1.08903
1.08903
1.08903
1.08903
1.08903
1.08903
1.08903
1.08903
1.08903
1.08903
1.08903
1.08903
1.08903
1.08903
1.08903
1.08903
1.08903
1.08903
1.08903
1.08903
1.08903
1.08903
1.08903
1.08903
1.08903
1.08903
1.08903
1.08903
1.08903
1.08903
1.08903
1.08903
1.08903
1.08903
1.08903
1.08903
1.08903
1.08903
1.08903
1.08903
1.08903
1.08903
1.08903
1.08903
1.08903
1.08903
1.08903
1.08903
1.08903
1.08903
1.08903
1.08903
1.08903
1.08903
1.08903
1.08903
1.08903
1.08903
1.08903
1.08903
1.08903
1.08903
1.08903
1.08903
1.08903
1.08903
1.08903
1.08903
1.08903
1.08903
1.08903
1.08903
1.08903
1.08903
1.08903
1.08903
1.08903
1.08903
1.08903
1.08903
1.08903
1.08903
1.08903
1.08903
1.08903
1.08903
1.08903
1.08903
1.08903
1.08903
1.08903
1.08903
1.08903
1.08903
1.08903
1.08903
1.08903
1.08903
1.08903
1.08903
1.08903
1.08903
1.08903
1.08903
1.08903
1.08903
1.08903
1.08903
1.08903
1.08903
1.08903
1.08903
1.08903
1.08903
1.08903
1.08903
1.08903
1.08903
1.08903
1.08903
1.08903
1.08903
1.08903
1.08903
1.08903
1.08903
1.08903
1.08903
1.08903
1.08903
1.08903
1.08903
1.08903
1.08903
1.08903
1.08903
1.08903
1.08903
1.08903
1.08903
1.08903
1.08903
1.08903
1.08903
1.08903
1.08903
1.08903
1.08903
1.08903
1.08903
1.08903
1.08903
1.08903
1.08903
1.08903
1.08903
1.08903
1.08903
1.08903
1.08903
1.08903
1.08903
1.08903
1.08903
