
/*---------------------------贪心算法思想下解的说明------------------------------*/

算法思想：以当前所在的点为参考选择离自己最近的点作为下一站，走过的点不在经过


贪心思想只能求得每一步只能求得局部最短路径，因此最终结果是近似最优解

贪心算法求解的最短路程的长度为：120778
实际的最短路径为：96772
此算法和最优解的近似度为:1.24807
time = 0.007s
/*---------------------------贪心算法思想下解的说明------------------------------*/



/*---------------------------遗传算法2思想下解的说明------------------------------*/

算法思想：随机生成一个路线序列，路线路径长度短的会更可能遗传下去，所以经过多次代际迭代，最终的结果会趋近于最优解


代际更迭次数越多，越接近最优解。这种算法最终结果是近似最优解

遗传算法求解的最短路程的长度为：105387
实际的最短路径为：96772
此算法和最优解的近似度为:1.08903
time = 192.665s
这个算法迭代终止条件是前后 1088 代最优个体一样
这个算法中共计迭代 2046次
其中每一代个体数为 272   交叉遗传的概率为 0.8   变异的概率为 0.1

迭代过程中 交叉遗传次数为224143  其中变异次数为66213

以下是迭代过程中每一代中最好的个体所对应的路先长度变化（每20代输出一次）

116593 115511 114888 114708 114267 113440 112748 112046 111459 111100 111100 111100 111097 110546 109681 109322 108808 108539 108367 108115 
107612 107244 107244 107244 107244 107244 107244 107244 107244 107244 107244 107244 107244 107244 106632 106579 106579 105910 105743 105743 
105743 105743 105743 105743 105743 105743 105743 105387 105387 105387 105387 105387 105387 105387 105387 105387 105387 105387 105387 105387 
105387 105387 105387 105387 105387 105387 105387 105387 105387 105387 105387 105387 105387 105387 105387 105387 105387 105387 105387 105387 
105387 105387 105387 105387 105387 105387 105387 105387 105387 105387 105387 105387 105387 105387 105387 105387 105387 105387 105387 105387 
105387 105387 
/*---------------------------遗传算法2思想下解的说明------------------------------*/


