4.74173
4.62618
4.62618
4.50123
4.4293
4.31843
4.26972
4.06872
3.87037
3.70177
3.50996
3.50996
3.49096
3.43389
3.40228
3.40039
3.3182
3.27635
3.2731
3.14092
3.14092
3.14092
3.10696
3.08032
3.08032
2.96598
2.96598
2.96598
2.91684
2.86861
2.86861
2.86513
2.79523
2.77714
2.77714
2.77714
2.72539
2.72539
2.72539
2.68011
2.63458
2.63458
2.62038
2.62038
2.62038
2.62038
2.59881
2.53271
2.53271
2.53271
2.53271
2.4516
2.44897
2.44897
2.44897
2.4051
2.3688
2.3688
2.35711
2.33448
2.33409
2.31169
2.30387
2.30387
2.29794
2.26414
2.26259
2.24284
2.24284
2.24217
2.24217
2.22136
2.22136
2.21839
2.20064
2.20064
2.19938
2.1914
2.15872
2.15872
2.12446
2.12446
2.12105
2.09752
2.09752
2.09752
2.07312
2.07312
2.05026
2.05026
2.0356
2.0356
1.98798
1.98798
1.98798
1.98798
1.97564
1.97564
1.95268
1.92762
1.91612
1.89232
1.89232
1.89232
1.8824
1.8555
1.8555
1.8555
1.8555
1.84345
1.84142
1.83493
1.81063
1.81063
1.81063
1.81063
1.81063
1.79961
1.79142
1.7868
1.78545
1.77579
1.76754
1.75213
1.75213
1.75005
1.75005
1.74749
1.742
1.742
1.742
1.742
1.742
1.72778
1.72778
1.72522
1.72522
1.71848
1.7115
1.7115
1.7115
1.7115
1.66289
1.66289
1.66289
1.66289
1.66289
1.66289
1.66289
1.66289
1.66034
1.64896
1.64605
1.64605
1.64605
1.62278
1.62278
1.60498
1.60498
1.58845
1.58845
1.58845
1.5859
1.57861
1.57712
1.56527
1.56527
1.56527
1.56511
1.56272
1.56272
1.56272
1.56171
1.56119
1.54432
1.54432
1.54432
1.52706
1.52706
1.52327
1.52327
1.52327
1.50976
1.50976
1.50976
1.50128
1.50128
1.49803
1.49782
1.49782
1.49782
1.49782
1.49722
1.48595
1.48595
1.48595
1.48595
1.48068
1.48068
1.48068
1.48068
1.47996
1.47996
1.47996
1.47996
1.47996
1.47805
1.47805
1.47805
1.47733
1.47733
1.47733
1.47733
1.47733
1.47733
1.47733
1.47242
1.47242
1.45651
1.45651
1.45528
1.45528
1.45528
1.45528
1.45182
1.45182
1.45182
1.44788
1.44788
1.44526
1.44526
1.44526
1.44526
1.44526
1.44526
1.44526
1.43782
1.43782
1.43782
1.43782
1.43588
1.42566
1.42566
1.41501
1.41501
1.38308
1.38308
1.37349
1.37349
1.37349
1.3629
1.3629
1.3629
1.36252
1.35783
1.35524
1.35524
1.35524
1.35524
1.3552
1.3552
1.3552
1.34988
1.34988
1.34984
1.34984
1.34984
1.34984
1.34984
1.34984
1.34984
1.34984
1.34984
1.34984
1.34984
1.34984
1.34984
1.34984
1.34984
1.34984
1.34984
1.34984
1.34984
1.34761
1.34761
1.34761
1.34757
1.33818
1.33506
1.33287
1.33287
1.32259
1.32259
1.32259
1.32259
1.32032
1.32032
1.32032
1.32032
1.32032
1.32032
1.3192
1.3192
1.3192
1.3192
1.3192
1.3192
1.3192
1.3192
1.3192
1.3192
1.3192
1.3192
1.3192
1.3192
1.3192
1.3192
1.3192
1.3192
1.3192
1.3192
1.3192
1.3192
1.3192
1.3192
1.3192
1.3192
1.3192
1.3192
1.3192
1.3192
1.3192
1.3192
1.3192
1.3192
1.3192
1.30738
1.30738
1.30738
1.30738
1.30738
1.30738
1.30738
1.30738
1.30738
1.30738
1.30738
1.30321
1.30321
1.30321
1.30321
1.30321
1.30321
1.30321
1.30321
1.30321
1.30321
1.3009
1.3009
1.3009
1.3009
1.3009
1.3009
1.3009
1.3009
1.3009
1.3009
1.3009
1.3009
1.3009
1.3009
1.3009
1.3009
1.3009
1.3009
1.3009
1.3009
1.3009
1.3009
1.3009
1.3009
1.3009
1.3009
1.3009
1.3009
1.3009
1.3009
1.3009
1.3009
1.3009
1.3009
1.3009
1.3009
1.3009
1.3009
1.3009
1.3009
1.3009
1.3009
1.3009
1.3009
1.3009
1.3009
1.3009
1.3009
1.3009
1.3009
1.3009
1.3009
1.3009
1.3009
1.3009
1.3009
1.3009
1.3009
1.3009
1.3009
1.3009
1.3009
1.3009
1.3009
1.3009
1.3009
1.3009
1.3009
1.3009
1.3009
1.29504
1.29504
1.29504
1.29504
1.29504
1.29504
1.29504
1.29504
1.29171
1.29171
1.29171
1.29171
1.29171
1.29171
1.29171
1.29171
1.29171
1.29171
1.29171
1.29171
1.29171
1.29171
1.29171
1.29171
1.29171
1.29171
1.29171
1.29171
1.29171
1.29089
1.29089
1.29089
1.29089
1.29089
1.29089
1.29089
1.29089
1.29089
1.29089
1.29089
1.29089
1.29089
1.28967
1.28967
1.28967
1.28967
1.28967
1.28967
1.28967
1.28967
1.28967
1.28967
1.28967
1.28967
1.28967
1.28967
1.28967
1.28967
1.28967
1.28967
1.28967
1.28967
1.28967
1.28967
1.28967
1.28967
1.28967
1.28919
1.28919
1.28919
1.28919
1.28919
1.28919
1.28919
1.28919
1.28627
1.28627
1.28627
1.28627
1.28627
1.28627
1.28627
1.28627
1.28508
1.28508
1.28508
1.28508
1.28508
1.28508
1.28508
1.28066
1.28066
1.28066
1.28066
1.28066
1.27968
1.27968
1.27968
1.27731
1.27731
1.27731
1.27731
1.27731
1.27731
1.27731
1.27731
1.27731
1.27731
1.27731
1.27731
1.27731
1.27731
1.27731
1.27731
1.27731
1.27731
1.27731
1.27731
1.27731
1.27731
1.27731
1.27731
1.27731
1.27731
1.27731
1.27731
1.27731
1.27731
1.27731
1.27731
1.27731
1.27731
1.27731
1.27731
1.27731
1.27731
1.27731
1.27731
1.27731
1.27731
1.27731
1.27731
1.27731
1.27731
1.27731
1.27731
1.27731
1.27731
1.27731
1.27731
1.27731
1.27731
1.27731
1.27731
1.27731
1.27731
1.27731
1.27731
1.27731
1.27731
1.27731
1.27731
1.27731
1.27731
1.27731
1.27731
1.27731
1.27731
1.27731
1.27731
1.27731
1.27731
1.27731
1.27731
1.27731
1.27731
1.27731
1.27731
1.27731
1.27731
1.27731
1.27731
1.27731
1.27227
1.27227
1.27227
1.27204
1.27204
1.27204
1.27204
1.27204
1.27204
1.27015
1.27015
1.27015
1.27015
1.27015
1.27015
1.27015
1.27015
1.27015
1.27015
1.27015
1.27015
1.27015
1.27015
1.27015
1.27015
1.27015
1.27015
1.27015
1.27015
1.27015
1.27015
1.27015
1.27015
1.27015
1.27015
1.27015
1.27015
1.27015
1.27015
1.27015
1.27015
1.27015
1.27015
1.27015
1.26368
1.26368
1.26368
1.26368
1.26368
1.26368
1.26368
1.26368
1.26368
1.26368
1.26368
1.26368
1.26368
1.26368
1.26368
1.26368
1.26368
1.26368
1.26368
1.26368
1.26368
1.26368
1.26368
1.26368
1.26368
1.26368
1.26368
1.26368
1.26368
1.26368
1.26368
1.26368
1.26368
1.26368
1.26368
1.26368
1.26368
1.26368
1.26368
1.26368
1.26368
1.26368
1.26368
1.26368
1.26368
1.26368
1.26368
1.26368
1.26368
1.26368
1.26368
1.26368
1.26368
1.26368
1.26368
1.26368
1.26368
1.26368
1.26368
1.26368
1.26368
1.26368
1.26368
1.26368
1.26368
1.26368
1.26368
1.26368
1.26368
1.26368
1.26368
1.26368
1.26194
1.26194
1.26194
1.26194
1.26194
1.26194
1.26194
1.26194
1.26194
1.26068
1.26068
1.26068
1.26068
1.26068
1.26068
1.26068
1.26068
1.26068
1.26068
1.26068
1.26068
1.26068
1.25941
1.25941
1.25941
1.25941
1.25941
1.25941
1.25941
1.25941
1.25941
1.25941
1.25941
1.25941
1.25941
1.25941
1.25941
1.25941
1.25941
1.25941
1.25941
1.25941
1.25941
1.25941
1.25941
1.25941
1.25941
1.25941
1.25941
1.25941
1.25941
1.25941
1.25941
1.25941
1.25941
1.25941
1.25941
1.25941
1.25941
1.25941
1.25941
1.25941
1.25941
1.25941
1.25941
1.25941
1.25941
1.25593
1.25593
1.25593
1.25593
1.25593
1.25593
1.25593
1.25593
1.25543
1.25473
1.25271
1.25151
1.25133
1.2481
1.2481
1.2481
1.2481
1.24262
1.24262
1.24262
1.24262
1.24262
1.24262
1.24262
1.24111
1.24111
1.24111
1.2331
1.2331
1.2331
1.22978
1.22978
1.22978
1.22978
1.22674
1.22646
1.22646
1.22266
1.22266
1.21916
1.21311
1.20634
1.20634
1.20634
1.20634
1.20634
1.20634
1.20634
1.20634
1.20634
1.20634
1.20634
1.20634
1.20634
1.20634
1.20634
1.20634
1.20634
1.20634
1.20634
1.20634
1.20634
1.20634
1.20634
1.20634
1.20634
1.20634
1.20634
1.20634
1.20634
1.20634
1.20634
1.20634
1.20634
1.20634
1.20634
1.20634
1.20634
1.20634
1.20634
1.20634
1.20634
1.20634
1.20634
1.20634
1.20634
1.20634
1.20634
1.20634
1.20634
1.20634
1.20634
1.20634
1.20634
1.20634
1.20634
1.20634
1.20634
1.20634
1.20634
1.20634
1.20634
1.20634
1.20634
1.20634
1.20634
1.20634
1.20227
1.20227
1.20227
1.20227
1.20227
1.20227
1.20227
1.20227
1.20227
1.20227
1.20227
1.20227
1.20227
1.20227
1.20227
1.20227
1.20227
1.20227
1.20227
1.20227
1.20227
1.20227
1.20227
1.20227
1.20227
1.20227
1.20227
1.20227
1.20227
1.20227
1.20227
1.20227
1.20227
1.20227
1.20227
1.20227
1.20227
1.20227
1.20227
1.20227
1.20227
1.20227
1.20227
1.20227
1.18423
1.18361
1.18361
1.18361
1.18361
1.18361
1.18361
1.18361
1.18361
1.18361
1.18361
1.18361
1.18361
1.18361
1.18361
1.18361
1.18361
1.18361
1.18361
1.18361
1.18361
1.18361
1.18361
1.18361
1.18361
1.18361
1.18361
1.18361
1.18361
1.18361
1.18361
1.18361
1.18361
1.18361
1.18361
1.18361
1.18361
1.18361
1.18361
1.18361
1.18361
1.18361
1.18361
1.18361
1.18361
1.18361
1.18361
1.18361
1.18361
1.18361
1.18361
1.18361
1.18361
1.18361
1.18361
1.18361
1.18361
1.18361
1.18361
1.18361
1.18361
1.18361
1.18361
1.18361
1.18361
1.18361
1.17557
1.17557
1.17494
1.17494
1.17494
1.17494
1.17494
1.17494
1.17494
1.17494
1.17494
1.17494
1.17494
1.17494
1.17494
1.17494
1.17494
1.17494
1.17494
1.17494
1.17494
1.17494
1.17494
1.17494
1.17494
1.17494
1.17494
1.17494
1.17494
1.17494
1.17494
1.17494
1.17494
1.17494
1.17494
1.17494
1.17494
1.17494
1.17494
1.17494
1.17494
1.17494
1.17494
1.17494
1.17494
1.17494
1.17494
1.17494
1.17494
1.17494
1.17494
1.17494
1.17494
1.17494
1.17494
1.17494
1.17494
1.17494
1.17494
1.17494
1.17494
1.17494
1.17494
1.17494
1.17494
1.17494
1.17494
1.17494
1.17494
1.17494
1.17494
1.17494
1.17494
1.17494
1.17494
1.17494
1.17494
1.17494
1.17494
1.17494
1.17494
1.17494
1.17494
1.17494
1.17494
1.17494
1.17494
1.17494
1.17494
1.17494
1.17494
1.17461
1.17461
1.17461
1.17461
1.17461
1.17461
1.17461
1.17461
1.17461
1.17461
1.17461
1.17461
1.17461
1.17461
1.17461
1.17461
1.17461
1.17461
1.17461
1.17461
1.16977
1.16977
1.16977
1.16977
1.16977
1.16977
1.16977
1.16977
1.16977
1.16977
1.16977
1.16977
1.16977
1.16977
1.16977
1.16977
1.16977
1.16708
1.16708
1.16708
1.16708
1.16708
1.16708
1.16708
1.16708
1.16708
1.16708
1.16708
1.16708
1.16708
1.16708
1.16708
1.16708
1.16708
1.16708
1.16708
1.16708
1.16708
1.16708
1.16708
1.16708
1.16708
1.16708
1.16708
1.16708
1.16708
1.16708
1.16708
1.16708
1.16708
1.16708
1.16708
1.16708
1.16708
1.16708
1.16708
1.16708
1.16708
1.16708
1.16708
1.16708
1.16708
1.16708
1.16708
1.16708
1.16708
1.16708
1.16708
1.16708
1.16708
1.16708
1.16708
1.16557
1.16557
1.16557
1.16557
1.16557
1.16557
1.16557
1.16557
1.16557
1.16557
1.16557
1.16557
1.16557
1.16557
1.16557
1.16557
1.16557
1.16557
1.16557
1.16557
1.16557
1.16557
1.16557
1.16557
1.16557
1.16557
1.16557
1.16557
1.16557
1.16557
1.16557
1.16557
1.16557
1.16557
1.16557
1.16557
1.16557
1.16557
1.16557
1.16557
1.16557
1.16557
1.16557
1.16557
1.16557
1.16557
1.16557
1.16557
1.16557
1.16557
1.16557
1.16557
1.16557
1.16557
1.16557
1.16557
1.16557
1.16557
1.16557
1.16557
1.16557
1.16557
1.16557
1.16557
1.16557
1.16557
1.16557
1.16557
1.16557
1.16557
1.16557
1.16557
1.16557
1.16557
1.16557
1.16557
1.16557
1.16557
1.16557
1.16557
1.16557
1.16557
1.16557
1.16557
1.16557
1.16557
1.16557
1.16557
1.16557
1.16557
1.16557
1.16557
1.16557
1.16557
1.16557
1.16557
1.16557
1.16557
1.16557
1.16557
1.16557
1.16557
1.16557
1.16557
1.16557
1.16557
1.16557
1.16557
1.16557
1.16557
1.16557
1.16557
1.16557
1.16557
1.16557
1.16557
1.16557
1.16557
1.16557
1.16557
1.16557
1.16557
1.16557
1.16557
1.16557
1.16557
1.16557
1.16557
1.16557
1.16557
1.16557
1.16557
1.16557
1.16557
1.16557
1.16557
1.16557
1.16557
1.16557
1.16557
1.16557
1.16557
1.16557
1.16557
1.16557
1.16557
1.16557
1.16557
1.16557
1.16557
1.16557
1.16557
1.16557
1.16557
1.16557
1.16557
1.16557
1.16557
1.16557
1.16557
1.16557
1.16557
1.16557
1.16557
1.16504
1.16504
1.16504
1.16504
1.16504
1.16504
1.16504
1.16504
1.16504
1.16504
1.16504
1.16504
1.16504
1.16504
1.16504
1.16504
1.16504
1.16504
1.16504
1.16504
1.16504
1.16504
1.16504
1.16504
1.16504
1.16504
1.16504
1.16504
1.16504
1.16504
1.16504
1.16504
1.16504
1.16479
1.16479
1.16464
1.16464
1.16464
1.16464
1.16464
1.16464
1.16464
1.16464
1.16464
1.16464
1.16464
1.16439
1.16439
1.16439
1.16007
1.16007
1.16007
1.16007
1.16007
1.16007
1.1535
1.1535
1.1535
1.1535
1.1535
1.14398
1.14398
1.14398
1.14398
1.14398
1.14398
1.14398
1.14398
1.14398
1.14398
1.14398
1.14398
1.14358
1.14358
1.14358
1.14358
1.14358
1.14358
1.14185
1.14185
1.14185
1.14185
1.14185
1.14185
1.14185
1.14185
1.14185
1.14185
1.14185
1.14185
1.14185
1.14185
1.14185
1.14185
1.14185
1.14185
1.14185
1.14185
1.14185
1.14185
1.14185
1.14185
1.14185
1.14185
1.14185
1.14185
1.14185
1.14185
1.14185
1.14185
1.14185
1.14185
1.14185
1.14185
1.14185
1.14185
1.14185
1.14185
1.14185
1.14185
1.14185
1.14185
1.14185
1.14185
1.14185
1.14185
1.14185
1.14185
1.14185
1.14185
1.14185
1.14185
1.14185
1.14185
1.14185
1.14185
1.14185
1.14185
1.14185
1.14185
1.14185
1.14185
1.14185
1.14185
1.14185
1.14185
1.14185
1.14185
1.14185
1.14185
1.14185
1.14185
1.14185
1.14185
1.14185
1.14185
1.14185
1.14185
1.14185
1.14185
1.14185
1.14185
1.14185
1.14185
1.14185
1.14185
1.14185
1.13865
1.13865
1.13865
1.13739
1.13739
1.13739
1.13739
1.13739
1.13739
1.13739
1.13665
1.13665
1.13665
1.13665
1.13665
1.13563
1.13563
1.13563
1.13563
1.13563
1.13563
1.13563
1.13563
1.13563
1.13563
1.13563
1.13563
1.13563
1.13563
1.13563
1.13563
1.13563
1.13563
1.13563
1.13563
1.13563
1.13563
1.13563
1.13563
1.13563
1.13563
1.13563
1.13563
1.13563
1.13563
1.13563
1.13563
1.13563
1.13312
1.13258
1.13258
1.13258
1.13258
1.13258
1.13258
1.13258
1.13258
1.13258
1.13258
1.13258
1.13258
1.13258
1.13258
1.13258
1.13258
1.13258
1.13258
1.13258
1.13258
1.13258
1.13258
1.13258
1.13258
1.13258
1.13258
1.13258
1.13258
1.13258
1.13258
1.13258
1.13258
1.13258
1.13258
1.13258
1.13258
1.13258
1.13258
1.13258
1.13258
1.13258
1.13258
1.13258
1.13258
1.13258
1.13258
1.13258
1.13258
1.13258
1.13258
1.13258
1.13258
1.13258
1.13258
1.13258
1.11846
1.11846
1.11846
1.11846
1.11846
1.11846
1.11846
1.11392
1.11392
1.11392
1.11392
1.11392
1.11392
1.11392
1.11392
1.11392
1.11392
1.11392
1.11392
1.11392
1.11392
1.11392
1.11392
1.11392
1.11392
1.11392
1.11392
1.11392
1.11392
1.11392
1.11392
1.11392
1.11392
1.11392
1.11392
1.11392
1.11392
1.11392
1.11392
1.11392
1.11392
1.11392
1.11392
1.11392
1.11392
1.11392
1.11392
1.11392
1.11392
1.11392
1.11392
1.11392
1.11392
1.11392
1.11392
1.11392
1.11392
1.11392
1.11392
1.11392
1.11392
1.11392
1.11392
1.11392
1.11392
1.11392
1.11392
1.11392
1.11392
1.11392
1.11392
1.11392
1.11392
1.11392
1.11392
1.11392
1.11392
1.11392
1.11392
1.11392
1.11392
1.11392
1.11392
1.11392
1.11392
1.11392
1.11392
1.11392
1.11392
1.11392
1.11392
1.11392
1.11392
1.11392
1.11392
1.11392
1.11392
1.11392
1.11392
1.11367
1.11367
1.11367
1.11367
1.11367
1.11367
1.11367
1.11367
1.11367
1.11367
1.11367
1.11367
1.11367
1.11367
1.11367
1.11367
1.11367
1.11367
1.11367
1.11367
1.11367
1.10665
1.10665
1.10665
1.10665
1.10612
1.10612
1.10612
1.10612
1.10612
1.10612
1.10612
1.10612
1.10612
1.10612
1.10612
1.10612
1.10612
1.10612
1.10612
1.10612
1.10612
1.10612
1.10612
1.10612
1.10612
1.10612
1.10612
1.10612
1.10612
1.10612
1.10612
1.10612
1.10612
1.10612
1.10612
1.10612
1.10612
1.10612
1.10612
1.10612
1.10612
1.10612
1.09997
1.09997
1.09997
1.09997
1.09997
1.09997
1.09997
1.09859
1.09859
1.09859
1.09375
1.09375
1.09375
1.09375
1.09375
1.09223
1.09223
1.09223
1.09223
1.09223
1.09223
1.09223
1.09223
1.09223
1.09223
1.09223
1.09223
1.09223
1.09223
1.09223
1.09223
1.09223
1.09223
1.09223
1.09223
1.09191
1.09191
1.09191
1.09191
1.09191
1.09191
1.09191
1.09191
1.09191
1.09191
1.09191
1.09191
1.09191
1.09191
1.09191
1.09191
1.09191
1.09191
1.09191
1.09191
1.09191
1.09191
1.09191
1.09191
1.09191
1.09191
1.09191
1.09191
1.09191
1.09191
1.09191
1.09191
1.09191
1.09191
1.09191
1.09191
1.09191
1.09191
1.09191
1.09191
1.09191
1.09191
1.09191
1.09191
1.09191
1.09191
1.09191
1.09191
1.09191
1.09191
1.09191
1.09191
1.09191
1.09191
1.09191
1.09191
1.09191
1.09191
1.09191
1.09191
1.09191
1.09191
1.09191
1.09191
1.09191
1.09191
1.09191
1.09191
1.09191
1.09191
1.09191
1.09191
1.09191
1.09191
1.09191
1.09191
1.09191
1.09191
1.09191
1.09191
1.09191
1.09191
1.09191
1.09191
1.09191
1.09191
1.09191
1.09191
1.09191
1.09191
1.09191
1.09191
1.09191
1.09191
1.09191
1.09191
1.09191
1.09191
1.09191
1.09191
1.09191
1.09191
1.09191
1.09191
1.09191
1.09191
1.09191
1.09191
1.09191
1.09191
1.09191
1.09191
1.09191
1.09191
1.09191
1.09191
1.09191
1.09191
1.09191
1.09191
1.09191
1.09191
1.09191
1.09191
1.09191
1.09191
1.09191
1.09191
1.09191
1.09191
1.09191
1.09191
1.09191
1.09191
1.09191
1.09191
1.09191
1.09191
1.09191
1.09191
1.09191
1.09191
1.09191
1.09191
1.09191
1.09191
1.09191
1.09191
1.09191
1.09191
1.09191
1.09191
1.09191
1.09191
1.09191
1.09191
1.09191
1.09191
1.09191
1.09191
1.09191
1.09191
1.09191
1.09191
1.09191
1.09191
1.09191
1.09191
1.09191
1.09191
1.09191
1.09191
1.09191
1.09191
1.09191
1.09191
1.09191
1.09191
1.09191
1.09191
1.09191
1.09191
1.09191
1.09191
1.09191
1.09191
1.09191
1.09191
1.09191
1.09191
1.09191
1.09191
1.09191
1.09191
1.09191
1.09191
1.09191
1.09191
1.09191
1.09191
1.09191
1.09191
1.09191
1.09191
1.09191
1.09191
1.09191
1.09191
1.09191
1.09191
1.09191
1.09191
1.09191
1.09191
1.09191
1.09191
1.09191
1.09191
1.09191
1.09191
1.09191
1.09191
1.09191
1.09191
1.09191
1.09191
1.09191
1.09191
1.09191
1.09191
1.09191
1.09191
1.09191
1.09191
1.09191
1.09191
1.09191
1.09191
1.09191
1.09191
1.09191
1.09191
1.09191
1.09191
1.09191
1.09191
1.09191
1.09191
1.09191
1.09191
1.09191
1.09191
1.09191
1.09191
1.09191
1.09191
1.09191
1.09191
1.09191
1.09191
1.09191
1.09191
1.09191
1.09191
1.09191
1.09191
1.09191
1.09191
1.09191
1.09191
1.09191
1.09191
1.09191
1.09191
1.09191
1.09191
1.09191
1.09191
1.09191
1.09191
1.09191
1.09191
1.09191
1.09191
1.09191
1.09191
1.09191
1.09191
1.09191
1.09191
1.09191
1.09191
1.09191
1.09191
1.09191
1.09191
1.09191
1.09191
1.09191
1.09191
1.09191
1.09191
1.09191
1.09191
1.09191
1.09191
1.09191
1.09191
1.09191
1.09191
1.09191
1.09191
1.09191
1.09191
1.09191
1.09191
1.09191
1.09191
1.09191
1.09191
1.09191
1.09191
1.09191
1.09191
1.09191
1.09191
1.09191
1.09191
1.09191
1.09191
1.09191
1.09191
1.09191
1.09191
1.09191
1.09191
1.09191
1.09191
1.09191
1.09191
1.09191
1.09191
1.09191
1.09191
1.09191
1.09191
1.09191
1.09191
1.09191
1.09191
1.09191
1.09191
1.09191
1.09191
1.09191
1.09191
1.09191
1.09191
1.09191
1.09191
1.09191
1.09191
1.09191
1.09191
1.09191
1.09191
1.09191
1.09191
1.09191
1.09191
1.09191
1.09191
1.09191
1.09191
1.09191
1.09191
1.09191
1.09191
1.09191
1.09191
1.09191
1.09191
1.09191
1.09191
1.09191
1.09191
1.09191
1.09191
1.09191
1.09191
1.09191
1.09191
1.09191
1.09191
1.09191
1.09191
1.09191
1.09191
1.09191
1.09191
1.09191
1.09191
1.09191
1.09191
1.09191
1.09191
1.09191
1.09191
1.09191
1.09191
1.09191
1.09191
1.09191
1.09191
1.09191
1.09191
1.09191
1.09191
1.09191
1.09191
1.09191
1.09191
1.09191
1.09191
1.09191
1.09191
1.09191
1.09191
1.09191
1.09191
1.09191
1.09191
1.09191
1.09191
1.09191
1.09191
1.09191
1.09191
1.09191
1.09191
1.09191
1.09191
1.09191
1.09191
1.09191
1.09191
1.09191
1.09191
1.09191
1.09191
1.09191
1.09191
1.09191
1.09191
1.09191
1.09191
1.09191
1.09191
1.09191
1.09191
1.09191
1.09191
1.09191
1.09191
1.09191
1.09191
1.09191
1.09191
1.09191
1.09191
1.09191
1.09191
1.09191
1.09191
1.09191
1.09191
1.09191
1.09191
1.09191
1.09191
1.09191
1.09191
1.09191
1.09191
1.09191
1.09191
1.09191
1.09191
1.09191
1.09191
1.09191
1.09191
1.09191
1.09191
1.09191
1.09191
1.09191
1.09191
1.09191
1.09191
1.09191
1.09191
1.09191
1.09191
1.09191
1.09191
1.09191
1.09191
1.09191
1.09191
1.09191
1.09191
1.09191
1.09191
1.09191
1.09191
1.09191
1.09191
1.09191
1.09191
1.09191
1.09191
1.09191
1.09191
1.09191
1.09191
1.09191
1.09191
1.09191
1.09191
1.09191
1.09191
1.09191
1.09191
1.09191
1.09191
1.09191
1.09191
1.09191
1.09191
1.09191
1.09191
1.09191
1.09191
1.09191
1.09191
1.09191
1.09191
1.09191
1.09191
1.09191
1.09191
1.09191
1.09191
1.09191
1.09191
1.09191
1.09191
1.09191
1.09191
1.09191
1.09191
1.09191
1.09191
1.09191
1.09191
1.09191
1.09191
1.09191
1.09191
1.09191
1.09191
1.09191
1.09191
1.09191
1.09191
1.09191
1.09191
1.09191
1.09191
1.09191
1.09191
1.09191
1.09191
1.09191
1.09191
1.09191
1.09191
1.09191
1.09191
1.09191
1.09191
1.09191
1.09191
1.09191
1.09191
1.09191
1.09191
1.09191
1.09191
