
/*---------------------------贪心算法思想下解的说明------------------------------*/

算法思想：以当前所在的点为参考选择离自己最近的点作为下一站，走过的点不在经过


贪心思想只能求得每一步只能求得局部最短路径，因此最终结果是近似最优解

贪心算法求解的最短路程的长度为：153462
实际的最短路径为：108159
此算法和最优解的近似度为:1.41885
time = 0.003s
/*---------------------------贪心算法思想下解的说明------------------------------*/



/*---------------------------遗传算法2思想下解的说明------------------------------*/

算法思想：随机生成一个路线序列，路线路径长度短的会更可能遗传下去，所以经过多次代际迭代，最终的结果会趋近于最优解


代际更迭次数越多，越接近最优解。这种算法最终结果是近似最优解

遗传算法求解的最短路程的长度为：118100
实际的最短路径为：108159
此算法和最优解的近似度为:1.09191
time = 29.209s
这个算法迭代终止条件是前后 600 代最优个体一样
这个算法中共计迭代 2425次
其中每一代个体数为 100   交叉遗传的概率为 0.8   变异的概率为 0.1

迭代过程中 交叉遗传次数为94937  其中变异次数为25760

以下是迭代过程中每一代中最好的个体所对应的路先长度变化（每20代输出一次）

339720 289879 252496 233486 208490 193260 185115 171806 164756 160150 157535 155513 146578 145998 142805 142684 141406 140705 140705 140705 
140705 139710 139622 139490 139438 138515 138153 138153 138153 138153 137379 137379 136679 136679 136679 136679 136354 136217 136217 135841 
134238 130477 130477 130477 130477 130037 130037 128018 128018 128018 127081 127081 127081 127081 127081 127045 126231 126231 126231 126067 
126067 126067 126067 126067 126067 126067 126067 126010 126010 125967 123732 123501 123501 123501 123501 123501 122829 122829 122499 122499 
122499 120481 120481 120481 120481 120481 120454 119637 119637 118823 118135 118100 118100 118100 118100 118100 118100 118100 118100 118100 
118100 118100 118100 118100 118100 118100 118100 118100 118100 118100 118100 118100 118100 118100 118100 118100 118100 118100 118100 118100 
118100 
/*---------------------------遗传算法2思想下解的说明------------------------------*/


