2.31882
2.19468
2.19468
2.10561
2.03413
1.90103
1.89259
1.89259
1.81608
1.76112
1.76112
1.72993
1.68946
1.63883
1.63883
1.59526
1.57248
1.542
1.47875
1.37481
1.37067
1.37067
1.29441
1.29441
1.22002
1.19373
1.16658
1.14823
1.13274
1.11633
1.11633
1.1032
1.09846
1.09524
1.09344
1.06944
1.06944
1.06944
1.06259
1.04994
1.04994
1.04994
1.04994
1.03425
1.03155
1.02836
1.02777
1.02777
1.02777
1.02066
1.02066
1.02066
1.02066
1.02066
1.02066
1.02066
1.02066
1.02066
1.02066
1.02066
1.02066
1.02066
1.02066
1.02066
1.02066
1.02066
1.02066
1.02066
1.02066
1.02066
1.02066
1.02066
1.02066
1.02066
1.02066
1.02066
1.02066
1.02066
1.02066
1.02066
1.02066
1.02066
1.02066
1.02066
1.02066
1.02066
1.02066
1.02066
1.02066
1.02066
1.02066
1.02066
1.02066
1.02066
1.02066
1.02066
1.02066
1.02066
1.02066
1.02066
1.02066
1.02066
1.02066
1.02066
1.02066
1.02066
1.02066
1.02066
1.02066
1.02066
1.02066
1.02066
1.02066
1.02066
1.02066
1.02066
1.02066
1.02066
1.02066
1.02066
1.02066
1.02066
1.02066
1.02066
1.02066
1.02066
1.02066
1.02066
1.02066
1.02066
1.02066
1.02066
1.02066
1.02066
1.02066
1.02066
1.02066
1.02066
1.02066
1.02066
1.02066
1.02066
1.02066
1.02066
1.02066
1.02066
1.02066
1.0175
1.0175
1.0175
1.0175
1.0175
1.0175
1.0175
1.0175
1.0175
1.01209
1.01209
1.01209
1.01209
1.01209
1.01209
1.01209
1.01209
1.01209
1.01209
1.01209
1.01209
1.01209
1.01209
1.01209
1.01209
1.01209
1.01209
1.01209
1.01209
1.01209
1.01209
1.01209
1.01209
1.01209
1.01209
1.01209
1.01209
1.01209
1.01209
1.01209
1.01209
1.01209
1.01209
1.01209
1.01209
1.01209
1.01209
1.01209
1.01209
1.01209
1.01209
1.01209
1.01209
1.01209
1.01209
1.01209
1.01209
1.01209
1.01209
1.01209
1.01209
1.01209
1.01209
1.01209
1.01209
1.01209
1.01209
1.01209
1.01209
1.01209
1.01209
1.01209
1.01209
1.01209
1.01209
1.01209
1.01209
1.01209
1.01209
1.01209
1.01209
1.01209
1.01209
1.01209
1.01209
1.01209
1.01209
1.01209
1.01209
1.01209
1.01209
1.01209
1.01209
1.01209
1.01209
1.01209
1.01209
1.01209
1.01209
1.01209
1.01209
1.01209
1.01209
1.01209
1.01209
1.01209
1.01209
1.01209
1.01209
1.01209
1.01209
1.01209
1.01209
1.01209
1.01209
1.01209
1.01209
1.01209
1.01209
1.01209
1.01209
1.01209
1.01209
1.01209
1.01209
1.01209
1.01209
1.01209
1.01209
1.01209
1.01209
1.01209
1.01209
1.01209
1.01209
1.01209
1.01209
1.01209
1.01209
1.01209
1.01209
1.01209
1.01209
1.01209
1.01209
1.01209
1.01209
1.01209
1.01209
1.01209
1.01209
1.01209
1.01209
1.01209
1.01209
1.01209
1.01209
1.01209
1.01209
1.01209
1.01209
1.01209
1.01209
1.01209
1.01209
1.01209
1.01209
1.01209
1.01209
1.01209
1.01209
1.01209
1.01209
1.01209
1.01209
1.01209
1.01209
1.01209
1.01209
1.01209
1.01209
1.01209
1.01209
1.01209
1.01209
1.01209
1.01209
1.01209
1.01209
1.01209
1.01209
1.01209
1.01209
1.01209
1.01209
1.01209
1.01209
1.01209
1.01209
1.01209
1.01209
1.01209
1.01209
1.01209
1.01209
1.01209
1.01209
1.00217
1.00217
1.00217
1.00217
1.00217
1.00217
1.00217
1.00217
1.00217
1.00217
1.00217
1.00217
1.00217
1.00217
1.00217
1.00217
1.00217
1.00217
1.00217
1.00217
1.00217
1.00217
1.00217
1.00217
1.00217
1.00217
1.00217
1.00217
1.00217
1.00217
1.00217
1.00217
1.00217
1.00217
1.00217
1.00217
1.00217
1.00217
1.00217
1.00217
1.00217
1.00217
1.00217
1.00217
1.00217
1.00217
1.00217
1.00217
1.00217
1.00217
1.00217
1.00217
1.00217
1.00217
1.00217
1.00217
1.00217
1.00217
1.00217
1.00217
1.00217
1.00217
1.00217
1.00217
1.00217
1.00217
1.00217
1.00217
1.00217
1.00217
1.00217
1.00217
1.00217
1.00217
1.00217
1.00217
1.00217
1.00217
1.00217
1.00217
1.00217
1.00217
1.00217
1.00217
1.00217
1.00217
1.00217
1.00217
1.00217
1.00217
1.00217
1.00217
1.00217
1.00217
1.00217
1.00217
1.00217
1.00217
1.00217
1.00217
1.00217
1.00217
1.00217
1.00217
1.00217
1.00217
1.00217
1.00217
1.00217
1.00217
1.00217
1.00217
1.00217
1.00217
1.00217
1.00217
1.00217
1.00217
1.00217
1.00217
1.00217
1.00217
1.00217
1.00217
1.00217
1.00217
1.00217
1.00217
1.00217
1.00217
1.00217
1.00217
1.00217
1.00217
1.00217
1.00217
1.00217
1.00217
1.00217
1.00217
1.00217
1.00217
1.00217
1.00217
1.00217
1.00217
1.00217
1.00217
1.00217
1.00217
1.00217
1.00217
1.00217
1.00217
1.00217
1.00217
1.00217
1.00217
1.00217
1.00217
1.00217
1.00217
1.00217
1.00217
1.00217
1.00217
1.00217
1.00217
1.00217
1.00217
1.00217
1.00217
1.00217
1.00217
1.00217
1.00217
1.00217
1.00217
1.00217
1.00217
1.00217
1.00217
1.00217
1.00217
1.00217
1.00217
1.00217
1.00217
1.00217
1.00217
1.00217
1.00217
1.00217
1.00217
1.00217
1.00217
1.00217
1.00217
1.00217
1.00217
1.00217
1.00217
1.00217
1.00217
1.00217
1.00217
1.00217
1.00217
1.00217
1.00217
1.00217
1.00217
1.00217
1.00217
1.00217
1.00217
1.00217
1.00217
1.00217
1.00217
1.00217
1.00217
1.00217
1.00217
1.00217
1.00217
1.00217
1.00217
1.00217
1.00217
1.00217
1.00217
1.00217
1.00217
1.00217
1.00217
1.00217
1.00217
1.00217
1.00217
1.00217
1.00217
1.00217
1.00217
1.00217
1.00217
1.00217
1.00217
1.00217
1.00217
1.00217
1.00217
1.00217
1.00217
1.00217
1.00217
1.00217
1.00217
1.00217
1.00217
1.00217
1.00217
1.00217
1.00217
1.00217
1.00217
1.00217
1.00217
1.00217
1.00217
1.00217
1.00217
1.00217
1.00217
1.00217
1.00217
1.00217
1.00217
1.00217
1.00217
1.00217
1.00217
1.00217
1.00217
1.00217
1.00217
1.00217
1.00217
1.00217
1.00217
1.00217
1.00217
1.00217
1.00217
1.00217
1.00217
1.00217
1.00217
1.00217
1.00217
1.00217
1.00217
1.00217
1.00217
1.00217
1.00217
1.00217
1.00217
1.00217
1.00217
1.00217
1.00217
1.00217
1.00217
1.00217
1.00217
1.00217
1.00217
1.00217
1.00217
1.00217
1.00217
1.00217
1.00217
1.00217
1.00217
1.00217
1.00217
1.00217
1.00217
1.00217
1.00217
1.00217
1.00217
1.00217
1.00217
1.00217
1.00217
1.00217
1.00217
1.00217
1.00217
1.00217
1.00217
1.00217
1.00217
1.00217
1.00217
1.00217
1.00217
1.00217
1.00217
1.00217
1.00217
1.00217
1.00217
1.00217
1.00217
1.00217
1.00217
1.00217
1.00217
1.00217
1.00217
1.00217
1.00217
1.00217
1.00217
1.00217
1.00217
1.00217
1.00217
1.00217
1.00217
1.00217
1.00217
1.00217
1.00217
1.00217
1.00217
1.00217
1.00217
1.00217
1.00217
1.00217
1.00217
1.00217
1.00217
1.00217
1.00217
1.00217
1.00217
1.00217
1.00217
1.00217
1.00217
1.00217
1.00217
1.00217
1.00217
1.00217
1.00217
1.00217
1.00217
1.00217
1.00217
1.00217
1.00217
1.00217
1.00217
1.00217
1.00217
1.00217
1.00217
1.00217
1.00217
1.00217
1.00217
1.00217
1.00217
1.00217
1.00217
1.00217
1.00217
1.00217
1.00217
1.00217
1.00217
1.00217
1.00217
1.00217
1.00217
1.00217
1.00217
1.00217
1.00217
1.00217
1.00217
1.00217
1.00217
1.00217
1.00217
1.00217
1.00217
1.00217
1.00217
1.00217
1.00217
1.00217
1.00217
1.00217
1.00217
1.00217
1.00217
1.00217
1.00217
1.00217
1.00217
1.00217
1.00217
1.00217
1.00217
1.00217
1.00217
1.00217
1.00217
1.00217
1.00217
1.00217
1.00217
1.00217
1.00217
1.00217
1.00217
1.00217
1.00217
1.00217
1.00217
1.00217
1.00217
1.00217
1.00217
1.00217
1.00217
1.00217
1.00217
1.00217
1.00217
1.00217
1.00217
1.00217
1.00217
1.00217
1.00217
1.00217
1.00217
1.00217
1.00217
1.00217
1.00217
1.00217
1.00217
1.00217
1.00217
1.00217
1.00217
1.00217
1.00217
1.00217
1.00217
1.00217
1.00217
1.00217
1.00217
1.00217
1.00217
1.00217
1.00217
1.00217
1.00217
1.00217
1.00217
1.00217
1.00217
1.00217
1.00217
1.00217
1.00217
1.00217
1.00217
1.00217
1.00217
1.00217
1.00217
1.00217
1.00217
1.00217
1.00217
1.00217
1.00217
1.00217
1.00217
1.00217
1.00217
1.00217
1.00217
1.00217
1.00217
1.00217
1.00217
1.00217
1.00217
1.00217
1.00217
1.00217
1.00217
1.00217
1.00217
1.00217
1.00217
1.00217
1.00217
1.00217
1.00217
1.00217
1.00217
1.00217
1.00217
1.00217
1.00217
1.00217
1.00217
1.00217
1.00217
1.00217
1.00217
1.00217
1.00217
1.00217
1.00217
1.00217
1.00217
1.00217
1.00217
1.00217
1.00217
1.00217
1.00217
1.00217
1.00217
1.00217
1.00217
1.00217
1.00217
1.00217
1.00217
1.00217
1.00217
1.00217
1.00217
