7.42202
7.35875
7.04531
6.94519
6.78332
6.54151
6.32728
6.32728
6.32728
6.2251
6.10685
5.84972
5.84972
5.84554
5.84554
5.84554
5.45483
5.45483
5.44609
5.44609
5.36008
5.32185
5.27099
5.27099
5.15824
4.92454
4.92454
4.92454
4.89756
4.89251
4.83277
4.76047
4.72606
4.71678
4.71678
4.58802
4.45932
4.45932
4.45932
4.45932
4.45932
4.45932
4.25901
4.25901
4.25901
4.25901
4.21245
4.16539
4.1198
4.1198
4.04848
4.04848
4.04848
4.04848
4.04848
4.02804
3.86285
3.86285
3.86285
3.86285
3.62062
3.62062
3.62062
3.62062
3.62062
3.54861
3.54861
3.54861
3.52088
3.52088
3.52088
3.50983
3.50257
3.46606
3.4334
3.41868
3.35674
3.35674
3.3308
3.3308
3.3308
3.29816
3.21227
3.21227
3.21227
3.20937
3.18689
3.18689
3.17587
3.1732
3.14068
3.08143
3.08143
3.08143
3.08143
3.07096
3.01981
3.01189
3.01189
2.97754
2.97754
2.93913
2.93913
2.91213
2.90753
2.90753
2.90753
2.85417
2.85417
2.83148
2.81704
2.81704
2.7994
2.76069
2.76069
2.75526
2.75526
2.75526
2.73133
2.73133
2.72617
2.72371
2.6974
2.67972
2.67972
2.67972
2.67972
2.67972
2.67972
2.66133
2.66133
2.65866
2.64108
2.64108
2.64108
2.63411
2.62305
2.61712
2.61712
2.61712
2.61103
2.61103
2.61103
2.5872
2.56862
2.54156
2.54156
2.5264
2.5264
2.52276
2.49378
2.49378
2.49378
2.4862
2.47263
2.47263
2.47253
2.44764
2.44764
2.44683
2.44683
2.43944
2.43859
2.43393
2.4279
2.4245
2.41961
2.41533
2.41533
2.41166
2.41166
2.40541
2.40541
2.40087
2.40087
2.33196
2.33196
2.32267
2.32031
2.32031
2.31596
2.28823
2.24681
2.23379
2.23209
2.22105
2.19243
2.19243
2.19205
2.16873
2.15192
2.15192
2.15134
2.1449
2.13048
2.13048
2.12839
2.12485
2.1249
2.11909
2.10739
2.10641
2.09919
2.08893
2.07324
2.07279
2.07279
2.07279
2.06546
2.06546
2.06546
2.06515
2.06318
2.06044
2.05736
2.05736
2.05736
2.05736
2.05736
2.05505
2.04407
2.04407
2.04407
2.04237
2.04077
2.04077
2.03761
2.03761
2.0329
2.03153
2.03153
2.03153
2.03153
2.02366
2.02366
2.02198
2.02198
2.00906
2.00906
2.00628
2.00604
2.00604
1.99819
1.99819
1.97523
1.97523
1.97523
1.96275
1.96275
1.96275
1.95351
1.95351
1.95351
1.95351
1.95351
1.95157
1.95157
1.95133
1.95133
1.94526
1.94526
1.94314
1.94314
1.93262
1.93262
1.93262
1.92933
1.92892
1.92892
1.92892
1.92892
1.92895
1.92626
1.92579
1.92088
1.92088
1.91251
1.91251
1.91219
1.91219
1.90409
1.90409
1.90392
1.90255
1.89806
1.89806
1.89407
1.89407
1.89407
1.89407
1.89375
1.89369
1.89369
1.88417
1.88417
1.88385
1.88379
1.88379
1.88379
1.88283
1.88283
1.88198
1.88198
1.88198
1.88021
1.87924
1.87757
1.87757
1.87757
1.87719
1.87622
1.87622
1.87622
1.87622
1.87622
1.87264
1.87248
1.86923
1.86923
1.86424
1.86065
1.8605
1.8605
1.8605
1.8605
1.85729
1.85713
1.85713
1.85713
1.85492
1.85492
1.85483
1.85483
1.85049
1.84661
1.84661
1.84661
1.84661
1.8413
1.83909
1.81651
1.81651
1.81651
1.8143
1.81121
1.809
1.80377
1.80377
1.80377
1.80377
1.80377
1.79847
1.79847
1.79242
1.7824
1.75547
1.74509
1.74509
1.74509
1.72306
1.71869
1.68975
1.6893
1.6893
1.68465
1.68465
1.68465
1.68433
1.68433
1.68287
1.68132
1.68132
1.68132
1.68132
1.68132
1.68132
1.68132
1.66844
1.6666
1.6666
1.66511
1.66511
1.66511
1.66511
1.66511
1.66511
1.66511
1.66511
1.66511
1.66511
1.66511
1.66511
1.66511
1.66511
1.66511
1.66356
1.66356
1.66207
1.65776
1.65776
1.65776
1.65776
1.65776
1.65776
1.65776
1.65776
1.65754
1.65754
1.65605
1.65605
1.65605
1.65605
1.65605
1.65605
1.65605
1.65605
1.65605
1.65029
1.65029
1.65029
1.64858
1.64529
1.64529
1.64529
1.64529
1.64529
1.64529
1.64529
1.64529
1.64529
1.64529
1.64529
1.64529
1.64529
1.64529
1.64529
1.64529
1.64529
1.6329
1.6329
1.6329
1.6329
1.6329
1.6329
1.6329
1.6329
1.6329
1.6329
1.6329
1.6329
1.6329
1.6329
1.6329
1.6329
1.6329
1.6329
1.6329
1.6329
1.6329
1.6329
1.6329
1.6329
1.6329
1.6303
1.6303
1.62748
1.62748
1.62666
1.62666
1.62666
1.62666
1.62666
1.62666
1.62666
1.62666
1.62666
1.62666
1.62666
1.62666
1.62666
1.62666
1.62666
1.62666
1.62666
1.62527
1.62527
1.62527
1.62527
1.61756
1.61756
1.61756
1.60789
1.60789
1.60789
1.60789
1.60789
1.60789
1.60789
1.60789
1.60789
1.60789
1.60789
1.60789
1.60789
1.60789
1.60789
1.60789
1.58979
1.58979
1.58098
1.58098
1.58098
1.58098
1.58098
1.58098
1.58098
1.58098
1.58098
1.58098
1.58051
1.57994
1.55813
1.55813
1.55813
1.55692
1.55692
1.55692
1.5562
1.5562
1.5562
1.5562
1.55395
1.55395
1.55275
1.55275
1.55275
1.55275
1.55275
1.55275
1.55128
1.55128
1.54982
1.54982
1.54982
1.54982
1.54982
1.54982
1.54982
1.54982
1.54982
1.54982
1.54982
1.54982
1.54982
1.54982
1.54982
1.54938
1.54938
1.54938
1.54835
1.54835
1.54835
1.54835
1.54835
1.5446
1.5446
1.5446
1.5446
1.5446
1.5446
1.5446
1.5446
1.5446
1.5446
1.54416
1.54416
1.54416
1.54416
1.54416
1.53387
1.53387
1.53387
1.53387
1.53184
1.53013
1.52859
1.52859
1.52859
1.52859
1.52859
1.52859
1.49794
1.49794
1.49794
1.49794
1.49794
1.49794
1.4964
1.4964
1.4964
1.49552
1.49552
1.49552
1.49398
1.49268
1.4887
1.4887
1.4887
1.4887
1.4887
1.4887
1.4887
1.4887
1.48845
1.48845
1.48845
1.48845
1.48845
1.48845
1.48845
1.48845
1.48845
1.4881
1.4881
1.48786
1.48786
1.48786
1.48786
1.48786
1.48786
1.48786
1.48786
1.48786
1.48786
1.48786
1.48786
1.48786
1.48786
1.48786
1.48786
1.48786
1.48786
1.48786
1.48786
1.48786
1.48664
1.48664
1.48664
1.48664
1.48664
1.48664
1.48664
1.48664
1.48664
1.48664
1.48664
1.48664
1.48664
1.48664
1.48587
1.48587
1.48587
1.48587
1.48587
1.4844
1.4844
1.4844
1.48321
1.48262
1.48262
1.48262
1.48262
1.48262
1.48262
1.48262
1.48236
1.48236
1.48236
1.48236
1.47909
1.47909
1.47909
1.47909
1.47909
1.47909
1.47909
1.47908
1.47908
1.47881
1.47881
1.47881
1.47881
1.47881
1.47881
1.47881
1.47694
1.47694
1.47666
1.47666
1.47666
1.47666
1.47666
1.47666
1.47666
1.47666
1.47666
1.47666
1.47666
1.47666
1.47278
1.47278
1.47278
1.47278
1.47278
1.47278
1.47278
1.47278
1.47278
1.47278
1.47278
1.47278
1.4723
1.4723
1.4723
1.4723
1.47202
1.47202
1.47202
1.47202
1.47202
1.47202
1.47202
1.47202
1.47202
1.47202
1.47003
1.47003
1.47003
1.47003
1.47003
1.47003
1.47003
1.47003
1.47003
1.47003
1.47003
1.47003
1.47003
1.47003
1.44781
1.44781
1.44781
1.44781
1.44781
1.44781
1.44781
1.44781
1.44781
1.44634
1.44568
1.44496
1.44496
1.44468
1.44468
1.44402
1.44402
1.44402
1.44402
1.44402
1.44402
1.44402
1.44402
1.44402
1.44402
1.44402
1.44402
1.44402
1.44183
1.44183
1.44183
1.44183
1.44183
1.44183
1.44042
1.43896
1.43896
1.43896
1.43896
1.43896
1.43569
1.43166
1.43138
1.43138
1.43138
1.43138
1.43138
1.43138
1.43138
1.43138
1.43138
1.43138
1.43138
1.43138
1.42748
1.42748
1.42748
1.42748
1.42748
1.42748
1.42748
1.42748
1.42748
1.42748
1.42709
1.42709
1.42709
1.42709
1.42709
1.42709
1.42709
1.42709
1.42472
1.41809
1.41809
1.41809
1.41809
1.41809
1.41809
1.4166
1.41467
1.41467
1.41451
1.41451
1.41451
1.41109
1.41109
1.41109
1.41109
1.41109
1.41109
1.41109
1.41109
1.41109
1.41109
1.41109
1.41109
1.41109
1.41109
1.41109
1.41109
1.41109
1.41109
1.41109
1.41109
1.40912
1.40912
1.40912
1.40912
1.40912
1.40912
1.40912
1.40912
1.40912
1.40912
1.40912
1.40912
1.40912
1.40912
1.40912
1.40912
1.40912
1.40912
1.40912
1.40912
1.40912
1.40912
1.40912
1.40912
1.40912
1.40912
1.40912
1.40912
1.40912
1.40912
1.40912
1.40912
1.40912
1.40912
1.40912
1.40912
1.40912
1.4028
1.4028
1.4028
1.4028
1.40115
1.40115
1.40115
1.40115
1.40115
1.40115
1.3959
1.3959
1.3959
1.3959
1.3959
1.3959
1.3959
1.3959
1.3959
1.3959
1.3959
1.3959
1.3959
1.3959
1.3959
1.3959
1.3959
1.3959
1.3959
1.3959
1.3959
1.3959
1.3959
1.3959
1.3959
1.3959
1.3959
1.3959
1.3959
1.3959
1.3959
1.3959
1.3959
1.3959
1.3959
1.3959
1.3959
1.3959
1.3959
1.3959
1.3959
1.3959
1.3959
1.3959
1.3959
1.3959
1.3959
1.3959
1.3959
1.3959
1.3959
1.3959
1.3959
1.3959
1.3959
1.3959
1.3959
1.3959
1.3959
1.3959
1.3959
1.3959
1.3959
1.3959
1.3959
1.3959
1.3959
1.3959
1.3959
1.3959
1.3959
1.3959
1.3959
1.3959
1.3959
1.3959
1.3959
1.3959
1.3959
1.3959
1.3959
1.3959
1.3959
1.3959
1.3959
1.3959
1.3959
1.3959
1.3959
1.3959
1.3959
1.3959
1.3959
1.3959
1.3959
1.3959
1.3959
1.3959
1.3959
1.3959
1.3959
1.3959
1.3959
1.3959
1.3959
1.3959
1.3959
1.3959
1.3959
1.3959
1.3959
1.3959
1.3959
1.3959
1.3959
1.3959
1.3959
1.3959
1.3959
1.3959
1.3959
1.3959
1.3959
1.3959
1.3959
1.3959
1.3959
1.3959
1.3959
1.3959
1.3959
1.3959
1.3959
1.3959
1.3959
1.3959
1.3959
1.3959
1.3959
1.3959
1.3959
1.3959
1.3959
1.3959
1.3959
1.3959
1.3959
1.3959
1.3959
1.3959
1.3959
1.3959
1.3959
1.3959
1.3959
1.3959
1.3959
1.3959
1.3959
1.3959
1.3959
1.3959
1.3959
1.3959
1.3959
1.3959
1.3959
1.3959
1.3959
1.3959
1.3959
1.3959
1.3959
1.3959
1.3959
1.3959
1.3959
1.3959
1.3959
1.3959
1.3959
1.3959
1.3959
1.3959
1.3959
1.3959
1.3959
1.3959
1.3959
1.3959
1.3959
1.3959
1.3959
1.3959
1.3959
1.3959
1.3959
1.3959
1.3959
1.3959
1.3959
1.3959
1.3959
1.3959
1.3959
1.3959
1.3959
1.3959
1.3959
1.3959
1.3959
1.3959
1.3959
1.3959
1.3959
1.3959
1.3959
1.3959
1.3959
1.3959
1.3959
1.3959
1.3959
1.3959
1.3959
1.3959
1.3959
1.3959
1.3959
1.3959
1.3959
1.3959
1.3959
1.3959
1.3959
1.3959
1.3959
1.3959
1.3959
1.3959
1.3959
1.3959
1.3959
1.3959
1.3959
1.3959
1.3959
1.3959
1.3959
1.3959
1.3959
1.3959
1.3959
1.3959
1.3959
1.3959
1.3959
1.3959
1.3959
1.3959
1.3959
1.3959
1.3959
1.3959
1.3959
1.3959
1.3959
1.3959
1.3959
1.3959
1.3959
1.3959
1.3959
1.3959
1.3959
1.3959
1.3959
1.3959
1.3959
1.3959
1.3959
1.3959
1.3959
1.3959
1.3959
1.3959
1.3959
1.3959
1.3959
1.3959
1.3959
1.3959
1.3959
1.3959
1.3959
1.3959
1.3959
1.3959
1.3959
1.3959
1.3959
1.3959
1.39548
1.39548
1.39548
1.39548
1.39548
1.39548
1.39548
1.39548
1.39507
1.39507
1.39507
1.39507
1.39507
1.39507
1.39507
1.39507
1.39507
1.39507
1.39507
1.39507
1.39507
1.39507
1.39507
1.39507
1.39507
1.39507
1.39507
1.39507
1.39507
1.39507
1.39507
1.39507
1.39507
1.39507
1.39507
1.39507
1.39507
1.39507
1.39507
1.39507
1.39507
1.39507
1.39507
1.39507
1.39507
1.39507
1.39507
1.39507
1.39507
1.39507
1.39507
1.39507
1.39507
1.39507
1.39507
1.39507
1.39507
1.39507
1.39507
1.39507
1.39507
1.39507
1.39507
1.39507
1.39507
1.39507
1.39507
1.39507
1.39507
1.39507
1.39507
1.39507
1.39507
1.39507
1.39507
1.39507
1.39507
1.39507
1.39507
1.39507
1.39507
1.39507
1.39507
1.39507
1.39507
1.39507
1.39507
1.39507
1.39507
1.39507
1.39507
1.39507
1.39507
1.39507
1.39507
1.39507
1.39507
1.39507
1.39507
1.39507
1.39507
1.39507
1.39507
1.39507
1.39507
1.39507
1.39507
1.39507
1.39507
1.39507
1.39507
1.39507
1.39507
1.39507
1.39507
1.39507
1.39507
1.39507
1.39507
1.39507
1.39507
1.39507
1.39507
1.39507
1.39507
1.39507
1.39507
1.39507
1.39507
1.39507
1.39507
1.39507
1.39507
1.39507
1.39507
1.39507
1.39507
1.39507
1.39507
1.39507
1.39507
1.39507
1.39507
1.39507
1.39507
1.39507
1.39507
1.39507
1.39507
1.39507
1.39507
1.39507
1.39507
1.39507
1.39507
1.39507
1.39507
1.39507
1.39507
1.39507
1.39507
1.39507
1.39507
1.39507
1.39507
1.39507
1.39507
1.39507
1.39507
1.39507
1.39507
1.39507
1.39507
1.39507
1.39507
1.39507
1.39507
1.39507
1.39507
1.39507
1.39507
1.39507
1.39507
1.39507
1.39507
1.39507
1.39507
1.39507
1.39507
1.39507
1.39507
1.39507
1.39507
1.39507
1.39507
1.39507
1.39507
1.39507
1.39507
1.39507
1.39507
1.39507
1.39507
1.39507
1.39507
1.39507
1.39507
1.39413
1.39413
1.39413
1.39385
1.39385
1.39385
1.39385
1.39385
1.39385
1.39385
1.39385
1.39385
1.38947
1.38947
1.38947
1.38947
1.38947
1.38947
1.38947
1.38947
1.38947
1.38947
1.38947
1.38947
1.38947
1.38947
1.38947
1.38947
1.38947
1.38947
1.38947
1.38947
1.38947
1.38947
1.38947
1.38947
1.38947
1.38947
1.38947
1.38947
1.38947
1.38947
1.38947
1.38947
1.38947
1.38947
1.38754
1.38754
1.38754
1.38754
1.38754
1.38754
1.38754
1.38754
1.38754
1.38754
1.38754
1.38754
1.38754
1.38544
1.38544
1.38544
1.38544
1.38544
1.38544
1.38544
1.38544
1.38544
1.38544
1.38544
1.38544
1.38544
1.38544
1.38544
1.38544
1.38544
1.38544
1.38544
1.38544
1.38544
1.38544
1.38544
1.38544
1.38544
1.38544
1.38544
1.38544
1.38544
1.38544
1.38544
1.38544
1.38544
1.38544
1.38544
1.38544
1.38544
1.38544
1.38544
1.38544
1.38544
1.38544
1.38544
1.38544
1.38544
1.38544
1.38544
1.38544
1.38544
1.38544
1.38544
1.38544
1.38544
1.38544
1.38544
1.38544
1.38544
1.38544
1.38544
1.38544
1.38544
1.38544
1.38544
1.38544
1.38544
1.38544
1.38544
1.38544
1.38544
1.38544
1.38544
1.38544
1.38544
1.38544
1.38544
1.38544
1.38544
1.38544
1.38544
1.38544
1.38544
1.38544
1.38544
1.38544
1.38544
1.38544
1.38544
1.38544
1.38544
1.38544
1.38544
1.38544
1.38544
1.38544
1.38544
1.38544
1.38544
1.38544
1.38544
1.38544
1.38544
1.38544
1.38544
1.38544
1.38544
1.38544
1.38544
1.38544
1.38544
1.38544
1.38544
1.38544
1.38544
1.38544
1.38544
1.38544
1.38544
1.38544
1.38544
1.38544
1.38544
1.38544
1.38544
1.38544
1.38544
1.38544
1.38544
1.38544
1.38522
1.38522
1.38522
1.38522
1.38522
1.38391
1.38391
1.38391
1.38391
1.38387
1.38387
1.38387
1.38387
1.38387
1.38387
1.37419
1.37419
1.37419
1.36059
1.36059
1.36059
1.36059
1.36059
1.35903
1.35903
1.35903
1.35903
1.35898
1.35898
1.35373
1.35373
1.35373
1.35373
1.35373
1.35373
1.35373
1.35373
1.35373
1.35373
1.35373
1.35373
1.35373
1.35373
1.35368
1.35368
1.35368
1.35157
1.35157
1.35153
1.35153
1.35153
1.35153
1.35153
1.35153
1.35153
1.35153
1.35153
1.35153
1.35153
1.35153
1.35153
1.35153
1.35153
1.35153
1.35153
1.35153
1.35153
1.35153
1.35153
1.35153
1.35153
1.35153
1.35153
1.35153
1.35153
1.35153
1.35153
1.35153
1.35153
1.35153
1.35153
1.35153
1.35153
1.35153
1.35153
1.35153
1.35153
1.35153
1.35153
1.35153
1.35153
1.35153
1.35153
1.35153
1.35153
1.35153
1.35153
1.35153
1.35153
1.35153
1.35153
1.35153
1.35153
1.35153
1.35153
1.35153
1.35153
1.35153
1.35153
1.35153
1.35153
1.35153
1.35153
1.35153
1.35153
1.35153
1.35153
1.35153
1.35153
1.35153
1.35153
1.35153
1.35153
1.35153
1.35153
1.35153
1.35153
1.35153
1.35153
1.35153
1.35153
1.35153
1.35153
1.35153
1.35153
1.35153
1.35153
1.35153
1.35153
1.35153
1.35153
1.35153
1.35153
1.35153
1.35153
1.35153
1.35153
1.35153
1.35153
1.35153
1.35153
1.35153
1.35153
1.35153
1.35153
1.35153
1.35153
1.35153
1.35153
1.35153
1.35153
1.35153
1.35153
1.35153
1.35153
1.35153
1.35153
1.35153
1.35153
1.35153
1.35153
1.35153
1.35153
1.35153
1.35153
1.35153
1.35153
1.35153
1.35153
1.35153
1.35153
1.35153
1.35153
1.35153
1.35153
1.35153
1.35153
1.35153
1.35153
1.35153
1.35153
1.35153
1.35153
1.35153
1.35153
1.35153
1.35153
1.35153
1.35153
1.35153
1.35153
1.35153
1.35153
1.35153
1.35153
1.35153
1.35153
1.35153
1.35153
1.35153
1.35153
1.35153
1.35153
1.35153
1.35153
1.35153
1.35153
1.35153
1.35153
1.35153
1.35153
1.35153
1.35153
1.35153
1.35153
1.35153
1.35153
1.35153
1.35153
1.35153
1.35153
1.35153
1.35153
1.35153
1.35153
1.35153
1.35153
1.35153
1.35153
1.35153
1.35153
1.35153
1.35153
1.35153
1.35153
1.35153
1.35153
1.35153
1.35153
1.35153
1.35153
1.35153
1.35153
1.35153
1.35153
1.35153
1.35153
1.35153
1.35153
1.35153
1.35153
1.35153
1.35153
1.35153
1.35153
1.33652
1.33652
1.33652
1.33652
1.33652
1.33652
1.33652
1.33652
1.33423
1.33423
1.33423
1.33423
1.33423
1.33423
1.33423
1.33423
1.33423
1.33423
1.33423
1.33423
1.33423
1.33423
1.33423
1.33423
1.33423
1.33423
1.33423
1.33423
1.33423
1.33423
1.33423
1.33423
1.33423
1.33423
1.33423
1.33423
1.33423
1.33423
1.33423
1.33423
1.33423
1.33423
1.33423
1.33423
1.33423
1.33423
1.33423
1.33423
1.33423
1.33423
1.33423
1.33423
1.33423
1.33423
1.33423
1.33423
1.33423
1.33423
1.33423
1.33423
1.33423
1.33423
1.33423
1.33423
1.33423
1.33423
1.33423
1.33423
1.33423
1.33423
1.33423
1.33152
1.33152
1.33152
1.33152
1.33152
1.33152
1.33152
1.33152
1.33152
1.33152
1.33107
1.33107
1.33107
1.33107
1.33107
1.33107
1.33107
1.33107
1.33107
1.33107
1.33107
1.33107
1.33107
1.33107
1.33107
1.33107
1.33107
1.33107
1.33107
1.33107
1.33107
1.33107
1.33107
1.32937
1.32937
1.32937
1.32937
1.32937
1.32937
1.32937
1.32937
1.32937
1.32937
1.3277
1.3277
1.3277
1.3277
1.3277
1.3277
1.3277
1.3277
1.3277
1.3277
1.3277
1.3277
1.3277
1.3277
1.3277
1.3277
1.3277
1.3277
1.3277
1.3277
1.3277
1.3277
1.3277
1.3277
1.3277
1.3277
1.3277
1.3277
1.3277
1.3277
1.3277
1.3277
1.3277
1.3277
1.3277
1.3277
1.3277
1.3277
1.3277
1.3277
1.3277
1.3277
1.3277
1.3277
1.3277
1.3277
1.3277
1.3277
1.3277
1.3277
1.3277
1.3277
1.3277
1.3277
1.3277
1.3277
1.3277
1.3277
1.3277
1.3277
1.3277
1.3277
1.3277
1.3277
1.3277
1.3277
1.3277
1.3277
1.3277
1.3277
1.3277
1.3277
1.3277
1.3277
1.3277
1.3277
1.3277
1.3277
1.3277
1.3277
1.3277
1.3277
1.3277
1.3277
1.3277
1.3277
1.3277
1.3277
1.3277
1.3277
1.3277
1.3277
1.3277
1.3277
1.3277
1.3277
1.3277
1.3277
1.3277
1.3277
1.3277
1.3277
1.3277
1.3277
1.3277
1.3277
1.3277
1.3277
1.3277
1.3277
1.3277
1.3277
1.3277
1.3277
1.3277
1.3277
1.3277
1.3277
1.3277
1.3277
1.3277
1.3277
1.3277
1.3277
1.3277
1.3277
1.3277
1.3277
1.3277
1.3277
1.3277
1.3277
1.3277
1.3277
1.3277
1.3277
1.3277
1.3277
1.3277
1.3277
1.3277
1.3277
1.3277
1.3277
1.3277
1.3277
1.3277
1.3277
1.3277
1.3277
1.3277
1.3277
1.3277
1.3277
1.3277
1.3277
1.3277
1.3277
1.3277
1.3277
1.3277
1.3277
1.3277
1.3277
1.3277
1.3277
1.3277
1.3277
1.3277
1.3277
1.3277
1.3277
1.3277
1.3277
1.32743
1.32743
1.32037
1.32037
1.32037
1.32037
1.31824
1.31824
1.31824
1.31824
1.31824
1.31824
1.31824
1.31824
1.31824
1.31824
1.31824
1.31824
1.31824
1.31824
1.31824
1.31824
1.31824
1.31824
1.31824
1.31824
1.31824
1.31824
1.31824
1.31824
1.31824
1.31824
1.31824
1.31824
1.31824
1.31824
1.31824
1.31824
1.31824
1.31824
1.31824
1.31824
1.31824
1.31824
1.31824
1.31824
1.31824
1.31824
1.31824
1.31824
1.31824
1.31824
1.31824
1.31824
1.31824
1.31824
1.31824
1.31824
1.31824
1.31824
1.31824
1.31824
1.31824
1.31824
1.31824
1.31824
1.31824
1.31824
1.31824
1.31824
1.31824
1.31824
1.31824
1.31824
1.31824
1.31824
1.31824
1.31824
1.31824
1.31824
1.31824
1.31824
1.31824
1.31824
1.31824
1.31824
1.31824
1.31824
1.31824
1.31824
1.31824
1.31824
1.31824
1.31824
1.31824
1.31824
1.31824
1.31824
1.31824
1.31824
1.31824
1.31824
1.31824
1.31824
1.31824
1.31824
1.31824
1.31824
1.31824
1.31824
1.31824
1.31824
1.31824
1.31824
1.31824
1.31824
1.31824
1.31824
1.31824
1.31824
1.31824
1.31824
1.31824
1.31824
1.31824
1.31824
1.31824
1.31824
1.31824
1.31824
1.31824
1.31824
1.31824
1.31824
1.31824
1.31824
1.31824
1.31824
1.31824
1.31824
1.31824
1.31824
1.31824
1.31824
1.31824
1.31824
1.31824
1.31824
1.31824
1.31824
1.31824
1.31824
1.31824
1.31824
1.31824
1.31824
1.31824
1.31824
1.31824
1.31824
1.31824
1.31824
1.31824
1.31824
1.31824
1.31824
1.31824
1.31824
1.31824
1.31824
1.31824
1.31824
1.31824
1.31824
1.31824
1.31824
1.31824
1.31824
1.31824
1.31824
1.31824
1.31824
1.31824
1.31824
1.31824
1.31824
1.31824
1.31824
1.31824
1.31824
1.31824
1.31824
1.31824
1.31824
1.31824
1.31824
1.31824
1.31824
1.31824
1.31824
1.31824
1.31824
1.31824
1.31824
1.31824
1.31824
1.31824
1.31824
1.31824
1.31824
1.31824
1.31744
1.31744
1.31744
1.31744
1.31744
1.3174
1.3174
1.3174
1.3174
1.3174
1.3174
1.3174
1.3174
1.3174
1.3174
1.3174
1.3174
1.3174
1.3174
1.3174
1.3174
1.3174
1.3174
1.3174
1.3174
1.3174
1.3174
1.3174
1.3174
1.3174
1.3174
1.3174
1.3174
1.3174
1.3174
1.3174
1.3174
1.3174
1.3174
1.3174
1.3174
1.3174
1.3174
1.3174
1.3174
1.3174
1.3174
1.3174
1.3174
1.3174
1.3174
1.3174
1.3174
1.3174
1.3174
1.3174
1.3174
1.3174
1.3174
1.3174
1.3174
1.3174
1.3174
1.3174
1.3174
1.3174
1.3174
1.3174
1.3174
1.3174
1.3174
1.3174
1.3174
1.3174
1.3174
1.3174
1.3174
1.3174
1.3174
1.3174
1.3174
1.3174
1.3174
1.3174
1.3174
1.3174
1.3174
1.3174
1.3174
1.3174
1.3174
1.3174
1.3174
1.3174
1.3174
1.3174
1.3174
1.3174
1.3174
1.3174
1.3174
1.3174
1.3174
1.3174
1.3174
1.3174
1.3174
1.3174
1.3174
1.3174
1.3174
1.3174
1.3174
1.3174
1.3174
1.3174
1.3174
1.3174
1.3174
1.3174
1.3174
1.3174
1.3174
1.3174
1.3174
1.3174
1.3174
1.3174
1.3174
1.3174
1.3174
1.3174
1.3174
1.3174
1.3174
1.3174
1.3174
1.3174
1.3174
1.3174
1.3174
1.3174
1.3174
1.3174
1.3174
1.3174
1.3174
1.3174
1.3174
1.3174
1.3174
1.3174
1.3174
1.3174
1.3174
1.3174
1.3174
1.3174
1.3174
1.3174
1.3174
1.3174
1.3174
1.3174
1.3174
1.3174
1.3174
1.3174
1.3174
1.3174
1.3174
1.3174
1.3174
1.3174
1.3174
1.3174
1.3174
1.3174
1.3174
1.3174
1.3174
1.3174
1.3174
1.3174
1.3174
1.3174
1.31699
1.31699
1.3151
1.3151
1.3151
1.31506
1.31506
1.31506
1.31506
1.31506
1.31506
1.31506
1.31506
1.31506
1.31506
1.31506
1.31506
1.31506
1.31506
1.31506
1.31506
1.31506
1.31506
1.31506
1.31506
1.31506
1.31506
1.31506
1.31506
1.31506
1.31506
1.31506
1.31506
1.31506
1.31506
1.31506
1.31506
1.31506
1.31506
1.31506
1.31506
1.31506
1.31506
1.31506
1.31506
1.31506
1.31506
1.31506
1.31506
1.31506
1.31506
1.31506
1.31506
1.31506
1.31506
1.31506
1.31506
1.31506
1.31506
1.31506
1.31506
1.31506
1.31506
1.31506
1.31506
1.31506
1.31506
1.31506
1.31506
1.31506
1.31506
1.31506
1.31506
1.31506
1.31506
1.31506
1.31506
1.31506
1.31506
1.31506
1.31506
1.31506
1.31506
1.31506
1.31506
1.31506
1.31506
1.31506
1.31506
1.31506
1.31506
1.31506
1.31506
1.31506
1.31506
1.31506
1.31506
1.31506
1.31506
1.31506
1.31506
1.31506
1.31506
1.31506
1.31506
1.31506
1.31506
1.31506
1.31506
1.31506
1.31506
1.31506
1.31506
1.31506
1.31506
1.31506
1.31506
1.31506
1.31506
1.31506
1.31506
1.31506
1.31506
1.31506
1.31506
1.31506
1.31506
1.31506
1.31506
1.31506
1.31506
1.31506
1.31506
1.31506
1.31506
1.31506
1.31506
1.31506
1.31506
1.31506
1.31506
1.31506
1.31506
1.31506
1.31506
1.31506
1.31506
1.31506
1.31506
1.31506
1.31506
1.31506
1.31506
1.31506
1.31506
1.31506
1.31506
1.31506
1.31506
1.31506
1.31506
1.31506
1.31506
1.31506
1.31506
1.31506
1.31506
1.31506
1.31506
1.31506
1.31506
1.31506
1.31506
1.31506
1.31506
1.31506
1.31506
1.31506
1.31506
1.31506
1.31506
1.31506
1.31506
1.31506
1.31506
1.31506
1.31506
1.31506
1.31506
1.31506
1.31506
1.31506
1.31506
1.31506
1.31506
1.31506
1.31506
1.31506
1.31506
1.31506
1.31506
1.31506
1.31506
1.31506
1.31506
1.31506
1.31506
1.31506
1.31506
1.31506
1.31506
1.31506
1.31506
1.31506
1.31506
1.31506
1.31506
1.31506
1.31506
1.31506
1.31506
1.31506
1.31506
1.31506
1.31506
1.31506
1.31506
1.31506
1.31506
1.31506
1.31506
1.31506
1.31506
1.31506
1.31506
1.31506
1.31506
1.31506
1.31506
1.31506
1.31506
1.31506
1.31506
1.31506
1.31506
1.31506
1.31506
1.31506
1.31506
1.31506
1.31506
1.31506
1.31506
1.31506
1.31506
1.31506
1.31506
1.31506
1.31506
1.31506
1.31506
1.31506
1.31506
1.31506
1.31506
1.31506
1.31506
1.31506
1.31506
1.31506
1.31506
1.31506
1.31506
1.31506
1.31506
1.31506
1.31506
1.31506
1.31506
1.31506
1.31506
1.31506
1.31506
1.31506
1.31506
1.31506
1.31506
1.31506
1.31506
1.31506
1.31506
1.31506
1.31506
1.31506
1.31506
1.31506
1.31506
1.31506
1.31506
1.31506
1.31506
1.31506
1.31506
1.31506
1.31506
1.31506
1.31506
1.31506
1.31506
1.31506
1.31506
1.31506
1.31506
1.31506
1.31506
1.31506
1.31506
1.31506
1.31506
1.31506
1.31506
1.31506
1.31506
1.31506
1.31506
1.31506
1.31506
1.31506
1.31506
1.31506
1.31506
1.31506
1.31506
1.31506
1.31506
1.31506
1.31506
1.31506
1.31506
1.31506
1.31506
1.31506
1.31506
1.31506
1.31506
1.31506
1.31506
1.31506
1.31506
1.31506
1.31506
1.31506
1.31506
1.31506
1.31506
1.31506
1.31506
1.31506
1.31506
1.31506
1.31506
1.31506
1.31506
1.31506
1.31506
1.31506
1.31506
1.31506
1.31506
1.31506
1.31506
1.31506
1.31506
1.31506
1.31506
1.31506
1.31506
1.31506
1.31506
1.31506
1.31506
1.31506
1.31506
1.31506
1.31506
1.31506
1.31506
1.31506
1.31506
1.31506
1.31506
1.31506
1.31506
1.31506
1.31506
1.31506
1.31506
1.31506
1.31506
1.31506
1.31506
1.31506
1.31506
1.31506
1.31506
1.31506
1.31506
1.31506
1.31506
1.31506
1.31506
1.31506
1.31506
1.31506
1.31506
1.31506
1.31506
1.31506
1.31506
1.31506
1.31506
1.31506
1.31506
1.31506
1.31506
1.31506
1.31506
1.31506
1.31506
1.31506
1.31506
1.31506
1.31506
1.31506
1.31506
1.31506
1.31506
1.31506
1.31506
1.31506
1.31506
1.31506
1.31506
1.31506
1.31506
1.31506
1.31506
1.31506
1.31506
1.31506
1.31506
1.31506
1.31506
1.31506
1.31506
1.31506
1.31506
1.31506
1.31506
1.31506
1.31506
1.31506
1.31506
1.31506
1.31506
1.31506
1.31506
1.31506
1.31506
1.31506
1.31506
1.31506
1.31506
1.31506
1.31506
1.31506
1.31506
1.31506
1.31506
1.31506
1.31506
1.31506
1.31506
1.31506
1.31506
1.31506
1.31506
1.31506
1.31506
1.31506
1.31506
1.31506
1.31506
1.31506
1.31506
1.31506
1.31506
1.31506
1.31506
1.31506
1.31506
1.31506
1.31506
1.31506
1.31506
1.31506
1.31506
1.31506
1.31506
1.31506
1.31506
1.31506
1.31506
1.31506
1.31506
1.31506
1.31506
1.31506
1.31506
1.31506
1.31506
1.31506
1.31506
1.31506
1.31506
1.31506
1.31506
1.31506
1.31506
1.31506
1.31506
1.31506
1.31506
1.31506
1.31506
1.31506
1.31506
1.31506
1.31506
1.31506
1.31506
1.31506
1.31506
1.31506
1.31506
1.31506
1.31506
1.31506
1.31506
1.31506
1.31506
1.31506
1.31506
1.31506
1.31506
1.31506
1.31506
1.31506
1.31506
1.31506
1.31506
1.31506
1.31506
1.31506
1.31506
1.31506
1.31506
1.31506
1.31506
1.31506
1.31506
1.31506
1.31506
1.31506
1.31506
1.31506
1.31506
1.31506
1.31506
1.31506
1.31506
1.31506
1.31506
1.31506
1.31506
1.31506
1.31506
1.31506
1.31506
1.31506
1.31506
1.31506
1.31506
1.31506
1.31506
1.31506
1.31506
1.31506
1.31506
1.31506
1.31506
1.31506
1.31506
1.31506
1.31506
1.31506
1.31506
1.31506
1.31506
1.31506
1.31506
1.31506
1.31506
1.31506
1.31506
1.31506
1.31506
1.31506
1.31506
1.31506
1.31506
1.31506
1.31506
1.31506
1.31506
1.31506
1.31506
1.31506
1.31506
1.31506
1.31506
1.31506
1.31506
1.31506
1.31506
1.31506
1.31506
1.31506
1.31506
1.31506
1.31506
1.31506
1.31506
1.31506
1.31506
1.31506
1.31506
1.31506
1.31506
1.31506
1.31506
1.31506
1.31506
1.31506
1.31506
1.31506
1.31506
1.31506
1.31506
1.31506
1.31506
1.31506
1.31506
1.31506
1.31506
1.31506
1.31506
1.31506
1.31506
1.31506
1.31506
1.31506
1.31506
1.31506
1.31506
1.31506
1.31506
1.31506
1.31506
1.31506
1.31506
1.31506
1.31506
1.31506
1.31506
1.31506
1.31506
1.31506
1.31506
1.31506
1.31506
1.31506
1.31506
1.31506
1.31506
1.31506
1.31506
1.31506
1.31506
1.31506
1.31506
1.31506
1.31506
1.31506
1.31506
1.31506
1.31506
1.31506
1.31506
1.31506
1.31506
1.31506
1.31506
1.31506
1.31506
1.31506
1.31506
1.31506
1.31506
1.31506
1.31506
1.31506
1.31506
1.31506
1.31506
1.31506
1.31506
1.31506
1.31506
1.31506
1.31506
1.31506
1.31506
1.31506
1.31506
1.31506
1.31506
1.31506
1.31506
1.31506
1.31506
1.31506
1.31506
1.31506
1.31506
1.31506
1.31506
1.31506
1.31506
1.31506
1.31506
1.31506
1.31506
1.31506
1.31506
1.31506
1.31506
1.31506
1.31506
1.31506
1.31506
1.31506
1.31506
1.31506
1.31506
1.31506
1.31506
1.31506
1.31506
1.31506
1.31506
1.31506
1.31506
1.31506
1.31506
1.31506
1.31506
1.31506
1.31506
1.31506
1.31506
1.31506
1.31506
1.31506
1.31506
1.31506
1.31506
1.31506
1.31506
1.31506
1.31506
1.31506
1.31506
1.31506
1.31506
1.31506
1.31506
1.31506
1.31506
1.31506
1.31506
1.31506
1.31506
1.31506
1.31506
1.31506
1.31506
1.31506
1.31506
1.31506
1.31506
1.31506
1.31506
1.31506
1.31506
1.31506
1.31506
1.31506
1.31506
1.31506
1.31506
1.31506
1.31506
1.31506
1.31506
1.31506
1.31506
1.31506
1.31506
1.31506
1.31506
1.31506
1.31506
1.31506
1.31506
1.31506
1.31506
1.31506
1.31506
1.31506
1.31506
1.31506
1.31506
1.31506
1.31506
