
/*---------------------------贪心算法思想下解的说明------------------------------*/

算法思想：以当前所在的点为参考选择离自己最近的点作为下一站，走过的点不在经过


贪心思想只能求得每一步只能求得局部最短路径，因此最终结果是近似最优解

贪心算法求解的最短路程的长度为：20362.8
实际的最短路径为：14383
此算法和最优解的近似度为:1.41575
time = 0.006s
/*---------------------------贪心算法思想下解的说明------------------------------*/



/*---------------------------遗传算法2思想下解的说明------------------------------*/

算法思想：随机生成一个路线序列，路线路径长度短的会更可能遗传下去，所以经过多次代际迭代，最终的结果会趋近于最优解


代际更迭次数越多，越接近最优解。这种算法最终结果是近似最优解

遗传算法求解的最短路程的长度为：18914.5
实际的最短路径为：14383
此算法和最优解的近似度为:1.31506
time = 120.475s
这个算法迭代终止条件是前后 840 代最优个体一样
这个算法中共计迭代 3392次
其中每一代个体数为 210   交叉遗传的概率为 0.8   变异的概率为 0.1

迭代过程中 交叉遗传次数为285034  其中变异次数为67448

以下是迭代过程中每一代中最好的个体所对应的路先长度变化（每20代输出一次）

78331 64138.4 55559.4 47906.9 42826 39284.7 37642.1 35192.8 33373.1 30478.9 29557.8 28856.3 27978.6 27503 27080.7 26813.3 26451.6 24782.8 23970.7 23843.5 
23736.1 23486 23486 23396.3 23126.3 22732.5 22312 22269.9 22061.6 21522.7 21408.4 21399.8 21371.2 21273.8 21238.7 21182.9 21143.5 20793.3 20737.9 20587.6 
20525.8 20295.7 20267.4 20267.4 20152.8 20077.3 20077.3 20077.3 20077.3 20077.3 20077.3 20077.3 20077.3 20077.3 20077.3 20077.3 20077.3 20077.3 20077.3 20077.3 
20065.3 20065.3 20065.3 20065.3 20065.3 20065.3 20065.3 20065.3 20065.3 20065.3 20047.7 19984.8 19957 19926.8 19926.8 19926.8 19926.8 19926.8 19926.8 19923.6 
19569.4 19470.6 19439 19439 19439 19439 19439 19439 19439 19439 19439 19439 19439 19190.2 19190.2 19190.2 19151.2 19144.7 19096.3 19096.3 
19096.3 19096.3 19096.3 19096.3 19096.3 19096.3 19096.3 18960.2 18960.2 18960.2 18960.2 18960.2 18960.2 18960.2 18960.2 18960.2 18960.2 18960.2 18948.1 18948.1 
18948.1 18948.1 18948.1 18948.1 18948.1 18948.1 18948.1 18914.5 18914.5 18914.5 18914.5 18914.5 18914.5 18914.5 18914.5 18914.5 18914.5 18914.5 18914.5 18914.5 
18914.5 18914.5 18914.5 18914.5 18914.5 18914.5 18914.5 18914.5 18914.5 18914.5 18914.5 18914.5 18914.5 18914.5 18914.5 18914.5 18914.5 18914.5 18914.5 18914.5 
18914.5 18914.5 18914.5 18914.5 18914.5 18914.5 18914.5 18914.5 18914.5 
/*---------------------------遗传算法2思想下解的说明------------------------------*/


