3.52797
3.43158
3.35549
3.27977
3.25045
3.11919
3.11919
3.10827
2.9978
2.97746
2.8902
2.86095
2.80811
2.74386
2.65189
2.65189
2.5557
2.52664
2.4765
2.37414
2.28343
2.28343
2.26961
2.26961
2.26354
2.21848
2.11054
2.11054
2.07373
2.07373
2.02576
1.99916
1.96662
1.96662
1.95432
1.9442
1.9442
1.90556
1.90556
1.8798
1.87799
1.8733
1.86043
1.83201
1.83201
1.83201
1.81458
1.81458
1.79177
1.78412
1.72712
1.72712
1.72712
1.71125
1.71125
1.70857
1.68507
1.67188
1.67188
1.66084
1.63595
1.63595
1.62992
1.62992
1.62383
1.6095
1.60289
1.58903
1.58313
1.57589
1.57544
1.57544
1.57427
1.55711
1.54859
1.54768
1.53706
1.53559
1.53559
1.51208
1.51208
1.50638
1.50638
1.50638
1.5053
1.5053
1.50117
1.49642
1.49576
1.49576
1.49436
1.49436
1.49436
1.49427
1.49427
1.49427
1.49362
1.49362
1.49362
1.49362
1.49362
1.49362
1.49362
1.49362
1.49362
1.49362
1.49362
1.49181
1.49181
1.49181
1.49181
1.49181
1.49181
1.49181
1.49181
1.49181
1.49181
1.49116
1.49116
1.49116
1.49116
1.49116
1.49116
1.49116
1.49057
1.45869
1.45869
1.45869
1.45869
1.45869
1.45869
1.45745
1.45745
1.45021
1.45021
1.45021
1.45021
1.42069
1.42069
1.41803
1.41729
1.41729
1.41605
1.41605
1.41605
1.41605
1.41605
1.41605
1.41605
1.41605
1.41605
1.41557
1.41557
1.41549
1.41484
1.41484
1.41484
1.40948
1.40948
1.40948
1.40883
1.40883
1.40883
1.40883
1.40883
1.40883
1.40817
1.40817
1.40817
1.40817
1.40752
1.40752
1.40752
1.39829
1.39829
1.39699
1.39634
1.39634
1.39634
1.39634
1.39634
1.39634
1.39634
1.39634
1.39634
1.39634
1.39634
1.39634
1.39634
1.39634
1.39634
1.39634
1.39634
1.39634
1.39634
1.39634
1.39488
1.39488
1.39488
1.39488
1.39488
1.39488
1.39488
1.39488
1.39325
1.39325
1.39325
1.39198
1.38023
1.38023
1.38023
1.38023
1.37883
1.37883
1.37883
1.37883
1.361
1.361
1.34203
1.34203
1.34203
1.33997
1.33997
1.33997
1.33997
1.33997
1.29927
1.29927
1.29927
1.29927
1.29927
1.29927
1.29927
1.29927
1.29927
1.29927
1.29927
1.29395
1.27899
1.27899
1.27899
1.27136
1.25628
1.25238
1.25238
1.24733
1.24474
1.24474
1.24474
1.24474
1.24474
1.24474
1.24474
1.24474
1.24474
1.24474
1.24226
1.24226
1.24081
1.24048
1.23822
1.23822
1.2247
1.22211
1.22211
1.22211
1.22211
1.22211
1.22211
1.22211
1.22211
1.22211
1.22211
1.22211
1.22211
1.22211
1.22211
1.22211
1.22211
1.22211
1.22211
1.22211
1.22211
1.22211
1.22211
1.22211
1.22211
1.22211
1.22211
1.22211
1.22211
1.22211
1.22211
1.22211
1.22211
1.22211
1.22211
1.22211
1.22211
1.22211
1.22211
1.22211
1.22211
1.22211
1.22211
1.22211
1.22211
1.22211
1.22211
1.22211
1.22211
1.22211
1.22211
1.22211
1.22211
1.22211
1.22211
1.22211
1.22211
1.22211
1.22211
1.19681
1.19681
1.19681
1.19681
1.19681
1.19681
1.19681
1.19681
1.18519
1.18519
1.18445
1.18445
1.18445
1.18445
1.18445
1.18445
1.18445
1.18445
1.18445
1.18077
1.18077
1.18077
1.18077
1.18077
1.18077
1.18077
1.18077
1.18077
1.18077
1.18077
1.18077
1.18077
1.18077
1.18077
1.18077
1.18077
1.18077
1.18077
1.18077
1.18077
1.18077
1.18077
1.18077
1.18077
1.18077
1.18077
1.18077
1.18077
1.18077
1.18077
1.18077
1.18077
1.18077
1.18077
1.18077
1.18077
1.18077
1.18077
1.18077
1.18077
1.18077
1.17419
1.17419
1.17346
1.17346
1.17346
1.17346
1.17346
1.17346
1.17346
1.17346
1.17346
1.17346
1.17346
1.17346
1.17346
1.17346
1.17346
1.17346
1.17346
1.17317
1.17317
1.17317
1.17317
1.17317
1.17317
1.17317
1.17317
1.17317
1.17317
1.17317
1.17317
1.17317
1.17317
1.17317
1.17317
1.17317
1.17317
1.17317
1.17317
1.17317
1.17317
1.17317
1.17317
1.17317
1.17317
1.17317
1.17317
1.17317
1.17317
1.17317
1.17317
1.17317
1.17317
1.17317
1.17317
1.17317
1.17317
1.17317
1.17317
1.17317
1.17317
1.17317
1.17317
1.17317
1.17317
1.17317
1.17317
1.17317
1.17317
1.17317
1.17317
1.17317
1.17317
1.17317
1.17317
1.17317
1.17317
1.17317
1.17317
1.17317
1.17317
1.17317
1.17317
1.17317
1.17317
1.17317
1.17007
1.17007
1.17007
1.17007
1.17007
1.17007
1.17007
1.17007
1.17007
1.17007
1.17007
1.17007
1.17007
1.17007
1.17007
1.17007
1.17007
1.17007
1.17007
1.17007
1.17007
1.17007
1.17007
1.17007
1.17007
1.17007
1.17007
1.17007
1.17007
1.17007
1.17007
1.17007
1.17007
1.17007
1.17007
1.17007
1.17007
1.17007
1.17007
1.17007
1.17007
1.17007
1.17007
1.17007
1.17007
1.17007
1.17007
1.17007
1.17007
1.17007
1.17007
1.17007
1.17007
1.17007
1.17007
1.17007
1.17007
1.17007
1.17007
1.17007
1.17007
1.17007
1.17007
1.17007
1.17007
1.17007
1.17007
1.17007
1.17007
1.17007
1.17007
1.17007
1.17007
1.17007
1.17007
1.17007
1.17007
1.17007
1.17007
1.17007
1.17007
1.17007
1.17007
1.17007
1.17007
1.17007
1.17007
1.17007
1.17007
1.17007
1.17007
1.17007
1.17007
1.17007
1.1675
1.1675
1.1675
1.1675
1.1675
1.1675
1.1675
1.1675
1.1675
1.1675
1.1675
1.1675
1.1675
1.1675
1.1675
1.1675
1.1675
1.1675
1.1675
1.1675
1.1675
1.1675
1.1675
1.1675
1.1675
1.1675
1.1675
1.1675
1.1675
1.1675
1.1675
1.1675
1.1675
1.1675
1.1675
1.16744
1.16744
1.16744
1.16744
1.16744
1.16744
1.16744
1.1667
1.1667
1.16193
1.16114
1.16114
1.16114
1.16114
1.15792
1.15718
1.15718
1.15639
1.15639
1.15639
1.15639
1.15639
1.15639
1.15639
1.13744
1.13671
1.13671
1.13671
1.13671
1.13671
1.13671
1.13671
1.13671
1.13671
1.13671
1.13671
1.13671
1.13671
1.13671
1.13671
1.13671
1.13671
1.13671
1.13671
1.13671
1.13671
1.13671
1.13671
1.13671
1.13671
1.13671
1.13671
1.13671
1.13671
1.13671
1.13671
1.13671
1.13656
1.13656
1.13656
1.13656
1.13656
1.13656
1.13656
1.13656
1.13656
1.13656
1.13656
1.13656
1.13459
1.13459
1.13459
1.13459
1.13459
1.13459
1.13459
1.13459
1.13459
1.13459
1.13459
1.13459
1.13459
1.13459
1.13459
1.13459
1.13459
1.13459
1.13459
1.13459
1.13459
1.13459
1.13256
1.13256
1.13256
1.13256
1.13256
1.13256
1.13256
1.13256
1.13256
1.13256
1.13256
1.13256
1.13256
1.13256
1.13256
1.13256
1.13256
1.13256
1.13256
1.13256
1.13256
1.13256
1.13256
1.13256
1.13256
1.13256
1.13256
1.13256
1.13256
1.13256
1.13256
1.13256
1.13256
1.13256
1.13256
1.13256
1.13256
1.13256
1.13256
1.13256
1.13256
1.13256
1.13256
1.13256
1.13256
1.13256
1.13256
1.13256
1.13256
1.13256
1.13256
1.13256
1.13256
1.13256
1.13256
1.13256
1.13256
1.13256
1.13256
1.13256
1.13256
1.13256
1.13256
1.13256
1.13256
1.13256
1.13256
1.13256
1.13256
1.13256
1.13256
1.13256
1.13256
1.13256
1.13028
1.13028
1.13028
1.13028
1.13028
1.13028
1.13028
1.13028
1.13028
1.13028
1.13028
1.13028
1.13028
1.13028
1.13028
1.13028
1.13028
1.13028
1.13028
1.13028
1.13028
1.13028
1.13028
1.13028
1.13028
1.13028
1.13028
1.13028
1.13028
1.13028
1.13028
1.13028
1.13028
1.13028
1.13028
1.13028
1.13028
1.13028
1.13028
1.13028
1.13028
1.13028
1.13028
1.13028
1.13028
1.13028
1.13028
1.13028
1.13028
1.13028
1.13028
1.13028
1.13028
1.13028
1.13028
1.13028
1.13028
1.13028
1.13028
1.13028
1.13028
1.13028
1.13028
1.13028
1.13028
1.13028
1.13028
1.13028
1.13028
1.13028
1.13028
1.13028
1.13028
1.13028
1.13028
1.13028
1.13028
1.13028
1.13028
1.13028
1.13028
1.13028
1.13028
1.13028
1.13028
1.13028
1.13028
1.13028
1.13028
1.13028
1.1211
1.1211
1.1211
1.1211
1.1211
1.1211
1.1211
1.1211
1.1211
1.1211
1.1211
1.1211
1.1211
1.1211
1.1211
1.1211
1.1211
1.1211
1.1211
1.1211
1.1211
1.1211
1.1211
1.1211
1.1211
1.1211
1.1211
1.1211
1.1211
1.1211
1.1211
1.1211
1.1211
1.1211
1.1211
1.1211
1.1211
1.1211
1.1211
1.1211
1.1211
1.1211
1.1211
1.1211
1.1211
1.1211
1.1211
1.1211
1.1211
1.1211
1.11842
1.11842
1.11842
1.11842
1.11842
1.11842
1.11842
1.11842
1.11842
1.11842
1.11842
1.11842
1.11842
1.11842
1.11842
1.11842
1.11842
1.11842
1.11842
1.11842
1.11842
1.11842
1.11842
1.11842
1.11842
1.11842
1.11842
1.11842
1.11842
1.11842
1.11842
1.11842
1.11842
1.11842
1.11842
1.11842
1.11842
1.11842
1.11842
1.11842
1.11842
1.11842
1.11842
1.11842
1.11842
1.11842
1.11842
1.11842
1.11842
1.11842
1.11842
1.11842
1.11842
1.11842
1.11842
1.11842
1.11842
1.11842
1.11842
1.11842
1.11842
1.11842
1.11842
1.11842
1.11842
1.11842
1.11842
1.11842
1.11842
1.11842
1.11842
1.11842
1.11842
1.11842
1.11842
1.11842
1.11827
1.11827
1.11827
1.11827
1.11827
1.11827
1.11827
1.11827
1.11827
1.11827
1.11827
1.11827
1.11827
1.11827
1.11827
1.11827
1.11827
1.11827
1.11827
1.11827
1.11827
1.11827
1.11827
1.11827
1.11827
1.11827
1.11827
1.11827
1.11827
1.11827
1.11827
1.11827
1.11827
1.11827
1.11827
1.11827
1.11827
1.11827
1.11827
1.11827
1.11827
1.11827
1.11827
1.11318
1.11318
1.11302
1.11302
1.11302
1.11302
1.11302
1.11302
1.10114
1.10114
1.10114
1.10114
1.10114
1.10114
1.10114
1.10114
1.10114
1.10114
1.10114
1.10114
1.10114
1.10114
1.10114
1.09322
1.09322
1.09307
1.09307
1.09307
1.09307
1.09307
1.09307
1.09307
1.09307
1.09307
1.09307
1.09307
1.09307
1.09307
1.09307
1.09307
1.09307
1.09307
1.09307
1.09307
1.09307
1.09307
1.09307
1.09307
1.09307
1.09307
1.09307
1.09307
1.09307
1.09307
1.09307
1.09307
1.09307
1.09307
1.09307
1.09307
1.09307
1.08259
1.08259
1.08259
1.08259
1.08259
1.08259
1.08259
1.08259
1.08259
1.08259
1.08259
1.08259
1.08259
1.08259
1.08259
1.08259
1.08259
1.08259
1.08259
1.08165
1.08165
1.08165
1.08165
1.08165
1.08165
1.08165
1.08165
1.08165
1.08165
1.08165
1.08165
1.08165
1.08165
1.08165
1.08165
1.08165
1.08165
1.08165
1.08165
1.08165
1.08165
1.08165
1.08165
1.08165
1.08165
1.08165
1.08165
1.08165
1.08165
1.08165
1.08165
1.08165
1.08165
1.08165
1.08165
1.08165
1.08165
1.08165
1.08165
1.08165
1.08165
1.08165
1.08165
1.08165
1.08165
1.08165
1.08165
1.08165
1.08165
1.08165
1.08165
1.08165
1.08165
1.08165
1.08165
1.08165
1.08165
1.08165
1.08165
1.08165
1.08165
1.08165
1.08165
1.08165
1.08165
1.08165
1.08165
1.08165
1.08165
1.08165
1.08165
1.08165
1.08165
1.08165
1.08165
1.08165
1.08165
1.08165
1.08165
1.08165
1.08165
1.08165
1.08165
1.08165
1.08165
1.08165
1.08165
1.08165
1.08165
1.08165
1.08165
1.08165
1.08165
1.08165
1.08165
1.08165
1.08165
1.08165
1.08165
1.08165
1.08165
1.08165
1.08165
1.08165
1.08165
1.08165
1.08165
1.08165
1.08165
1.08165
1.08165
1.08165
1.08165
1.08165
1.08165
1.08165
1.08165
1.08165
1.08165
1.08165
1.08165
1.08165
1.08165
1.08165
1.08165
1.08165
1.08165
1.08165
1.08165
1.08165
1.08165
1.08165
1.08165
1.08165
1.08165
1.08165
1.08165
1.08165
1.08165
1.08165
1.08165
1.08165
1.08165
1.08165
1.08165
1.08165
1.08165
1.08165
1.08165
1.08165
1.08165
1.08165
1.08165
1.08165
1.08165
1.08165
1.08165
1.08165
1.08165
1.08165
1.08165
1.08165
1.08165
1.08165
1.08165
1.08165
1.08165
1.08165
1.08165
1.08165
1.08165
1.08165
1.08165
1.08165
1.08165
1.08165
1.08165
1.08165
1.08165
1.08165
1.08165
1.08165
1.08165
1.08165
1.08165
1.08165
1.08165
1.08165
1.08165
1.08165
1.08165
1.08165
1.08165
1.08165
1.08165
1.08165
1.08165
1.08165
1.08165
1.08165
1.08165
1.08165
1.08165
1.08165
1.08165
1.08165
1.08165
1.08165
1.08165
1.08165
1.08165
1.08165
1.08165
1.08165
1.08165
1.08165
1.08165
1.08165
1.08165
1.08165
1.08165
1.08165
1.08165
1.08165
1.08165
1.08165
1.08165
1.08165
1.08165
1.08165
1.08165
1.08165
1.08165
1.08165
1.08165
1.08165
1.08165
1.08165
1.08165
1.08165
1.08165
1.08165
1.08165
1.08165
1.08165
1.08165
1.08165
1.08165
1.08165
1.08165
1.08165
1.08165
1.08165
1.08165
1.08165
1.08165
1.08165
1.08165
1.08165
1.08165
1.08165
1.08165
1.08165
1.08165
1.08165
1.08165
1.08165
1.08165
1.08165
1.08165
1.08165
1.08165
1.08165
1.08165
1.08165
1.08165
1.08165
1.08165
1.08165
1.08165
1.08165
1.08165
1.08165
1.08165
1.08165
1.08165
1.08165
1.08165
1.08165
1.08165
1.08165
1.08165
1.08165
1.08165
1.08165
1.08165
1.08165
1.08165
1.08165
1.08165
1.08165
1.08165
1.08165
1.08165
1.08165
1.08165
1.08165
1.08165
1.08165
1.08165
1.08165
1.08165
1.08165
1.08165
1.08165
1.08165
1.08165
1.08165
1.08165
1.08165
1.08165
1.08165
1.08165
1.08165
1.08165
1.08165
1.08165
1.08165
1.08165
1.08165
1.08165
1.08165
1.08165
1.08165
1.08165
1.08165
1.08165
1.08165
1.08165
1.08165
1.08165
1.08165
1.08165
1.08165
1.08165
1.08165
1.08165
1.08165
1.08165
1.08165
1.08165
1.08165
1.08165
1.08165
1.08165
1.08165
1.08165
1.08165
1.08165
1.08165
1.08165
1.08165
1.08165
1.08165
1.08165
1.08165
1.08165
1.08165
1.08165
1.08165
1.08165
1.08165
1.08165
1.08165
1.08165
1.08165
1.08165
1.08165
1.08165
1.08165
1.08165
1.08165
1.08165
1.08165
1.08165
1.08165
1.08165
1.08165
1.08165
1.08165
1.08165
1.08165
1.08165
1.08165
1.08165
1.08165
1.08165
1.08165
1.08165
1.08165
1.08165
1.08165
1.08165
1.08165
1.08165
1.08165
1.08165
1.08165
1.08165
1.08165
1.08165
1.08165
1.08165
1.08165
1.08165
1.08165
1.08165
1.08165
1.08165
1.08165
1.08165
1.08165
1.08165
1.08165
1.08165
1.08165
1.08165
1.08165
1.08165
1.08165
1.08165
1.08165
1.08165
1.08165
1.08165
1.08165
1.08165
1.08165
1.08165
1.08165
1.08165
1.08165
1.08165
1.08165
1.08165
1.08165
1.08165
1.08165
1.08165
1.08165
1.08165
1.08165
1.08165
1.08165
1.08165
1.08165
1.08165
1.08165
1.08165
1.08165
1.08165
1.08165
1.08165
1.08165
1.08165
1.08165
1.08165
1.08165
1.08165
1.08165
1.08165
1.08165
1.08165
1.08165
1.08165
1.08165
1.08165
1.08165
1.08165
1.08165
1.08165
1.08165
1.08165
1.08165
1.08165
1.08165
1.08165
1.08165
1.08165
1.08165
1.08165
1.08165
1.08165
1.08165
1.08165
1.08165
1.08165
1.08165
1.08165
1.08165
1.08165
1.08165
1.08165
1.08165
1.08165
1.08165
1.08165
1.08165
1.08165
1.08165
1.08165
1.08165
1.08165
1.08165
1.08165
1.08165
1.08165
1.08165
1.08165
1.08165
1.08165
1.08165
1.08165
1.08165
1.08165
1.08165
1.08165
1.08165
1.08165
1.08165
1.08165
1.08165
1.08165
1.08165
1.08165
1.08165
1.08165
1.08165
1.08165
1.08165
1.08165
1.08165
1.08165
1.08165
1.08165
1.08165
1.08165
1.08165
1.08165
1.08165
1.08165
1.08165
1.08165
1.08165
1.08165
1.08165
1.08165
1.08165
1.08165
1.08165
1.08165
1.08165
1.08165
1.08165
1.08165
1.08165
1.08165
1.08165
1.08165
1.08165
1.08165
1.08165
1.08165
1.08165
1.08165
1.08165
1.08165
1.08165
1.08165
1.08165
1.08165
1.08165
1.08165
1.08165
1.08165
1.08165
1.08165
1.08165
1.08165
1.08165
1.08165
1.08165
1.08165
1.08165
1.08165
1.08165
1.08165
1.08165
1.08165
1.08165
1.08165
1.08165
1.08165
1.08165
1.08165
1.08165
1.08165
1.08165
1.08165
1.08165
1.08165
1.08165
1.08165
1.08165
1.08165
1.08165
1.08165
1.08165
1.08165
1.08165
1.08165
1.08165
1.08165
1.08165
1.08165
1.08165
1.08165
1.08165
1.08165
1.08165
1.08165
1.08165
1.08165
1.08165
1.08165
1.08165
1.08165
1.08165
1.08165
1.08165
1.08165
1.08165
1.08165
1.08165
1.08165
1.08165
1.08165
1.08165
1.08165
1.08165
1.08165
1.08165
1.08165
1.08165
1.08165
1.08165
1.08165
1.08165
1.08165
1.08165
1.08165
1.08165
1.08165
1.08165
1.08165
1.08165
1.08165
1.08165
1.08165
1.08165
1.08165
1.08165
1.08165
1.08165
1.08165
1.08165
1.08165
1.08165
1.08165
1.08165
1.08165
1.08165
1.08165
1.08165
1.08165
1.08165
1.08165
1.08165
1.08165
1.08165
1.08165
1.08165
1.08165
1.08165
1.08165
1.08165
1.08165
1.08165
1.08165
