6.09881
5.79009
5.77946
5.58139
5.3565
5.3565
5.13694
5.10531
5.02221
5.02221
4.79411
4.79411
4.79411
4.64975
4.64975
4.64975
4.48438
4.43053
4.40544
4.40282
4.2799
4.2799
4.22538
4.22538
4.08789
4.08789
4.08789
4.08789
4.06195
3.94167
3.94167
3.94167
3.94167
3.85753
3.85753
3.85753
3.85753
3.85753
3.81449
3.76245
3.72077
3.72077
3.71447
3.68107
3.63497
3.6193
3.5462
3.5462
3.5462
3.50166
3.48748
3.46714
3.46714
3.45816
3.38195
3.34633
3.34633
3.34422
3.32191
3.23866
3.19999
3.19999
3.13271
3.06857
3.06857
3.06857
3.03915
2.96402
2.96402
2.78802
2.78802
2.78802
2.78802
2.78802
2.78802
2.75228
2.71485
2.71485
2.71485
2.69401
2.69401
2.65087
2.65087
2.65087
2.60852
2.60852
2.60852
2.57229
2.57229
2.57229
2.5628
2.52576
2.51024
2.5043
2.47178
2.41676
2.40254
2.40254
2.39064
2.35561
2.35561
2.35561
2.35561
2.35561
2.27587
2.27587
2.27587
2.27587
2.27266
2.27266
2.25521
2.24725
2.244
2.24247
2.21049
2.21049
2.20958
2.20958
2.1989
2.18261
2.18264
2.17398
2.17137
2.15851
2.15418
2.13383
2.13383
2.12432
2.12432
2.12432
2.11651
2.11479
2.10672
2.10672
2.10672
2.09488
2.07721
2.07233
2.06457
2.06457
2.06457
2.06457
2.05315
2.05315
2.04539
2.04539
2.03496
2.03496
2.03496
2.03139
2.0272
2.00154
2.00154
2.00154
1.99762
1.99678
1.99641
1.98817
1.9881
1.98776
1.97723
1.97723
1.97676
1.97155
1.96906
1.96906
1.96906
1.96906
1.96906
1.96906
1.96549
1.95618
1.95618
1.95618
1.95618
1.95618
1.95618
1.95618
1.94885
1.94885
1.94075
1.94075
1.94075
1.93918
1.93918
1.93918
1.93918
1.94035
1.94035
1.94035
1.94035
1.93594
1.91976
1.91976
1.91976
1.91976
1.91976
1.91976
1.91976
1.91677
1.91677
1.91496
1.91459
1.91459
1.91459
1.91459
1.91459
1.91459
1.91459
1.9049
1.9049
1.9049
1.90349
1.86989
1.86989
1.86989
1.86989
1.86989
1.86989
1.86989
1.86329
1.83626
1.83626
1.83626
1.83626
1.83626
1.83626
1.83379
1.83379
1.83379
1.81557
1.81557
1.81557
1.81557
1.81557
1.81557
1.81557
1.81557
1.81557
1.79823
1.79823
1.79823
1.79795
1.79795
1.79696
1.79495
1.79495
1.79368
1.79368
1.79368
1.79368
1.79368
1.79368
1.79368
1.79368
1.79368
1.79057
1.79057
1.79057
1.76201
1.75873
1.75873
1.75873
1.75873
1.75873
1.75873
1.75873
1.75873
1.75873
1.75873
1.75873
1.75873
1.75873
1.75873
1.75873
1.75873
1.75873
1.75873
1.75873
1.75873
1.75019
1.75019
1.74063
1.74063
1.74063
1.74063
1.74063
1.73387
1.72741
1.72741
1.71577
1.71577
1.71577
1.71055
1.70519
1.704
1.6859
1.6859
1.68502
1.68502
1.68502
1.68339
1.68339
1.67417
1.67417
1.66625
1.66625
1.65707
1.65448
1.65448
1.64407
1.64407
1.64407
1.64407
1.64407
1.64407
1.64407
1.64407
1.64407
1.64407
1.64305
1.63991
1.63991
1.63804
1.63804
1.63804
1.63804
1.63804
1.63804
1.63804
1.63804
1.63804
1.63804
1.63804
1.63804
1.63804
1.63804
1.63804
1.61507
1.61507
1.61507
1.61507
1.61507
1.61507
1.61507
1.61507
1.61507
1.61507
1.61507
1.60582
1.60582
1.60582
1.60582
1.60582
1.60582
1.60582
1.60049
1.60049
1.60049
1.60049
1.60049
1.60049
1.60049
1.60049
1.60049
1.60049
1.59037
1.59037
1.59037
1.59037
1.59037
1.5844
1.5844
1.5844
1.5844
1.5844
1.5844
1.5844
1.5844
1.5844
1.58031
1.57465
1.57465
1.57427
1.57427
1.57427
1.57427
1.56452
1.56452
1.56452
1.56452
1.56452
1.56452
1.56452
1.56452
1.56452
1.56452
1.56452
1.56452
1.56452
1.56452
1.56091
1.53576
1.53576
1.53576
1.53251
1.5181
1.5181
1.51646
1.51211
1.51211
1.51211
1.51012
1.51012
1.50848
1.50848
1.4996
1.4996
1.4996
1.4996
1.49563
1.49563
1.49563
1.49563
1.49563
1.49378
1.49423
1.49212
1.49212
1.49027
1.48947
1.48947
1.48947
1.48947
1.48947
1.48947
1.48947
1.48947
1.48947
1.48857
1.48857
1.48857
1.48857
1.48857
1.48506
1.48506
1.48506
1.48506
1.48506
1.48506
1.48506
1.48506
1.48506
1.48506
1.48506
1.48506
1.48506
1.48506
1.48506
1.48506
1.48506
1.48506
1.48506
1.48506
1.48506
1.48506
1.48506
1.4721
1.4721
1.4721
1.4721
1.4721
1.45612
1.45612
1.45612
1.45612
1.45612
1.45612
1.45334
1.45334
1.45334
1.45334
1.45334
1.45334
1.45334
1.45334
1.45334
1.44206
1.44206
1.43998
1.43998
1.43998
1.43998
1.43836
1.43836
1.43836
1.43836
1.43836
1.43836
1.43836
1.43836
1.4334
1.43132
1.43132
1.43132
1.43132
1.43132
1.43132
1.43132
1.43132
1.43132
1.43132
1.43132
1.43132
1.43132
1.43132
1.43132
1.43132
1.43132
1.43132
1.43132
1.43132
1.43132
1.43132
1.43132
1.43132
1.43132
1.43132
1.43132
1.43132
1.43132
1.43132
1.43132
1.43132
1.43132
1.43132
1.43132
1.43132
1.43132
1.43132
1.43132
1.43132
1.43132
1.43132
1.43132
1.43132
1.43132
1.43132
1.43132
1.42717
1.42717
1.42565
1.42565
1.42565
1.42565
1.42565
1.42565
1.42565
1.42565
1.42565
1.42565
1.42565
1.42565
1.42565
1.42565
1.42565
1.42565
1.42565
1.42436
1.42436
1.42436
1.42436
1.42436
1.42436
1.42232
1.42232
1.42232
1.42232
1.42232
1.42232
1.42232
1.42232
1.42232
1.42232
1.42232
1.42232
1.42232
1.42097
1.42097
1.42097
1.42097
1.42097
1.42097
1.42097
1.42097
1.42097
1.42097
1.42097
1.42097
1.42097
1.42097
1.42097
1.42097
1.42097
1.42097
1.42097
1.42097
1.41937
1.41937
1.41937
1.41728
1.41728
1.40969
1.40834
1.40834
1.40834
1.40834
1.40834
1.40834
1.40834
1.40834
1.40834
1.40834
1.40834
1.40834
1.40834
1.40834
1.40822
1.40822
1.40822
1.40822
1.40822
1.39781
1.39781
1.39781
1.39781
1.39646
1.39646
1.39646
1.37473
1.37473
1.37473
1.37473
1.37473
1.37473
1.37473
1.37473
1.37473
1.37473
1.37473
1.37317
1.37317
1.37317
1.37317
1.37182
1.37182
1.37182
1.37182
1.37182
1.37046
1.37046
1.36911
1.36911
1.36911
1.36911
1.36911
1.36911
1.36911
1.36911
1.36911
1.36911
1.36911
1.36911
1.36911
1.36911
1.3672
1.3672
1.3672
1.35582
1.35582
1.35582
1.35582
1.35582
1.35582
1.35582
1.35582
1.35582
1.35582
1.35582
1.35582
1.35582
1.35582
1.35582
1.35582
1.35582
1.35582
1.35582
1.35582
1.35582
1.35582
1.35582
1.35582
1.35582
1.35582
1.35582
1.35582
1.35582
1.35582
1.35582
1.35582
1.35582
1.35582
1.35582
1.35582
1.35582
1.35582
1.35582
1.35582
1.35582
1.35582
1.35582
1.35582
1.35582
1.35582
1.35582
1.35582
1.35582
1.35582
1.35582
1.35582
1.35582
1.35582
1.35582
1.35582
1.35582
1.35582
1.35582
1.35582
1.35582
1.35582
1.35582
1.35582
1.35582
1.35582
1.35582
1.35582
1.35582
1.35582
1.35582
1.35582
1.35582
1.35582
1.35582
1.35582
1.35582
1.35582
1.35582
1.35582
1.35582
1.35396
1.35396
1.35396
1.35396
1.35396
1.35396
1.35396
1.35396
1.35396
1.35396
1.35396
1.35396
1.35396
1.35396
1.35396
1.35199
1.35199
1.34796
1.34796
1.34796
1.34796
1.34796
1.34796
1.34796
1.34796
1.34796
1.34796
1.34796
1.34796
1.34796
1.34796
1.34796
1.34796
1.34796
1.34796
1.34796
1.34796
1.34796
1.34796
1.34796
1.34796
1.34796
1.34796
1.34796
1.34796
1.34796
1.34796
1.34796
1.34796
1.34796
1.34796
1.34796
1.34796
1.34796
1.34796
1.34796
1.34796
1.34796
1.34796
1.34796
1.34796
1.34796
1.34796
1.34796
1.34796
1.34796
1.34796
1.34614
1.34614
1.34614
1.33764
1.32473
1.32473
1.32056
1.32056
1.32056
1.32056
1.32056
1.32056
1.32056
1.32056
1.32056
1.32056
1.32056
1.32056
1.32056
1.32056
1.32056
1.32056
1.32056
1.32056
1.32056
1.32056
1.32056
1.32056
1.32056
1.32056
1.32056
1.32056
1.32056
1.32056
1.32056
1.32056
1.32056
1.32056
1.32056
1.32056
1.32056
1.32056
1.32056
1.32056
1.32056
1.32056
1.32056
1.32056
1.32056
1.32056
1.32056
1.32056
1.32056
1.32056
1.32056
1.32056
1.32056
1.32056
1.32056
1.32056
1.32056
1.32056
1.32056
1.32056
1.32056
1.32056
1.32056
1.32056
1.32056
1.32056
1.32056
1.32056
1.32056
1.32056
1.32056
1.32056
1.32056
1.32056
1.32056
1.32056
1.32056
1.32056
1.32056
1.31483
1.31404
1.31404
1.31404
1.31404
1.31404
1.31404
1.31404
1.31404
1.31404
1.31404
1.31404
1.31404
1.31404
1.31404
1.31404
1.31404
1.31404
1.31404
1.31404
1.31404
1.31404
1.29685
1.29685
1.29685
1.29685
1.29685
1.29685
1.29685
1.29685
1.29685
1.29685
1.29685
1.29685
1.29685
1.29685
1.29685
1.29685
1.29685
1.29685
1.29685
1.29685
1.29685
1.29685
1.29685
1.29685
1.29685
1.29685
1.29685
1.29685
1.29685
1.29685
1.29685
1.29685
1.29685
1.29685
1.29685
1.29685
1.29685
1.29685
1.29685
1.29685
1.29685
1.29685
1.29685
1.29685
1.29685
1.29685
1.29685
1.29685
1.28321
1.28321
1.28321
1.28228
1.28228
1.28228
1.28228
1.28228
1.28228
1.28228
1.28228
1.28228
1.28228
1.28228
1.28228
1.28228
1.28228
1.28228
1.28228
1.28228
1.28228
1.28228
1.28228
1.28228
1.28228
1.28228
1.28228
1.28228
1.28228
1.28228
1.28228
1.28228
1.28228
1.28228
1.28228
1.28228
1.28228
1.28228
1.28228
1.28228
1.28228
1.28228
1.28228
1.28228
1.28228
1.28228
1.28228
1.28228
1.28228
1.27517
1.27517
1.27517
1.26875
1.26782
1.26782
1.26571
1.26478
1.26478
1.26478
1.26478
1.26478
1.26478
1.26478
1.26478
1.26478
1.26478
1.26478
1.26478
1.26478
1.26478
1.26478
1.26478
1.26478
1.26478
1.26478
1.26478
1.26478
1.26478
1.26478
1.26478
1.26478
1.26478
1.26478
1.26478
1.26478
1.26478
1.26478
1.26478
1.26478
1.26478
1.26478
1.26478
1.26478
1.26478
1.26478
1.26478
1.26478
1.26478
1.26478
1.26478
1.26478
1.26391
1.26391
1.26391
1.26391
1.26391
1.26391
1.26391
1.26391
1.26085
1.26085
1.25037
1.24558
1.24558
1.24558
1.24558
1.24558
1.23972
1.23972
1.23972
1.23972
1.23972
1.23162
1.23162
1.23162
1.23162
1.23162
1.22707
1.21235
1.21235
1.21235
1.1997
1.1997
1.1997
1.1997
1.1997
1.1997
1.1997
1.1997
1.1997
1.1997
1.1997
1.1997
1.19512
1.19512
1.19512
1.19512
1.19512
1.19512
1.19512
1.19512
1.19512
1.19512
1.19512
1.19512
1.19512
1.19512
1.19512
1.19512
1.19512
1.19512
1.19512
1.19512
1.19512
1.19512
1.19512
1.19512
1.19512
1.19512
1.19512
1.19512
1.19512
1.19512
1.19512
1.19512
1.19512
1.19512
1.19512
1.19512
1.19512
1.19512
1.19512
1.19512
1.19512
1.19512
1.19512
1.19512
1.19512
1.19512
1.19512
1.19512
1.19512
1.19512
1.19512
1.19512
1.19512
1.19512
1.19512
1.19512
1.19512
1.19512
1.19512
1.19512
1.19512
1.19512
1.19512
1.19512
1.19512
1.19512
1.19512
1.19512
1.19512
1.19512
1.19512
1.19512
1.19512
1.19512
1.19512
1.19512
1.19512
1.19512
1.19512
1.19512
1.19512
1.19512
1.19512
1.19512
1.19512
1.19512
1.19512
1.19512
1.19512
1.19512
1.19512
1.19512
1.19512
1.19512
1.19512
1.19512
1.19512
1.19512
1.19512
1.19512
1.19512
1.19512
1.19512
1.19512
1.19512
1.19512
1.19512
1.19512
1.19512
1.19512
1.19512
1.19512
1.19512
1.19512
1.19512
1.19512
1.19512
1.19512
1.19512
1.19512
1.19512
1.19512
1.19512
1.19512
1.19512
1.19512
1.19512
1.19512
1.19512
1.19512
1.19512
1.19512
1.19512
1.19512
1.19512
1.19512
1.19512
1.19512
1.19512
1.19512
1.19512
1.19512
1.19512
1.19512
1.19512
1.19512
1.19512
1.19512
1.19512
1.19512
1.19226
1.19226
1.19226
1.19226
1.18824
1.18824
1.18633
1.18633
1.18633
1.18633
1.18633
1.18633
1.18633
1.18633
1.18633
1.18633
1.18633
1.18633
1.18633
1.18633
1.18633
1.18633
1.18633
1.18633
1.18633
1.18633
1.18633
1.18633
1.18633
1.18633
1.18633
1.18633
1.18633
1.18633
1.18633
1.18633
1.18575
1.18575
1.18575
1.18575
1.18575
1.18575
1.18575
1.18575
1.18575
1.18575
1.18575
1.18575
1.18575
1.18575
1.18575
1.18575
1.18575
1.18575
1.18575
1.18575
1.18575
1.18575
1.18575
1.18575
1.18575
1.18575
1.18575
1.18575
1.18575
1.18575
1.18575
1.18575
1.18575
1.18575
1.18575
1.18575
1.18575
1.18575
1.18575
1.18575
1.18575
1.18575
1.18575
1.18575
1.18575
1.18575
1.18575
1.18575
1.18575
1.18575
1.18575
1.18575
1.18575
1.18575
1.18575
1.18575
1.18575
1.18575
1.18575
1.18575
1.18575
1.18575
1.18575
1.18575
1.18575
1.18575
1.18575
1.18575
1.18575
1.18575
1.18575
1.18575
1.18575
1.18575
1.18575
1.18575
1.18575
1.18575
1.18575
1.18575
1.18575
1.18575
1.18575
1.18575
1.18575
1.18575
1.18575
1.18575
1.18575
1.18575
1.18575
1.18575
1.18575
1.18575
1.18575
1.18575
1.18575
1.18575
1.18575
1.18575
1.18575
1.18575
1.18575
1.18575
1.18575
1.18575
1.18575
1.18575
1.18575
1.18575
1.18575
1.18575
1.18575
1.18575
1.18575
1.18575
1.18575
1.18575
1.18575
1.18575
1.18575
1.18575
1.18575
1.18575
1.18575
1.18575
1.18575
1.18575
1.18575
1.18575
1.18575
1.18575
1.18575
1.18575
1.18575
1.18575
1.18575
1.18575
1.18575
1.18575
1.18575
1.18575
1.18575
1.18575
1.18575
1.18575
1.18575
1.18575
1.18575
1.18575
1.18575
1.18575
1.18575
1.18575
1.18575
1.18575
1.18575
1.18575
1.18575
1.18575
1.18575
1.18575
1.18575
1.18575
1.18575
1.18575
1.18575
1.18575
1.18575
1.18575
1.18575
1.18575
1.18575
1.18575
1.18575
1.18575
1.18575
1.18575
1.18575
1.18575
1.18575
1.18575
1.18575
1.18575
1.18575
1.1846
1.1846
1.1838
1.1838
1.1838
1.1838
1.1838
1.1838
1.1838
1.1838
1.1838
1.1838
1.1838
1.1838
1.1838
1.1838
1.1838
1.1838
1.1838
1.1838
1.1838
1.1838
1.1838
1.1838
1.1838
1.1838
1.1838
1.1838
1.1838
1.1838
1.1838
1.1838
1.1838
1.1838
1.1838
1.1838
1.1838
1.1838
1.1838
1.1838
1.1838
1.1838
1.1838
1.1838
1.1838
1.1838
1.1838
1.1838
1.1838
1.1838
1.1838
1.1838
1.1838
1.1838
1.1838
1.1838
1.1838
1.1838
1.1838
1.1838
1.1838
1.1838
1.1838
1.1838
1.1838
1.16157
1.16157
1.16157
1.16157
1.16157
1.16157
1.16157
1.16157
1.16157
1.16157
1.16157
1.16157
1.16157
1.16157
1.16157
1.16157
1.16157
1.16157
1.16157
1.16157
1.16157
1.16157
1.16157
1.16157
1.16157
1.16157
1.16157
1.16157
1.16157
1.16157
1.16157
1.16157
1.16157
1.16157
1.16157
1.16157
1.16157
1.16157
1.16157
1.16157
1.16157
1.16157
1.16157
1.16157
1.16157
1.16157
1.16157
1.16157
1.16157
1.16157
1.16157
1.16157
1.16157
1.16157
1.16157
1.16157
1.16157
1.16157
1.16157
1.16157
1.16157
1.16157
1.16157
1.16157
1.16157
1.16157
1.16157
1.16157
1.16157
1.16157
1.16157
1.16157
1.16157
1.16157
1.16157
1.16157
1.16157
1.16157
1.16157
1.16157
1.16157
1.16157
1.16157
1.16157
1.16157
1.16157
1.16157
1.16157
1.16157
1.16157
1.16157
1.16157
1.16157
1.16157
1.16157
1.16157
1.16157
1.16157
1.16157
1.16157
1.16157
1.16157
1.16157
1.16157
1.16157
1.16157
1.16157
1.16157
1.16157
1.16157
1.16157
1.16157
1.16157
1.16157
1.16157
1.16157
1.16157
1.16157
1.16157
1.16157
1.16157
1.16157
1.16157
1.16157
1.16157
1.16157
1.16157
1.16157
1.16157
1.16157
1.16157
1.16157
1.16157
1.16157
1.16157
1.16157
1.16157
1.16157
1.16157
1.16157
1.16157
1.16157
1.16157
1.16157
1.16157
1.16157
1.16157
1.16157
1.16157
1.16157
1.16157
1.16157
1.16157
1.16157
1.16157
1.16157
1.16157
1.16157
1.16157
1.16157
1.16157
1.16157
1.16157
1.16157
1.16157
1.16157
1.16157
1.16157
1.16157
1.16157
1.16157
1.16157
1.16157
1.16157
1.16157
1.16157
1.16157
1.16157
1.16157
1.16157
1.16157
1.16157
1.16157
1.16157
1.16157
1.16157
1.16157
1.16157
1.16157
1.16157
1.16157
1.16157
1.16157
1.16157
1.16157
1.16157
1.16157
1.16157
1.16157
1.16157
1.16157
1.16157
1.16157
1.16106
1.16106
1.16106
1.16106
1.16106
1.16106
1.16106
1.16106
1.16106
1.16106
1.15554
1.15554
1.15554
1.15554
1.15554
1.15554
1.15554
1.15554
1.15554
1.15554
1.15554
1.15554
1.15554
1.15554
1.15554
1.15554
1.15554
1.15554
1.15554
1.15554
1.15554
1.15554
1.15554
1.15554
1.15554
1.15554
1.15554
1.15554
1.15554
1.15554
1.15554
1.15554
1.15554
1.15554
1.15554
1.15554
1.15554
1.15554
1.15554
1.15554
1.15554
1.15554
1.15554
1.15554
1.15554
1.15554
1.15554
1.15554
1.15554
1.15554
1.15554
1.15554
1.15554
1.15554
1.15554
1.15554
1.15554
1.15554
1.15554
1.15554
1.15554
1.15554
1.15554
1.15554
1.15554
1.15554
1.15554
1.15554
1.15554
1.15554
1.15554
1.15554
1.15554
1.15554
1.15554
1.15554
1.15554
1.15554
1.15554
1.15554
1.15554
1.15554
1.15554
1.15554
1.15554
1.15554
1.15554
1.15554
1.15554
1.15554
1.15554
1.15554
1.15554
1.15554
1.15554
1.15554
1.15554
1.15554
1.15554
1.15554
1.15554
1.15554
1.15554
1.15554
1.15554
1.15554
1.15554
1.15554
1.15554
1.15554
1.15554
1.15554
1.15554
1.15512
1.15512
1.15512
1.15512
1.15512
1.15512
1.15512
1.15512
1.15512
1.15512
1.15512
1.15512
1.15512
1.15512
1.15512
1.15512
1.15512
1.15512
1.15512
1.15512
1.15512
1.15512
1.15512
1.15512
1.15512
1.15512
1.15512
1.15512
1.15512
1.15512
1.15512
1.15512
1.15512
1.15512
1.15512
1.15512
1.15512
1.15512
1.15512
1.15512
1.15512
1.15512
1.15512
1.15512
1.15512
1.15512
1.15512
1.15512
1.15512
1.15512
1.15512
1.15512
1.15512
1.15512
1.15512
1.15512
1.15512
1.15512
1.15512
1.15512
1.15512
1.15512
1.15512
1.15512
1.15512
1.15512
1.15512
1.15512
1.15512
1.15512
1.15512
1.15512
1.15512
1.15512
1.15512
1.15512
1.15512
1.15512
1.15512
1.15512
1.15512
1.15512
1.15512
1.15512
1.15512
1.15512
1.15512
1.15512
1.15512
1.15512
1.15512
1.15512
1.15512
1.15512
1.15512
1.15512
1.15512
1.15512
1.15512
1.15512
1.15512
1.15512
1.15512
1.15512
1.15512
1.15512
1.15512
1.15512
1.15512
1.15512
1.15512
1.15512
1.15512
1.15512
1.15512
1.15512
1.15512
1.15512
1.15512
1.15512
1.15512
1.15512
1.15512
1.15512
1.15512
1.15512
1.15512
1.15512
1.15512
1.15512
1.15512
1.15512
1.15512
1.15512
1.15512
1.15512
1.15512
1.15512
1.15512
1.15512
1.15512
1.15512
1.15512
1.15512
1.15512
1.15512
1.15512
1.15512
1.15512
1.15512
1.15512
1.15512
1.15512
1.15512
1.15512
1.15512
1.15512
1.15512
1.15512
1.15512
1.15512
1.15512
1.15512
1.15512
1.15512
1.15512
1.15512
1.15512
1.15512
1.15512
1.15512
1.15512
1.15512
1.15512
1.15512
1.15512
1.15512
1.15512
1.15512
1.15512
1.15512
1.15512
1.15512
1.15512
1.15512
1.15512
1.15512
1.15512
1.15512
1.15512
1.15512
1.15512
1.15512
1.15512
1.15512
1.15512
1.15512
1.15512
1.15512
1.15512
1.15512
1.15512
1.15512
1.15512
1.15512
1.15512
1.15512
1.15512
1.15512
1.15512
1.15512
1.15512
1.15512
1.15512
1.15512
1.15512
1.15512
1.15512
1.15512
1.15512
1.15512
1.15512
1.15512
1.15512
1.15512
1.15512
1.15512
1.15512
1.15512
1.15512
1.15512
1.15512
1.15512
1.15512
1.15512
1.15512
1.15512
1.15512
1.15512
1.15512
1.15512
1.15512
1.15512
1.15512
1.15512
1.15512
1.15512
1.15512
1.15512
1.15512
1.15512
1.15512
1.15512
1.15512
1.15512
1.15512
1.15512
1.15512
1.15512
1.15512
1.15512
1.15512
1.15512
1.15512
1.15512
1.15512
1.15512
1.15512
1.15512
1.15512
1.15512
1.15512
1.15512
1.15512
1.15512
1.15512
1.15512
1.15512
1.15512
1.15512
1.15512
1.15512
1.15512
1.15512
1.15512
1.15512
1.15512
1.15512
1.15512
1.15512
1.15512
1.15512
1.15512
1.15512
1.15512
1.15512
1.15512
1.15512
1.15512
1.15512
1.15155
1.14923
1.14923
1.14923
1.14923
1.14923
1.14923
1.14923
1.14923
1.14923
1.14923
1.14923
1.14923
1.14923
1.14923
1.14923
1.14923
1.14923
1.14923
1.14923
1.14923
1.14923
1.14923
1.14923
1.14923
1.14923
1.14923
1.14923
1.14923
1.14923
1.14923
1.14923
1.14923
1.14923
1.14923
1.14923
1.14923
1.14923
1.14923
1.14923
1.14923
1.14923
1.14923
1.14923
1.14923
1.14923
1.14923
1.14923
1.14923
1.14923
1.14923
1.14923
1.14923
1.14923
1.14923
1.14923
1.14923
1.14923
1.14923
1.14923
1.14923
1.14923
1.14923
1.14923
1.14923
1.14923
1.14923
1.14923
1.14923
1.14923
1.14923
1.14923
1.14923
1.14923
1.14923
1.14923
1.14923
1.14923
1.14923
1.14923
1.14923
1.14923
1.14923
1.14923
1.14923
1.14923
1.14923
1.14923
1.14923
1.14923
1.14923
1.14923
1.14923
1.14923
1.14923
1.14923
1.14923
1.14923
1.14923
1.14923
1.14923
1.14923
1.14923
1.14923
1.14923
1.14923
1.14923
1.14923
1.14923
1.14923
1.14923
1.14923
1.14923
1.14923
1.14923
1.14923
1.14923
1.14923
1.14923
1.14923
1.14923
1.14923
1.14923
1.14923
1.14923
1.14923
1.14923
1.14923
1.14923
1.14923
1.14923
1.14923
1.14923
1.14923
1.14923
1.14923
1.14923
1.14923
1.14923
1.14923
1.14923
1.14923
1.14923
1.14923
1.14923
1.14923
1.14923
1.14923
1.14923
1.14923
1.14923
1.14923
1.14923
1.14923
1.14923
1.14923
1.14923
1.14923
1.14923
1.14923
1.14923
1.14923
1.14923
1.14923
1.14923
1.14923
1.14923
1.14923
1.14923
1.14923
1.14923
1.14923
1.14923
1.14923
1.14923
1.14923
1.14702
1.14702
1.14469
1.14469
1.14469
1.14469
1.14469
1.14469
1.14469
1.14469
1.14469
1.14469
1.14469
1.14469
1.14469
1.14469
1.14469
1.14469
1.14469
1.14469
1.14469
1.14469
1.14469
1.14469
1.14469
1.14469
1.14469
1.14469
1.14469
1.14469
1.14469
1.14469
1.14469
1.14469
1.14469
1.14469
1.14469
1.14469
1.14469
1.14469
1.14469
1.14469
1.14469
1.14469
1.14469
1.14469
1.14469
1.14469
1.14469
1.14469
1.14469
1.14469
1.14469
1.14469
1.14469
1.14469
1.14469
1.14469
1.14469
1.14469
1.14469
1.14469
1.14469
1.14469
1.14414
1.14414
1.14414
1.14414
1.14373
1.14373
1.14373
1.14373
1.14373
1.14373
1.14373
1.14373
1.14373
1.14373
1.14373
1.14373
1.14373
1.14373
1.14373
1.14373
1.14373
1.14373
1.14373
1.14373
1.14373
1.14373
1.14373
1.14373
1.14373
1.14373
1.14373
1.14373
1.14373
1.14373
1.14373
1.14373
1.14373
1.14373
1.14373
1.14373
1.14373
1.14373
1.14373
1.14373
1.14373
1.14373
1.14373
1.14373
1.14373
1.14373
1.14373
1.14373
1.14373
1.14373
1.14373
1.14373
1.14373
1.14373
1.14171
1.13751
1.13751
1.13751
1.13751
1.13751
1.13751
1.13751
1.13751
1.13751
1.13751
1.13751
1.13751
1.13751
1.13751
1.13751
1.13751
1.13751
1.13751
1.13751
1.13751
1.13751
1.13751
1.13751
1.13751
1.13751
1.13751
1.13751
1.13751
1.13751
1.13751
1.13751
1.13751
1.13751
1.13751
1.13751
1.13751
1.13751
1.13751
1.13751
1.13751
1.13751
1.13751
1.13751
1.13751
1.13751
1.13751
1.13751
1.13751
1.13751
1.13751
1.13751
1.13751
1.13751
1.13751
1.13751
1.13751
1.13751
1.13751
1.13751
1.13751
1.13751
1.13751
1.13751
1.13751
1.13751
1.13751
1.13751
1.13751
1.13751
1.13751
1.13751
1.13751
1.13751
1.13751
1.13751
1.13751
1.13751
1.13751
1.13751
1.13751
1.13751
1.13751
1.13751
1.13751
1.13751
1.13751
1.13751
1.13751
1.13751
1.13751
1.13751
1.13751
1.13751
1.13751
1.13751
1.13751
1.13751
1.13751
1.13751
1.13751
1.13751
1.13751
1.13751
1.13751
1.13751
1.13751
1.13751
1.13751
1.13751
1.13751
1.13751
1.13751
1.13751
1.13751
1.13751
1.13751
1.13751
1.13751
1.13751
1.13751
1.13751
1.13751
1.13751
1.13751
1.13751
1.13751
1.13751
1.13751
1.13751
1.13751
1.13751
1.13751
1.13751
1.13751
1.13751
1.13751
1.13751
1.13751
1.13751
1.1366
1.1366
1.1366
1.1366
1.1366
1.1366
1.1366
1.1366
1.1366
1.1366
1.1366
1.1366
1.1366
1.1366
1.1366
1.1366
1.1366
1.1366
1.1366
1.1366
1.1366
1.1366
1.1366
1.1366
1.1366
1.1366
1.1366
1.1366
1.1366
1.1366
1.1366
1.1366
1.1366
1.1366
1.1366
1.1366
1.1366
1.1366
1.1366
1.1366
1.1366
1.1366
1.1366
1.1366
1.1366
1.1366
1.1366
1.1366
1.1366
1.1366
1.1366
1.1366
1.1366
1.1366
1.1366
1.1366
1.1366
1.1366
1.1366
1.1366
1.1366
1.1366
1.1366
1.1366
1.1366
1.1366
1.1366
1.1366
1.1366
1.1366
1.1366
1.1366
1.1366
1.1366
1.1366
1.1366
1.1366
1.1366
1.1366
1.1366
1.1366
1.1366
1.1366
1.1366
1.1366
1.1366
1.1366
1.1366
1.1366
1.1366
1.1366
1.1366
1.1366
1.1366
1.1366
1.1366
1.1366
1.1366
1.1366
1.1366
1.1366
1.1366
1.1366
1.1366
1.1366
1.1366
1.1366
1.1366
1.1366
1.1366
1.1366
1.1366
1.1366
1.1366
1.1366
1.1366
1.1366
1.1366
1.1366
1.1366
1.1366
1.1366
1.1366
1.1366
1.1366
1.1366
1.1366
1.1366
1.1366
1.1366
1.1366
1.1366
1.1366
1.1366
1.1366
1.1366
1.1366
1.1366
1.1366
1.1366
1.1366
1.1366
1.1366
1.1366
1.1366
1.1366
1.1366
1.1366
1.1366
1.1366
1.1366
1.1366
1.1366
1.1366
1.1366
1.1366
1.1366
1.1366
1.1366
1.1366
1.1366
1.1366
1.1366
1.1366
1.1366
1.1366
1.1366
1.1366
1.1366
1.1366
1.1366
1.1366
1.1366
1.1366
1.1366
1.1366
1.1366
1.1366
1.1366
1.1366
1.1366
1.1366
1.1366
1.1366
1.1366
1.1366
1.1366
1.1366
1.1366
1.1366
1.1366
1.1366
1.1366
1.1366
1.1366
1.1366
1.1366
1.1366
1.1366
1.1366
1.1366
1.1366
1.1366
1.1366
1.1366
1.1366
1.1366
1.1366
1.1366
1.1366
1.1366
1.1366
1.1366
1.1366
1.1366
1.1366
1.1366
1.1366
1.1366
1.1366
1.1366
1.1366
1.1366
1.1366
1.1366
1.1366
1.1366
1.1366
1.1366
1.1366
1.1366
1.1366
1.1366
1.1366
1.1366
1.1366
1.1366
1.1366
1.1366
1.1366
1.1366
1.1366
1.1366
1.1366
1.1366
1.1366
1.1366
1.1366
1.1366
1.1366
1.1366
1.1366
1.1366
1.1366
1.1366
1.1366
1.1366
1.1366
1.1366
1.1366
1.1366
1.1366
1.1366
1.1366
1.1366
1.1366
1.1366
1.1366
1.1366
1.1366
1.1366
1.1366
1.1366
1.1366
1.1366
1.1366
1.1366
1.1366
1.1366
1.1366
1.1366
1.1366
1.1366
1.1366
1.1366
1.1366
1.1366
1.1366
1.1366
1.1366
1.1366
1.1366
1.1366
1.1366
1.1366
1.1366
1.1366
1.1366
1.1366
1.1366
1.1366
1.1366
1.1366
1.1366
1.1366
1.1366
1.1366
1.1366
1.1366
1.1366
1.1366
1.1366
1.1366
1.1366
1.1366
1.1366
1.1366
1.1366
1.1366
1.1366
1.1366
1.1366
1.1366
1.1366
1.1366
1.1366
1.1366
1.1366
1.1366
1.1366
1.1366
1.1366
1.1366
1.1366
1.1366
1.1366
1.1366
1.1366
1.1366
1.1366
1.1366
1.1366
1.1366
1.1366
1.1366
1.1366
1.1366
1.1366
1.1366
1.1366
1.1366
1.1366
1.1366
1.1366
1.1366
1.1366
1.1366
1.1366
1.1366
1.1366
1.1366
1.1366
1.1366
1.1366
1.1366
1.1366
1.1366
1.1366
1.1366
1.1366
1.1366
1.1366
1.1366
1.1366
1.1366
1.1366
1.1366
1.1366
1.1366
1.1366
1.1366
1.1366
1.1366
1.1366
1.1366
1.1366
1.1366
1.1366
1.1366
1.1366
1.1366
1.1366
1.1366
1.1366
1.1366
1.1366
1.1366
1.1366
1.1366
1.1366
1.1366
1.1366
1.1366
1.1366
1.1366
1.1366
1.1366
1.1366
1.1366
1.1366
1.1366
1.1366
1.1366
1.1366
1.1366
1.1366
1.1366
1.1366
1.1366
1.1366
1.1366
1.1366
1.1366
1.1366
1.1366
1.1366
1.1366
1.1366
1.1366
1.1366
1.1366
1.1366
1.1366
1.1366
1.1366
1.1366
1.1366
1.1366
1.1366
1.1366
1.1366
1.1366
1.1366
1.1366
1.1366
1.1366
1.1366
1.1366
1.1366
1.1366
1.1366
1.1366
1.1366
1.1366
1.1366
1.1366
1.1366
1.1366
1.1366
1.1366
1.1366
1.1366
1.1366
1.1366
1.1366
1.1366
1.1366
1.1366
1.1366
1.1366
1.1366
1.1366
1.1366
1.1366
1.1366
1.1366
1.1366
1.1366
1.1366
1.1366
1.1366
1.1366
1.1366
1.1366
1.1366
1.1366
1.1366
1.1366
1.1366
1.1366
1.1366
1.1366
1.1366
1.1366
1.1366
1.1366
1.1366
1.1366
1.1366
1.1366
1.1366
1.1366
1.1366
1.1366
1.1366
1.1366
1.1366
1.1366
1.1366
1.1366
1.1366
1.1366
1.1366
1.1366
1.1366
1.1366
1.1366
1.1366
1.1366
1.1366
1.1366
1.1366
1.1366
1.1366
1.1366
1.1366
1.1366
1.1366
1.1366
1.1366
1.1366
1.1366
1.1366
1.1366
1.1366
1.1366
1.1366
1.1366
1.1366
1.1366
1.1366
1.1366
1.1366
1.1366
1.1366
1.1366
1.1366
1.1366
1.1366
1.1366
1.1366
1.1366
1.1366
1.1366
1.1366
1.1366
1.1366
1.1366
1.1366
1.1366
1.1366
1.1366
1.1366
1.1366
1.1366
1.1366
1.1366
1.1366
1.1366
1.1366
1.1366
1.1366
1.1366
1.1366
1.1366
1.1366
1.1366
1.1366
1.1366
1.1366
1.1366
1.1366
1.1366
1.1366
1.1366
1.1366
1.1366
1.1366
1.1366
1.1366
1.1366
1.1366
1.1366
1.1366
1.1366
1.1366
1.1366
1.1366
1.1366
1.1366
