3.84759
3.79022
3.7393
3.67263
3.41886
3.36078
3.3085
3.25098
3.15174
3.03141
3.03141
3.02424
3.00621
2.92894
2.91922
2.86147
2.85373
2.83566
2.79869
2.71882
2.71882
2.71882
2.71882
2.68103
2.57207
2.55696
2.50559
2.47825
2.44093
2.44093
2.44093
2.38517
2.34882
2.18461
2.18461
2.18247
2.15726
2.1358
2.12945
2.1158
2.09205
2.09205
2.07577
1.99692
1.99692
1.98829
1.97584
1.97584
1.88744
1.88744
1.88516
1.88516
1.88516
1.88516
1.86115
1.86115
1.85864
1.83969
1.83742
1.83719
1.83321
1.83321
1.83071
1.81153
1.81153
1.78641
1.78641
1.78641
1.78641
1.76701
1.76701
1.76701
1.74248
1.74248
1.74248
1.7414
1.70366
1.70366
1.70366
1.69781
1.69169
1.69169
1.69169
1.69169
1.69169
1.69169
1.68994
1.67365
1.67365
1.67365
1.67365
1.67365
1.67365
1.66743
1.66743
1.65906
1.6518
1.6518
1.64342
1.64342
1.64342
1.64342
1.64342
1.64342
1.63905
1.63905
1.63905
1.63905
1.63905
1.63905
1.63848
1.6173
1.60031
1.60031
1.60031
1.58065
1.57628
1.57628
1.57628
1.57628
1.57628
1.57628
1.57628
1.57628
1.57628
1.57628
1.54923
1.54923
1.54923
1.54923
1.54923
1.54923
1.54923
1.54923
1.54923
1.54923
1.54923
1.54582
1.53909
1.53909
1.53761
1.5337
1.52992
1.52368
1.52368
1.52368
1.52368
1.51341
1.51073
1.50962
1.50695
1.50695
1.50695
1.50695
1.491
1.49008
1.48923
1.48923
1.48923
1.48923
1.48923
1.4428
1.4428
1.43964
1.43964
1.43964
1.43135
1.42818
1.42818
1.42818
1.42818
1.42733
1.42733
1.42733
1.42733
1.42733
1.41497
1.40475
1.40475
1.39239
1.39239
1.39239
1.39239
1.33891
1.33891
1.33891
1.33891
1.33891
1.33891
1.33891
1.33891
1.33891
1.33891
1.33891
1.33891
1.32885
1.32885
1.32023
1.29745
1.29745
1.29745
1.29745
1.29745
1.29745
1.28659
1.2629
1.2629
1.2629
1.25504
1.25504
1.25504
1.25504
1.25504
1.25504
1.25504
1.25504
1.25504
1.25504
1.25504
1.25504
1.25504
1.25504
1.25504
1.25504
1.25504
1.25504
1.25504
1.25504
1.25504
1.25504
1.25504
1.25504
1.25504
1.25504
1.25504
1.25504
1.25504
1.25504
1.25504
1.25504
1.25504
1.25504
1.25504
1.25504
1.25504
1.25504
1.25504
1.25504
1.25461
1.25461
1.25461
1.25461
1.25461
1.25461
1.25445
1.25445
1.25445
1.25445
1.25445
1.25445
1.25445
1.25445
1.25445
1.25445
1.25161
1.25161
1.25161
1.25161
1.25161
1.25161
1.25161
1.25161
1.25161
1.25161
1.25145
1.25145
1.25145
1.24227
1.24227
1.22202
1.22202
1.18753
1.18753
1.1829
1.1829
1.1829
1.1829
1.1829
1.1829
1.1829
1.1829
1.1829
1.1829
1.1829
1.1829
1.1829
1.1829
1.1829
1.1829
1.1829
1.1829
1.1829
1.1829
1.1829
1.1829
1.16454
1.16454
1.16454
1.16454
1.16454
1.16454
1.16454
1.16454
1.16454
1.16454
1.16454
1.16454
1.16454
1.16454
1.16454
1.16454
1.16454
1.16454
1.16454
1.16454
1.16454
1.16454
1.16454
1.16454
1.16454
1.16454
1.16454
1.16454
1.16454
1.16454
1.16454
1.16454
1.16454
1.16454
1.16454
1.16454
1.16454
1.16454
1.16454
1.16454
1.16454
1.16454
1.16454
1.16454
1.16454
1.16454
1.16454
1.16454
1.16454
1.16454
1.16454
1.16454
1.16454
1.16454
1.16454
1.16454
1.16454
1.16454
1.16454
1.16454
1.16454
1.16454
1.16454
1.16454
1.16454
1.16454
1.16454
1.16454
1.16454
1.16454
1.16454
1.16204
1.16204
1.16204
1.16204
1.15356
1.15356
1.15356
1.15356
1.15356
1.15356
1.15356
1.15356
1.15356
1.15356
1.15356
1.15356
1.15356
1.15356
1.15356
1.15356
1.15356
1.15356
1.15356
1.15356
1.15356
1.15356
1.15356
1.15356
1.15356
1.15356
1.15356
1.15356
1.15356
1.15356
1.15356
1.15356
1.15356
1.15356
1.15356
1.15356
1.15356
1.15356
1.15356
1.15356
1.15356
1.15356
1.15356
1.15356
1.15356
1.15356
1.15356
1.15356
1.15356
1.15356
1.15356
1.15356
1.14533
1.14533
1.12633
1.12633
1.12633
1.12633
1.12633
1.12633
1.12633
1.11779
1.11779
1.11779
1.10693
1.10693
1.10693
1.10693
1.10693
1.10693
1.10693
1.10693
1.10693
1.10693
1.10693
1.10693
1.10693
1.10693
1.10693
1.10693
1.10693
1.10693
1.10693
1.10693
1.10693
1.10693
1.10693
1.10693
1.10693
1.10693
1.10693
1.10693
1.10693
1.10693
1.10693
1.10693
1.10693
1.10693
1.10693
1.10693
1.10693
1.10693
1.10693
1.10693
1.10693
1.10693
1.10693
1.10693
1.10693
1.10693
1.10693
1.10693
1.10693
1.10693
1.10693
1.10693
1.10693
1.10693
1.10693
1.10693
1.10693
1.10693
1.10693
1.10693
1.10693
1.10693
1.10693
1.10693
1.10693
1.10693
1.10693
1.10693
1.10693
1.10693
1.10693
1.10693
1.10693
1.10693
1.10693
1.10693
1.10693
1.10693
1.10693
1.10693
1.10693
1.10693
1.10693
1.10693
1.10693
1.10693
1.10693
1.10693
1.10693
1.10693
1.10693
1.10693
1.10693
1.10693
1.10693
1.10693
1.10693
1.10693
1.10693
1.10693
1.10693
1.10693
1.10693
1.10693
1.10693
1.10693
1.10693
1.10693
1.10693
1.10693
1.10693
1.10693
1.10693
1.10693
1.10693
1.10693
1.10693
1.10693
1.10693
1.10693
1.10693
1.10693
1.10693
1.10693
1.10693
1.10693
1.10693
1.10693
1.10693
1.10693
1.10693
1.10693
1.10693
1.10693
1.10693
1.10693
1.10693
1.10693
1.10693
1.10693
1.10693
1.10693
1.10693
1.10693
1.10693
1.10693
1.10693
1.10693
1.10693
1.10693
1.10693
1.10693
1.10693
1.10693
1.10693
1.10693
1.10693
1.10693
1.10693
1.10693
1.10693
1.10693
1.10693
1.10693
1.10693
1.10693
1.10693
1.10693
1.10693
1.10693
1.10693
1.10693
1.10693
1.10693
1.10693
1.10693
1.10693
1.10693
1.10693
1.10693
1.10693
1.10693
1.10693
1.10693
1.0927
1.0927
1.08703
1.08703
1.08703
1.08703
1.08703
1.08703
1.08703
1.08703
1.08703
1.08703
1.08703
1.08703
1.08703
1.08703
1.08703
1.08703
1.08703
1.08703
1.08703
1.08703
1.08703
1.08703
1.08703
1.08703
1.08703
1.08703
1.08703
1.08703
1.08703
1.08703
1.08703
1.08703
1.08703
1.08703
1.08703
1.08703
1.08703
1.08703
1.08703
1.08703
1.08703
1.08703
1.08703
1.08703
1.08703
1.08703
1.08703
1.08703
1.08703
1.08703
1.08703
1.08703
1.08703
1.08703
1.08703
1.08703
1.08703
1.08703
1.08703
1.08703
1.08703
1.08703
1.08703
1.08703
1.08703
1.08703
1.08703
1.08703
1.08703
1.08703
1.08703
1.08703
1.08703
1.08703
1.08703
1.08703
1.08703
1.08703
1.08703
1.08703
1.08703
1.08703
1.08703
1.08703
1.08703
1.08703
1.08703
1.08703
1.08703
1.08703
1.08703
1.08703
1.08546
1.08546
1.08546
1.08546
1.08546
1.08546
1.08546
1.08546
1.08546
1.08546
1.08546
1.08546
1.08546
1.08546
1.08546
1.08546
1.08546
1.08546
1.08546
1.08546
1.08546
1.08546
1.08546
1.08546
1.08546
1.08546
1.08546
1.08546
1.08546
1.08546
1.08546
1.08546
1.08546
1.08546
1.08546
1.08546
1.08546
1.08546
1.08546
1.08546
1.08546
1.08546
1.08546
1.08546
1.08546
1.08546
1.08546
1.08546
1.08546
1.08546
1.08546
1.08546
1.08546
1.08546
1.08546
1.08546
1.08546
1.08546
1.08546
1.08546
1.08546
1.08546
1.08546
1.08546
1.08546
1.08546
1.08546
1.08546
1.08546
1.08546
1.08546
1.08546
1.08546
1.08546
1.08546
1.08546
1.08546
1.08546
1.08546
1.08546
1.08546
1.08546
1.08546
1.08546
1.08546
1.08546
1.08546
1.08546
1.08546
1.08546
1.08546
1.08546
1.08546
1.08546
1.08546
1.08546
1.08546
1.08546
1.08546
1.08546
1.08546
1.08546
1.08546
1.08546
1.08546
1.08546
1.08546
1.08546
1.08546
1.08546
1.08546
1.08546
1.08546
1.08546
1.08546
1.08546
1.08546
1.08546
1.08546
1.08546
1.08546
1.08546
1.08546
1.08546
1.08546
1.08546
1.08546
1.08546
1.08546
1.08546
1.08546
1.08546
1.08546
1.08546
1.08546
1.08546
1.08546
1.08546
1.08546
1.08546
1.08546
1.08546
1.08546
1.08546
1.08546
1.08546
1.08386
1.08386
1.08386
1.08386
1.08386
1.08386
1.08386
1.08386
1.08386
1.08386
1.08386
1.08386
1.08386
1.08386
1.08386
1.08386
1.08386
1.08386
1.08386
1.08386
1.08386
1.08386
1.08386
1.08386
1.08386
1.08386
1.08386
1.08386
1.08386
1.08386
1.08386
1.08386
1.08386
1.08386
1.08386
1.08386
1.08386
1.08386
1.08386
1.08386
1.08386
1.08386
1.08386
1.08386
1.08386
1.08386
1.08386
1.08386
1.08386
1.08386
1.08386
1.08386
1.08386
1.08386
1.08386
1.08386
1.08386
1.08386
1.08386
1.08386
1.08386
1.08386
1.08386
1.08386
1.08386
1.08386
1.08386
1.08386
1.08386
1.08386
1.08386
1.08386
1.08386
1.08386
1.08386
1.08386
1.08386
1.08386
1.08386
1.08386
1.08386
1.08386
1.08386
1.08386
1.08386
1.08386
1.08386
1.08386
1.08386
1.08386
1.08386
1.08386
1.08386
1.08386
1.08386
1.08386
1.08386
1.08386
1.08386
1.08386
1.08386
1.08386
1.08386
1.08386
1.08386
1.08386
1.08386
1.08386
1.08386
1.08386
1.08386
1.08386
1.08386
1.08386
1.08386
1.08386
1.08386
1.08386
1.08386
1.08386
1.08386
1.08386
1.08386
1.08386
1.08386
1.08386
1.08386
1.08386
1.08386
1.08386
1.08386
1.08386
1.08386
1.08386
1.08386
1.08386
1.08386
1.08386
1.08386
1.08386
1.08386
1.08386
1.08386
1.08386
1.08386
1.08386
1.08177
1.08177
1.08177
1.08177
1.08177
1.08177
1.08177
1.08177
1.08177
1.08177
1.08177
1.08177
1.08177
1.08177
1.08177
1.08177
1.08177
1.08177
1.08177
1.08177
1.08177
1.08177
1.08177
1.08177
1.08177
1.08177
1.08177
1.08177
1.08177
1.08177
1.08177
1.08177
1.08177
1.08177
1.08177
1.08177
1.08177
1.08177
1.08177
1.08177
1.08177
1.08177
1.08177
1.08177
1.08177
1.08177
1.08177
1.08177
1.08177
1.08177
1.08177
1.08177
1.08177
1.08177
1.08177
1.08177
1.08177
1.08177
1.08177
1.08177
1.08177
1.08177
1.08177
1.08177
1.08177
1.08177
1.08177
1.08177
1.08177
1.08177
1.08177
1.08177
1.08177
1.08177
1.08177
1.08177
1.08177
1.08177
1.08177
1.08177
1.08177
1.08177
1.08177
1.08177
1.08177
1.08177
1.08177
1.08177
1.08177
1.08177
1.08177
1.08177
1.08177
1.08177
1.08177
1.08177
1.08177
1.08177
1.08177
1.08177
1.08177
1.08177
1.08177
1.08177
1.08177
1.08177
1.08177
1.08177
1.08177
1.08177
1.08177
1.08177
1.08177
1.08177
1.08177
1.08177
1.08177
1.08177
1.08177
1.08177
1.08177
1.08177
1.08177
1.08177
1.08177
1.08177
1.08177
1.08177
1.08177
1.08177
1.08177
1.08177
1.08177
1.08177
1.08177
1.08177
1.08177
1.08177
1.08177
1.08177
1.08177
1.08177
1.08177
1.08177
1.08177
1.08177
1.08177
1.08177
1.08177
1.08177
1.08177
1.08177
1.08177
1.08177
1.08177
1.08177
1.08177
1.08177
1.08177
1.08177
1.08177
1.08177
1.08177
1.08177
1.08177
1.08177
1.08177
1.08177
1.08177
1.08177
1.08177
1.08177
1.08177
1.08177
1.08177
1.08177
1.08177
1.08177
1.08177
1.08177
1.08177
1.08177
1.08177
1.08177
1.08177
1.08177
1.08177
1.08177
1.08177
1.08177
1.08177
1.08177
1.08177
1.08177
1.08177
1.08177
1.08177
1.08177
1.08177
1.08177
1.08177
1.08177
1.08177
1.08177
1.08177
1.08177
1.08177
1.08177
1.08177
1.08177
1.08177
1.08177
1.08177
1.08177
1.08177
1.08177
1.08177
1.08177
1.08177
1.08177
1.08177
1.08177
1.08177
1.08177
1.08177
1.08177
1.08177
1.08177
1.08177
1.08177
1.08177
1.08177
1.08177
1.08177
1.08177
1.08177
1.08177
1.08177
1.08177
1.08177
1.08177
1.08177
1.08177
1.08177
1.08177
1.08177
1.08177
1.08177
1.08177
1.08177
1.08177
1.08177
1.08177
1.08177
1.08177
1.08177
1.08177
1.08177
1.08177
1.08177
1.08177
1.08177
1.08177
1.08177
1.08177
1.08177
1.08177
1.08177
1.08177
1.08177
1.08177
1.08177
1.08177
1.08177
1.08177
1.08177
1.08177
1.08177
1.08177
1.08177
1.08177
1.08177
1.08177
1.08177
1.08177
1.08177
1.08177
1.08177
1.08177
1.08177
1.08177
1.08177
1.08177
1.08177
1.08177
1.08177
1.08177
1.08177
1.08177
1.08177
1.08177
1.08177
1.08177
1.08177
1.08177
1.08177
1.08177
1.08177
1.08177
1.08177
1.08177
1.08177
1.08177
1.08177
1.08177
1.08177
1.08177
1.08177
1.08177
1.08177
1.08177
1.08177
1.08177
1.08177
1.08177
1.08177
1.08177
1.08177
1.08177
1.08177
1.08177
1.08177
1.08177
1.08177
1.08177
1.08177
1.08177
1.08177
1.08177
1.08177
1.08177
1.08177
1.08177
1.08177
1.08177
1.08177
1.08177
1.08177
1.08177
1.08177
1.08177
1.08177
1.08177
1.08177
1.08177
1.08177
1.08177
1.08177
1.08177
1.08177
1.08177
1.08177
1.08177
1.08177
1.08177
1.08177
1.08177
1.08177
1.08177
1.08177
1.08177
1.08177
1.08177
1.08177
1.08177
1.08177
1.08177
1.08177
1.08177
1.08177
1.08177
1.08177
1.08177
1.08177
1.08177
1.08177
1.08177
1.08177
1.08177
1.08177
1.08177
1.08177
1.08177
1.08177
1.08177
1.08177
1.08177
1.08177
1.08177
1.08177
1.08177
1.08177
1.08177
1.08177
1.08177
1.08177
1.08177
1.08177
1.08177
1.08177
1.08177
1.08177
1.08177
1.08177
1.08177
1.08177
1.08177
1.08177
1.08177
1.08177
1.08177
1.08177
1.08177
1.08177
1.08177
1.08177
1.08177
1.08177
1.08177
1.08177
1.08177
1.08177
1.08177
1.08177
1.08177
1.08177
1.08177
1.08177
1.08177
1.08177
1.08177
1.08177
1.08177
1.08177
1.08177
1.08177
1.08177
1.08177
1.08177
1.08177
1.08177
1.08177
1.08177
1.08177
1.08177
1.08177
1.08177
1.08177
1.08177
1.08177
1.08177
1.08177
1.08177
1.08177
1.08177
1.08177
1.08177
1.08177
1.08177
1.08177
1.08177
1.08177
1.08177
1.08177
1.08177
1.08177
1.08177
1.08177
1.08177
1.08177
1.08177
1.08177
1.08177
1.08177
1.08177
1.08177
1.08177
1.08177
1.08177
1.08177
1.08177
1.08177
1.08177
1.08177
1.08177
1.08177
1.08177
1.08177
1.08177
1.08177
1.08177
1.08177
1.08177
1.08177
1.08177
1.08177
1.08177
1.08177
1.08177
1.08177
1.08177
1.08177
1.08177
1.08177
1.08177
1.08177
1.08177
1.08177
1.08177
1.08177
1.08177
1.08177
1.08177
1.08177
1.08177
1.08177
1.08177
1.08177
1.08177
1.08177
1.08177
1.08177
1.08177
1.08177
1.08177
1.08177
1.08177
1.08177
1.08177
1.08177
1.08177
1.08177
1.08177
1.08177
1.08177
1.08177
1.08177
1.08177
1.08177
1.08177
1.08177
1.08177
1.08177
1.08177
1.08177
1.08177
1.08177
1.08177
1.08177
1.08177
1.08177
1.08177
1.08177
1.08177
1.08177
1.08177
1.08177
1.08177
1.08177
1.08177
1.08177
1.08177
1.08177
1.08177
1.08177
1.08177
1.08177
1.08177
1.08177
1.08177
1.08177
1.08177
1.08177
1.08177
1.08177
1.08177
1.08177
1.08177
1.08177
1.08177
1.08177
1.08177
1.08177
1.08177
1.08177
1.08177
1.08177
1.08177
1.08177
1.08177
1.08177
1.08177
1.08177
1.08177
1.08177
1.08177
1.08177
1.08177
1.08177
1.08177
1.08177
1.08177
1.08177
1.08177
1.08177
1.08177
1.08177
1.08177
1.08177
1.08177
1.08177
1.08177
1.08177
1.08177
1.08177
1.08177
1.08177
1.08177
1.08177
1.08177
1.08177
1.08177
1.08177
1.08177
1.08177
1.08177
1.08177
1.08177
1.08177
1.08177
1.08177
1.08177
1.08177
1.08177
1.08177
1.08177
1.08177
1.08177
1.08177
1.08177
1.08177
1.08177
1.08177
1.08177
1.08177
1.08177
1.08177
1.08177
1.08177
1.08177
1.08177
1.08177
1.08177
1.08177
1.08177
1.08177
1.08177
1.08177
1.08177
1.08177
1.08177
1.08177
1.08177
1.08177
1.08177
1.08177
1.08177
1.08177
1.08177
1.08177
1.08177
1.08177
1.08177
1.08177
1.08177
1.08177
1.08177
1.08177
1.08177
1.08177
1.08177
1.08177
1.08177
1.08177
1.08177
1.08177
1.08177
1.08177
1.08177
1.08177
