10.3153
10.1966
9.81341
9.80408
9.65072
9.49326
9.31987
9.21492
9.21029
8.53707
8.2546
8.2546
8.2546
8.24886
7.98137
7.91585
7.80693
7.45724
7.45724
7.43642
7.43642
7.43642
7.35846
7.05896
7.05896
6.85409
6.85409
6.64652
6.64652
6.64652
6.59328
6.53536
6.42135
6.41617
6.29505
6.29469
6.17243
5.94288
5.94288
5.79787
5.79787
5.79787
5.76674
5.71267
5.63654
5.63654
5.56979
5.53275
5.53275
5.50724
5.11884
5.11292
5.11292
5.11292
5.11292
5.11292
5.08659
5.07529
5.03029
4.86921
4.86921
4.86921
4.86921
4.86921
4.86921
4.67711
4.67711
4.67711
4.65461
4.65461
4.61721
4.61686
4.54635
4.35876
4.35876
4.35876
4.25292
4.25292
4.25292
4.20256
4.20256
4.19082
4.14461
4.03453
4.03453
3.90137
3.87943
3.87943
3.87943
3.8791
3.86955
3.80812
3.78741
3.75005
3.7458
3.717
3.70667
3.70667
3.65606
3.6516
3.58163
3.58163
3.54587
3.54587
3.49802
3.49802
3.44464
3.44464
3.43073
3.42008
3.40845
3.40845
3.39146
3.38921
3.36485
3.34833
3.34833
3.33475
3.29238
3.29238
3.29194
3.25658
3.25658
3.21307
3.21307
3.21307
3.17606
3.17606
3.17606
3.17606
3.17606
3.16004
3.16004
3.12368
3.12368
3.12368
3.12368
3.1184
3.1184
3.10864
3.10559
3.10559
3.09023
3.08205
3.05686
3.05686
3.05125
2.99392
2.99392
2.99392
2.9728
2.9728
2.9728
2.9728
2.96508
2.96508
2.96508
2.96508
2.94589
2.94589
2.94458
2.92223
2.92223
2.89801
2.84165
2.84165
2.84165
2.83537
2.83537
2.81785
2.81785
2.81785
2.81241
2.80573
2.78797
2.78335
2.78335
2.77497
2.7628
2.74641
2.74641
2.74641
2.74641
2.74641
2.72964
2.72964
2.72964
2.72741
2.72741
2.71647
2.67758
2.67758
2.67758
2.67758
2.67758
2.67137
2.66421
2.66421
2.65248
2.65248
2.65248
2.65248
2.65248
2.65248
2.63078
2.62857
2.62857
2.61633
2.61633
2.61633
2.61089
2.60374
2.58964
2.58057
2.57322
2.57322
2.56674
2.56674
2.55002
2.54074
2.54074
2.53378
2.52754
2.51872
2.51735
2.50801
2.4933
2.4933
2.48942
2.48942
2.48893
2.4855
2.47926
2.47612
2.46481
2.46159
2.46159
2.45524
2.45209
2.45209
2.45181
2.45181
2.44966
2.44409
2.43154
2.42904
2.42904
2.42024
2.42024
2.42024
2.42024
2.42001
2.41613
2.41301
2.39638
2.39638
2.39638
2.39036
2.38866
2.38431
2.38105
2.38105
2.37239
2.37239
2.37239
2.36721
2.34622
2.34622
2.34622
2.34037
2.34037
2.34037
2.32448
2.32432
2.31409
2.31409
2.313
2.31004
2.31004
2.30193
2.30193
2.30193
2.29579
2.29579
2.28935
2.28935
2.28683
2.28683
2.27931
2.27931
2.27858
2.27329
2.27232
2.27232
2.27232
2.27116
2.27001
2.26977
2.26776
2.26766
2.26489
2.26489
2.26487
2.25958
2.25958
2.25958
2.25115
2.25115
2.25098
2.25045
2.24793
2.24119
2.23975
2.23588
2.23588
2.23302
2.23302
2.23302
2.23302
2.23302
2.22293
2.22293
2.22293
2.22293
2.22293
2.22251
2.22251
2.21798
2.20746
2.20746
2.20746
2.20746
2.20447
2.20447
2.20447
2.20447
2.20121
2.20121
2.19757
2.19757
2.19757
2.19757
2.19757
2.19757
2.19458
2.19458
2.19458
2.19431
2.1918
2.1918
2.19165
2.17992
2.17992
2.17992
2.17992
2.17213
2.17007
2.17007
2.16555
2.16431
2.16431
2.16153
2.15698
2.15437
2.15437
2.15432
2.15432
2.15015
2.15015
2.14618
2.14618
2.14445
2.14445
2.14181
2.13958
2.1386
2.13516
2.13389
2.13125
2.12711
2.12711
2.11832
2.11832
2.1139
2.1139
2.10881
2.10594
2.10594
2.10467
2.10467
2.10318
2.10318
2.10318
2.09986
2.09931
2.09931
2.09316
2.09136
2.09136
2.09136
2.09104
2.09104
2.09104
2.08835
2.08835
2.08835
2.08835
2.08453
2.08453
2.08453
2.07972
2.07972
2.07972
2.07939
2.07939
2.07939
2.07939
2.07939
2.07939
2.07939
2.07622
2.0714
2.0714
2.0714
2.0714
2.0714
2.0714
2.0714
2.0714
2.0714
2.06954
2.06954
2.06818
2.06818
2.06509
2.06509
2.06509
2.06208
2.06208
2.06187
2.05441
2.05441
2.05441
2.05441
2.05121
2.05121
2.05121
2.05121
2.05121
2.05121
2.05121
2.05121
2.05121
2.05121
2.05051
2.05051
2.05051
2.04942
2.04872
2.04437
2.04437
2.04437
2.04366
2.0393
2.0393
2.0393
2.0393
2.0393
2.03918
2.03918
2.03918
2.03918
2.0384
2.03664
2.03664
2.03309
2.03309
2.03309
2.03158
2.03158
2.03158
2.03016
2.03016
2.02549
2.02549
2.02549
2.02549
2.02549
2.02492
2.02488
2.02246
2.01728
2.01728
2.01728
2.01728
2.01519
2.01519
2.01519
2.01519
2.01519
2.01519
2.01519
2.01519
2.01519
2.01519
2.01307
2.00123
1.99948
1.9983
1.9983
1.99332
1.99332
1.99332
1.987
1.987
1.98552
1.97791
1.97791
1.97095
1.95063
1.95063
1.95063
1.95005
1.95005
1.95005
1.95005
1.95005
1.9446
1.9446
1.94116
1.93599
1.93234
1.93234
1.92567
1.92567
1.92218
1.92218
1.92218
1.92218
1.92218
1.92172
1.92172
1.9199
1.9199
1.9199
1.9199
1.9199
1.9199
1.91626
1.91626
1.91626
1.91626
1.91626
1.91626
1.9158
1.9158
1.9158
1.9158
1.9158
1.9158
1.9158
1.9158
1.9158
1.9158
1.9158
1.9158
1.91559
1.91559
1.90876
1.90876
1.90876
1.90822
1.90626
1.9041
1.9041
1.90364
1.89814
1.89814
1.89814
1.89814
1.89814
1.89814
1.89814
1.89814
1.89814
1.89814
1.89814
1.89814
1.88197
1.88197
1.86666
1.84994
1.84994
1.84994
1.84994
1.84994
1.84994
1.84994
1.84994
1.84994
1.84946
1.84946
1.84836
1.84836
1.8425
1.83809
1.82771
1.82771
1.82771
1.82771
1.82771
1.82771
1.82771
1.82771
1.82771
1.82771
1.82771
1.82771
1.82771
1.82771
1.82733
1.82733
1.82733
1.82726
1.82726
1.82726
1.82726
1.82726
1.82726
1.82726
1.82517
1.82517
1.82517
1.82517
1.8251
1.8251
1.8131
1.81106
1.81106
1.80691
1.80646
1.80646
1.80646
1.80309
1.80309
1.78889
1.78844
1.78844
1.78844
1.78844
1.78844
1.78844
1.78844
1.78844
1.78367
1.78367
1.7731
1.7731
1.7731
1.76995
1.76995
1.76995
1.76995
1.76995
1.76995
1.76995
1.76995
1.76995
1.76995
1.76995
1.76995
1.76995
1.76995
1.76189
1.76189
1.73962
1.73962
1.72087
1.72087
1.7196
1.7196
1.71356
1.71356
1.71356
1.71356
1.71356
1.71356
1.71356
1.71102
1.71102
1.71102
1.71102
1.71102
1.71102
1.71102
1.71102
1.71102
1.70871
1.70871
1.70693
1.70693
1.70693
1.70693
1.70193
1.69963
1.69963
1.69963
1.69963
1.69963
1.69963
1.69963
1.69963
1.69963
1.69963
1.69784
1.69784
1.69784
1.69784
1.69784
1.69784
1.69784
1.69784
1.69784
1.69784
1.69784
1.69784
1.69784
1.6975
1.69579
1.69579
1.69579
1.69579
1.69579
1.69579
1.69571
1.69571
1.69571
1.69411
1.69411
1.69411
1.69411
1.69411
1.69403
1.69403
1.69403
1.69403
1.69403
1.69403
1.69403
1.69403
1.69403
1.69403
1.69403
1.69403
1.69403
1.69403
1.69403
1.69403
1.69403
1.69403
1.68885
1.68885
1.68885
1.68885
1.68885
1.68885
1.68885
1.68885
1.68885
1.68885
1.68693
1.68693
1.68693
1.68693
1.68693
1.68693
1.68693
1.68693
1.68693
1.68693
1.68693
1.68693
1.68685
1.68685
1.68685
1.68685
1.68685
1.68685
1.68685
1.68685
1.68685
1.68685
1.68685
1.68685
1.68685
1.68685
1.68685
1.68685
1.68685
1.68685
1.68685
1.68685
1.68685
1.68685
1.68685
1.68685
1.68685
1.68685
1.68685
1.68685
1.68685
1.68685
1.68685
1.68685
1.68685
1.68685
1.68685
1.68685
1.68685
1.68685
1.68685
1.68685
1.68685
1.68685
1.68685
1.68685
1.68685
1.68685
1.68685
1.68685
1.68685
1.68685
1.68685
1.68685
1.68685
1.68685
1.68675
1.68675
1.68675
1.68675
1.68675
1.68675
1.68675
1.68675
1.68675
1.68675
1.68675
1.68675
1.68675
1.68318
1.68318
1.68318
1.68318
1.68318
1.68318
1.68318
1.68318
1.68308
1.68308
1.68308
1.68308
1.67779
1.67533
1.67533
1.67533
1.67533
1.67533
1.67533
1.67533
1.67533
1.66963
1.66963
1.66963
1.66963
1.66963
1.66963
1.6619
1.64575
1.64575
1.64575
1.63558
1.63391
1.62503
1.62335
1.62335
1.62335
1.62335
1.62335
1.62335
1.62335
1.62335
1.62335
1.62335
1.62335
1.62302
1.62221
1.61861
1.61861
1.61861
1.61861
1.61861
1.61861
1.61861
1.61861
1.61861
1.61861
1.61683
1.61683
1.61683
1.61683
1.61683
1.61683
1.61683
1.61683
1.61683
1.61683
1.61683
1.61683
1.61683
1.61683
1.61683
1.61683
1.61683
1.61683
1.61683
1.61683
1.61683
1.61683
1.61683
1.61683
1.61683
1.61683
1.61683
1.61683
1.61683
1.61683
1.61683
1.61683
1.61342
1.61087
1.61087
1.60649
1.60559
1.60559
1.60559
1.59511
1.59511
1.59511
1.59511
1.59073
1.59073
1.59073
1.59073
1.59073
1.59073
1.59073
1.59073
1.59073
1.59073
1.59073
1.59073
1.59073
1.59073
1.59073
1.59073
1.59073
1.59073
1.59073
1.59073
1.59073
1.59073
1.59073
1.59073
1.59073
1.59073
1.59073
1.59073
1.59073
1.59073
1.59073
1.59073
1.59073
1.59073
1.59073
1.59073
1.59073
1.59073
1.59073
1.59073
1.59073
1.59073
1.59073
1.59073
1.59073
1.59073
1.59073
1.59073
1.59073
1.59073
1.59073
1.59073
1.59073
1.59073
1.59073
1.59073
1.57322
1.57322
1.57322
1.57322
1.56978
1.55876
1.55393
1.55393
1.55393
1.55393
1.55393
1.55393
1.55393
1.55393
1.55393
1.55393
1.55393
1.55393
1.55393
1.55393
1.55393
1.55393
1.55393
1.55393
1.55393
1.55393
1.55393
1.55393
1.55393
1.55393
1.55393
1.55393
1.55393
1.55393
1.55393
1.55393
1.55393
1.55393
1.55393
1.55393
1.55393
1.55393
1.55393
1.55393
1.55393
1.55393
1.55393
1.55393
1.55393
1.55393
1.55393
1.55393
1.55393
1.55393
1.55393
1.55186
1.55186
1.55186
1.55186
1.55186
1.55186
1.55186
1.5496
1.5496
1.5496
1.5496
1.5496
1.5496
1.4165
1.4165
1.4165
1.4165
1.4165
1.4165
1.4165
1.4165
1.4165
1.4165
1.4165
1.4165
1.4165
1.41425
1.41425
1.41052
1.41052
1.41052
1.41052
1.41052
1.41052
1.41052
1.41052
1.41052
1.41052
1.41052
1.41052
1.41052
1.41052
1.41052
1.41052
1.41052
1.41052
1.41052
1.41052
1.41052
1.41052
1.41052
1.41052
1.41052
1.41052
1.41052
1.41052
1.41052
1.41052
1.41052
1.41052
1.41052
1.41052
1.41052
1.41052
1.41052
1.41052
1.41052
1.41052
1.41052
1.40724
1.40724
1.40724
1.40724
1.40724
1.40724
1.40578
1.40578
1.40578
1.40578
1.40578
1.40578
1.40578
1.40578
1.40578
1.40578
1.40578
1.40578
1.40578
1.40578
1.40578
1.40578
1.40578
1.40578
1.40578
1.40578
1.40578
1.40578
1.40578
1.40578
1.40578
1.40578
1.40578
1.40578
1.40578
1.40578
1.40578
1.40578
1.40578
1.40578
1.40578
1.40578
1.40578
1.40578
1.40578
1.40417
1.40417
1.40417
1.40417
1.40417
1.40417
1.40417
1.40417
1.40417
1.40417
1.40417
1.40417
1.40417
1.40417
1.40417
1.40417
1.40372
1.40372
1.40372
1.40372
1.40372
1.40372
1.40367
1.40367
1.40367
1.40367
1.40367
1.40367
1.40367
1.40367
1.40367
1.40335
1.40335
1.40335
1.40335
1.40335
1.40335
1.40335
1.40231
1.40231
1.40231
1.40231
1.40062
1.40062
1.40062
1.40062
1.40062
1.40062
1.40062
1.40062
1.40062
1.40062
1.39534
1.39534
1.39534
1.39534
1.39534
1.39534
1.39534
1.39534
1.39534
1.39393
1.39393
1.39393
1.39393
1.39393
1.39393
1.39393
1.39393
1.39393
1.39393
1.39393
1.39393
1.39393
1.39393
1.39393
1.39279
1.39279
1.39279
1.39279
1.39279
1.39279
1.39279
1.39279
1.39279
1.39279
1.39279
1.39279
1.39279
1.39279
1.39279
1.39279
1.39279
1.39279
1.39279
1.39279
1.39279
1.39279
1.39279
1.39279
1.39279
1.39279
1.39279
1.39279
1.39279
1.39279
1.39279
1.39279
1.39279
1.39279
1.39279
1.39279
1.39279
1.39279
1.39279
1.39279
1.39279
1.39279
1.39279
1.39279
1.39279
1.39279
1.39279
1.39279
1.39279
1.39279
1.39279
1.39279
1.39279
1.39279
1.39279
1.39279
1.39279
1.39279
1.39279
1.39279
1.39279
1.39279
1.39279
1.39279
1.39279
1.39279
1.39279
1.39279
1.39279
1.39279
1.39279
1.39279
1.39279
1.39122
1.38508
1.38508
1.38508
1.3792
1.3792
1.37253
1.37042
1.37042
1.37042
1.37042
1.37042
1.37042
1.37042
1.37042
1.37042
1.37042
1.37042
1.37042
1.37042
1.37042
1.37042
1.37042
1.37042
1.37042
1.37042
1.37042
1.37042
1.37042
1.37042
1.37042
1.37042
1.37042
1.37042
1.37042
1.37042
1.37042
1.37042
1.37042
1.37042
1.37042
1.37042
1.37042
1.37042
1.37042
1.37042
1.37042
1.37042
1.37042
1.37042
1.37042
1.37042
1.37042
1.37042
1.37042
1.36879
1.36879
1.36879
1.36879
1.36879
1.36879
1.36879
1.36879
1.36879
1.36879
1.36879
1.36879
1.36879
1.36879
1.36879
1.36879
1.36879
1.36879
1.36879
1.36879
1.36879
1.36879
1.36879
1.36879
1.36879
1.36879
1.36879
1.36879
1.36879
1.36879
1.36539
1.36539
1.36539
1.36539
1.36539
1.36539
1.36539
1.36539
1.36539
1.36539
1.36539
1.36539
1.36539
1.36539
1.36539
1.36539
1.36539
1.36539
1.36539
1.36539
1.36539
1.36539
1.36539
1.36539
1.36539
1.36539
1.36539
1.36539
1.36539
1.36539
1.36539
1.36539
1.36539
1.36539
1.36539
1.36539
1.36539
1.36539
1.36539
1.36539
1.36239
1.36239
1.35626
1.35626
1.35626
1.35626
1.35626
1.35626
1.35626
1.35626
1.35626
1.35626
1.35326
1.35326
1.35326
1.35326
1.35326
1.35326
1.35326
1.35326
1.35326
1.35326
1.35326
1.35326
1.35326
1.35326
1.35326
1.35326
1.35326
1.35326
1.35326
1.35326
1.35326
1.35326
1.35326
1.35326
1.35326
1.35326
1.34221
1.34221
1.34221
1.34221
1.34221
1.34221
1.34221
1.34221
1.34221
1.34221
1.34221
1.34221
1.34221
1.34221
1.34221
1.34221
1.34221
1.34221
1.34221
1.34221
1.34221
1.34221
1.34221
1.34221
1.34221
1.34221
1.34221
1.34221
1.34221
1.34221
1.34221
1.34221
1.34221
1.34221
1.34221
1.34221
1.34221
1.34221
1.34221
1.34221
1.34221
1.34221
1.34221
1.34221
1.34221
1.34221
1.34221
1.34221
1.34221
1.34221
1.34221
1.34221
1.34221
1.34221
1.34221
1.34221
1.34221
1.34221
1.34221
1.34221
1.34221
1.34221
1.34221
1.34221
1.34221
1.34221
1.34221
1.34221
1.34221
1.34221
1.34221
1.34221
1.34221
1.34221
1.34221
1.34221
1.34221
1.34221
1.34221
1.34221
1.34221
1.34221
1.34221
1.34221
1.34221
1.34221
1.34221
1.34126
1.34126
1.34126
1.34126
1.34126
1.34126
1.34126
1.34126
1.34126
1.34126
1.34126
1.34126
1.34126
1.34126
1.34126
1.34126
1.34126
1.34126
1.34126
1.34126
1.34126
1.34126
1.34126
1.34126
1.34126
1.34126
1.34126
1.34126
1.34126
1.34126
1.34126
1.34126
1.34126
1.34126
1.34126
1.34126
1.34126
1.34126
1.34126
1.34126
1.34126
1.34126
1.34126
1.34126
1.34126
1.34126
1.34126
1.34126
1.34126
1.34126
1.34126
1.34126
1.34126
1.34126
1.34126
1.34126
1.34126
1.34126
1.34126
1.34126
1.34126
1.34126
1.34126
1.34126
1.34126
1.34126
1.34126
1.34126
1.34126
1.34126
1.34126
1.34126
1.34126
1.34126
1.34126
1.34126
1.34126
1.34126
1.34126
1.34126
1.34126
1.34126
1.34126
1.34126
1.34126
1.34126
1.34126
1.34126
1.34126
1.34126
1.34126
1.34126
1.34126
1.34126
1.34126
1.34126
1.34126
1.34126
1.34126
1.34126
1.34126
1.34126
1.34126
1.34126
1.34126
1.34126
1.34126
1.34126
1.34126
1.34126
1.34126
1.34126
1.34126
1.34126
1.34126
1.34126
1.34126
1.34126
1.34126
1.34126
1.34126
1.34126
1.34126
1.34126
1.34126
1.34126
1.34126
1.34126
1.34126
1.34126
1.34126
1.34126
1.34126
1.34126
1.34126
1.34126
1.34126
1.34126
1.34126
1.34126
1.34126
1.34126
1.34126
1.34126
1.34126
1.34126
1.34126
1.34126
1.34126
1.34126
1.34126
1.34126
1.34126
1.34126
1.34126
1.34126
1.34126
1.34126
1.34126
1.34126
1.34126
1.34126
1.34126
1.34126
1.34126
1.34126
1.34126
1.34126
1.34126
1.34126
1.34126
1.34126
1.34126
1.34126
1.34126
1.34126
1.34126
1.34126
1.34126
1.34126
1.34126
1.34126
1.34126
1.34126
1.34126
1.34126
1.34126
1.34126
1.34126
1.34126
1.34126
1.34126
1.34126
1.34126
1.34126
1.34126
1.34126
1.34126
1.34126
1.34126
1.34126
1.34126
1.34126
1.34126
1.34126
1.34126
1.34126
1.34126
1.34126
1.34126
1.34126
1.34126
1.34126
1.34126
1.34126
1.34126
1.34126
1.34126
1.34126
1.34126
1.34126
1.34126
1.34126
1.34126
1.34126
1.34126
1.34126
1.34126
1.34126
1.34126
1.34126
1.34126
1.34126
1.34126
1.34126
1.34126
1.34126
1.34126
1.34126
1.34126
1.34126
1.34126
1.34126
1.33735
1.33735
1.33735
1.33735
1.33735
1.33735
1.33735
1.33735
1.33735
1.33735
1.33735
1.33735
1.33735
1.33735
1.33735
1.33735
1.33735
1.33735
1.33735
1.33735
1.33735
1.33735
1.33735
1.33735
1.33735
1.33735
1.33735
1.33735
1.33735
1.33735
1.33735
1.33735
1.33735
1.33735
1.33735
1.33735
1.33735
1.33735
1.33735
1.33735
1.33735
1.33735
1.33735
1.33735
1.33668
1.33668
1.33668
1.33668
1.33668
1.33668
1.33668
1.33668
1.33668
1.33668
1.33668
1.33668
1.33668
1.33668
1.33668
1.33668
1.33668
1.33668
1.33668
1.33668
1.33668
1.33668
1.33668
1.33668
1.33668
1.33668
1.33668
1.33668
1.33668
1.33668
1.33668
1.33668
1.33668
1.33668
1.33668
1.33668
1.33668
1.33668
1.33668
1.33668
1.33668
1.33668
1.33668
1.33668
1.33668
1.33668
1.33668
1.33668
1.33668
1.33668
1.33668
1.33668
1.33668
1.33668
1.33668
1.33668
1.33668
1.33668
1.33668
1.33668
1.33668
1.33668
1.33668
1.33668
1.33668
1.33668
1.33668
1.33668
1.33668
1.33668
1.33668
1.33668
1.33668
1.33668
1.33668
1.33668
1.33668
1.33668
1.33668
1.33668
1.33668
1.33668
1.33668
1.33668
1.33668
1.33668
1.33668
1.33668
1.33668
1.33668
1.33668
1.33668
1.33668
1.33668
1.33668
1.33668
1.33668
1.33668
1.33668
1.33668
1.33668
1.33668
1.33668
1.33668
1.33668
1.33668
1.33668
1.33668
1.33668
1.33668
1.33668
1.33668
1.33668
1.33668
1.33668
1.33668
1.33668
1.33668
1.33668
1.33668
1.33668
1.33668
1.33668
1.33668
1.33668
1.33668
1.33668
1.33668
1.33668
1.33668
1.33668
1.33668
1.33668
1.33668
1.33668
1.33668
1.33668
1.33668
1.33668
1.33668
1.33668
1.33668
1.33668
1.33299
1.33299
1.33299
1.33299
1.33299
1.33299
1.33299
1.33299
1.33299
1.33299
1.33299
1.33299
1.33299
1.33299
1.33299
1.33299
1.33299
1.33299
1.33299
1.33299
1.33299
1.33299
1.33299
1.33299
1.33299
1.33299
1.33299
1.33299
1.33299
1.33299
1.33299
1.33299
1.33299
1.33299
1.33299
1.33299
1.33299
1.33299
1.33299
1.33299
1.33299
1.33299
1.33299
1.33299
1.33299
1.33299
1.33299
1.33299
1.33299
1.33299
1.33299
1.33299
1.33299
1.33299
1.33299
1.33299
1.33299
1.33299
1.33299
1.33299
1.33299
1.33299
1.33299
1.33299
1.33299
1.33299
1.33299
1.33299
1.33299
1.33299
1.33299
1.33299
1.33299
1.33299
1.33299
1.33299
1.33299
1.33299
1.33299
1.33299
1.33299
1.33299
1.33299
1.33299
1.33299
1.33299
1.33299
1.33299
1.33299
1.33299
1.33299
1.33299
1.33299
1.33299
1.33299
1.33299
1.33299
1.33299
1.33299
1.33299
1.33299
1.33299
1.33299
1.33299
1.33299
1.33299
1.33299
1.33299
1.33299
1.33299
1.33299
1.33299
1.33299
1.33299
1.33299
1.33299
1.33299
1.33299
1.33299
1.33299
1.33299
1.33299
1.33253
1.33253
1.33253
1.33253
1.33253
1.33253
1.33253
1.33253
1.33253
1.33253
1.33253
1.33253
1.33253
1.33253
1.33253
1.33253
1.33253
1.33253
1.33253
1.33253
1.33253
1.33253
1.33253
1.33253
1.33253
1.33253
1.33253
1.33253
1.33253
1.33253
1.33253
1.33253
1.33253
1.33253
1.33253
1.33253
1.33253
1.33253
1.33253
1.33253
1.33253
1.33253
1.33253
1.33253
1.33253
1.33253
1.33253
1.33253
1.33253
1.33253
1.33253
1.33253
1.33253
1.33253
1.33253
1.33253
1.33253
1.33253
1.33253
1.33253
1.33253
1.33253
1.33253
1.33253
1.33253
1.33253
1.33253
1.33253
1.33253
1.33253
1.33253
1.33253
1.33253
1.33253
1.33253
1.33253
1.33253
1.33253
1.33253
1.33253
1.33253
1.33253
1.33253
1.33253
1.33253
1.33253
1.33253
1.33253
1.33253
1.33253
1.33253
1.33253
1.33253
1.33253
1.33253
1.33253
1.33253
1.33253
1.33253
1.33214
1.33214
1.33214
1.33214
1.33214
1.33214
1.33214
1.33214
1.33214
1.33214
1.33214
1.33214
1.33214
1.33214
1.33214
1.33214
1.33214
1.33214
1.33214
1.33214
1.33214
1.33214
1.33214
1.33214
1.33214
1.33214
1.33214
1.33214
1.33214
1.33214
1.33214
1.33214
1.33214
1.33214
1.33214
1.33214
1.33214
1.33214
1.33214
1.33214
1.33214
1.33214
1.33214
1.33214
1.33214
1.33214
1.33214
1.33214
1.33214
1.33214
1.33214
1.33214
1.33214
1.33214
1.33214
1.33214
1.33214
1.33214
1.33214
1.33214
1.33214
1.33214
1.33214
1.33214
1.33214
1.33214
1.33214
1.33214
1.33214
1.33214
1.33214
1.33214
1.33214
1.33214
1.33214
1.33214
1.33214
1.33214
1.33214
1.33214
1.33214
1.33214
1.33208
1.33208
1.33208
1.33208
1.33208
1.33208
1.33208
1.33208
1.33208
1.33208
1.33208
1.33208
1.33208
1.33208
1.33208
1.33208
1.33208
1.33208
1.33208
1.33208
1.33208
1.33208
1.33208
1.33208
1.33208
1.33208
1.33208
1.33208
1.33208
1.33208
1.33208
1.33208
1.33208
1.33208
1.33208
1.33208
1.33208
1.33208
1.33208
1.33208
1.33208
1.33208
1.33208
1.33208
1.33208
1.33208
1.33208
1.33208
1.33208
1.33208
1.33208
1.33208
1.33208
1.33208
1.33208
1.33208
1.33208
1.33208
1.33208
1.33208
1.33208
1.33208
1.33208
1.33208
1.33208
1.33208
1.33208
1.33208
1.33208
1.33208
1.33208
1.33208
1.33208
1.33208
1.33208
1.33208
1.33208
1.33208
1.33208
1.33208
1.33208
1.33208
1.33208
1.33208
1.33208
1.33208
1.33208
1.33208
1.33208
1.33208
1.33208
1.33208
1.33208
1.33208
1.33208
1.33208
1.33208
1.33208
1.33208
1.33208
1.33208
1.33208
1.33208
1.33208
1.33208
1.33208
1.33208
1.33208
1.33208
1.33208
1.33208
1.33208
1.33208
1.33208
1.33208
1.33208
1.33208
1.33208
1.33208
1.33208
1.33208
1.33208
1.33208
1.33208
1.33208
1.33208
1.33208
1.33208
1.33208
1.33208
1.33208
1.33208
1.33208
1.33208
1.33208
1.33208
1.33208
1.33208
1.33208
1.33208
1.33208
1.33208
1.33208
1.33208
1.33208
1.33208
1.33208
1.33208
1.33208
1.33208
1.33208
1.33208
1.33208
1.33208
1.33208
1.33208
1.33208
1.33208
1.33208
1.33208
1.33208
1.33208
1.33208
1.33208
1.33208
1.33208
1.33208
1.33208
1.33208
1.33208
1.33208
1.33208
1.33208
1.33208
1.33208
1.33208
1.33208
1.33208
1.33208
1.33208
1.33208
1.33208
1.33208
1.33208
1.33208
1.33208
1.33208
1.33208
1.33208
1.33208
1.33208
1.33208
1.33208
1.33208
1.33208
1.33208
1.33208
1.33208
1.33208
1.33208
1.33208
1.33208
1.33208
1.33208
1.33208
1.33208
1.33208
1.33208
1.33208
1.33208
1.33208
1.33208
1.33208
1.33208
1.33208
1.33208
1.33208
1.33208
1.33208
1.33208
1.33208
1.33208
1.33208
1.33208
1.33208
1.33208
1.33208
1.33208
1.33208
1.33208
1.33208
1.33208
1.33208
1.33208
1.33208
1.33208
1.33208
1.33208
1.33208
1.33208
1.33208
1.33208
1.33208
1.33208
1.33208
1.33208
1.33208
1.33208
1.33208
1.33208
1.33208
1.33208
1.33208
1.33208
1.33208
1.33208
1.33208
1.33208
1.33208
1.33208
1.33208
1.33208
1.33208
1.33208
1.33208
1.33208
1.33208
1.33208
1.33208
1.33208
1.33208
1.33208
1.33208
1.33208
1.33208
1.33208
1.33208
1.33208
1.33208
1.33208
1.33208
1.33208
1.33208
1.33208
1.33208
1.33208
1.33208
1.33208
1.33208
1.33208
1.33208
1.33208
1.33208
1.33208
1.33208
1.33208
1.33208
1.33208
1.33208
1.33208
1.33208
1.33208
1.33208
1.33208
1.33208
1.33208
1.33208
1.33208
1.33208
1.33208
1.33208
1.33208
1.33208
1.33208
1.33208
1.33208
1.33208
1.33208
1.33208
1.33208
1.33208
1.33208
1.33208
1.33208
1.33208
1.33208
1.33208
1.33208
1.33208
1.33208
1.33208
1.33208
1.33208
1.33208
1.33208
1.33208
1.33208
1.33208
1.33208
1.33208
1.33208
1.33208
1.33208
1.33208
1.33208
1.33208
1.33208
1.33208
1.33208
1.33208
1.33208
1.33208
1.33208
1.33208
1.33208
1.33208
1.33208
1.33208
1.33208
1.33208
1.33208
1.33208
1.33208
1.33208
1.33208
1.33208
1.33208
1.33208
1.33208
1.33208
1.33208
1.33208
1.33208
1.33208
1.33208
1.33208
1.33208
1.33208
1.33208
1.33208
1.33208
1.33208
1.33208
1.33208
1.33208
1.33208
1.33208
1.33208
1.33208
1.33208
1.33208
1.33208
1.33208
1.33208
1.33208
1.33208
1.33208
1.33208
1.33208
1.33208
1.33208
1.33208
1.33208
1.33208
1.33208
1.33208
1.33208
1.33208
1.33208
1.33208
1.33208
1.33208
1.33208
1.33208
1.33208
1.33208
1.33208
1.33208
1.33208
1.33208
1.33208
1.33208
1.33208
1.33208
1.33208
1.33208
1.33208
1.33208
1.33208
1.33208
1.33208
1.33208
1.33208
1.33208
1.33208
1.33208
1.33208
1.33208
1.33208
1.33208
1.33208
1.33208
1.33208
1.33208
1.33208
1.33208
1.33208
1.33208
1.33208
1.33208
1.33208
1.33208
1.33208
1.33208
1.33208
1.33208
1.33208
1.33208
1.33208
1.33208
1.33208
1.33208
1.33208
1.33208
1.33208
1.33208
1.33208
1.33208
1.33208
1.33208
1.33208
1.33208
1.33208
1.33208
1.33208
1.33208
1.33208
1.33208
1.33208
1.33208
1.33208
1.33208
1.33208
1.33208
1.33208
1.33208
1.33208
1.33208
1.33208
1.33208
1.33208
1.33208
1.33208
1.33208
1.33208
1.33208
1.33208
1.33208
1.33208
1.33208
1.33208
1.33208
1.33208
1.33208
1.33208
1.33208
1.33208
1.33208
1.33208
1.33208
1.33208
1.33208
1.33208
1.33208
1.33208
1.33208
1.33208
1.33208
1.33208
1.33208
1.33208
1.33208
1.33208
1.33208
1.33208
1.33208
1.33208
1.33208
1.33208
1.33208
1.33208
1.33208
1.33208
1.33208
1.33208
1.33208
1.33208
1.33208
1.33208
1.33208
1.33208
1.33208
1.33208
1.33208
1.33208
1.33208
1.33208
1.33208
1.33208
1.33208
1.33208
1.33208
1.33208
1.33208
1.33208
1.33208
1.33208
1.33208
1.33208
1.33208
1.33208
1.33208
1.33208
1.33208
1.33208
1.33208
1.33208
1.33208
1.33208
1.33208
1.33208
1.33208
1.33208
1.33208
1.33208
1.33208
1.33208
1.33208
1.33208
1.33208
1.33208
1.33208
1.33208
1.33208
1.33208
1.33208
1.33208
1.33208
1.33208
1.33208
1.33208
1.33208
1.33208
1.33208
1.33208
1.33208
1.33208
1.33208
1.33208
1.33208
1.33208
1.33208
1.33208
1.33208
1.33208
1.33208
1.33208
1.33208
1.33208
1.33208
1.33208
1.33208
1.33208
1.33208
1.33208
1.33208
1.33208
1.33208
1.33208
1.33208
1.33208
1.33208
1.33208
1.33208
1.33208
1.33208
1.33208
1.33208
1.33208
1.33208
1.33208
1.33208
1.33208
1.33208
1.33208
1.33208
1.33208
1.33208
1.33208
1.33208
1.33208
1.33208
1.33208
1.33208
1.33208
1.33208
1.33208
1.33208
1.33208
1.33208
1.33208
1.33208
1.33208
1.33208
1.33208
1.33208
1.33208
1.33208
1.33208
1.33208
1.33208
1.33208
1.33208
1.33208
1.33208
1.33208
1.33208
1.33208
1.33208
1.33208
1.33208
1.33208
1.33208
1.33208
1.33208
1.33208
1.33208
1.33208
1.33208
1.33208
1.33208
1.33208
1.33208
1.33208
1.33208
1.33208
1.33208
1.33208
1.33208
1.33208
1.33208
1.33208
1.33208
1.33208
1.33208
1.33208
1.33208
1.33208
1.33208
1.33208
1.33208
1.33208
1.33208
1.33208
1.33208
1.33208
1.33208
1.33208
1.33208
1.33208
1.33208
1.33208
1.33208
1.33208
1.33208
1.33208
1.33208
1.33208
1.33208
1.33208
1.33208
1.33208
1.33208
1.33208
1.33208
1.33208
1.33208
1.33208
1.33208
1.33208
1.33208
1.33208
1.33208
1.33208
1.33208
1.33208
1.33208
1.33208
1.33208
1.33208
1.33208
1.33208
1.33208
1.33208
1.33208
1.33208
1.33208
1.33208
1.33208
1.33208
1.33208
1.33208
1.33208
1.33208
1.33208
1.33208
1.33208
1.33208
1.33208
1.33208
1.33208
1.33208
1.33208
1.33208
1.33208
1.33208
1.33208
1.33208
1.33208
1.33208
1.33208
1.33208
1.33208
1.33208
1.33208
1.33208
1.33208
1.33208
1.33208
1.33208
1.31987
1.31987
1.31987
1.31987
1.31987
1.31987
1.31987
1.31987
1.31987
1.31987
1.31987
1.31987
1.31987
1.31987
1.31987
1.31987
1.31987
1.31987
1.31987
1.31987
1.31987
1.31987
1.31987
1.31987
1.31987
1.31987
1.31987
1.31987
1.31987
1.31987
1.31987
1.31987
1.31987
1.31987
1.31987
1.31987
1.31987
1.31987
1.31987
1.31987
1.31987
1.31987
1.31987
1.31987
1.31987
1.31987
1.31987
1.31987
1.31987
1.31987
1.31987
1.31987
1.31987
1.31987
1.31987
1.31987
1.31987
1.31987
1.31987
1.31987
1.31987
1.31987
1.31987
1.31987
1.31987
1.31987
1.31987
1.31987
1.31987
1.31987
1.31987
1.31987
1.31987
1.31987
1.31987
1.31987
1.31987
1.31987
1.31987
1.31987
1.31987
1.31987
1.31987
1.31987
1.31987
1.31987
1.31987
1.31987
1.31987
1.31987
1.31987
1.31987
1.31987
1.31987
1.31987
1.31987
1.31987
1.31987
1.31987
1.31987
1.31987
1.31987
1.31987
1.31987
1.31987
1.31987
1.31987
1.31987
1.31987
1.31987
1.31987
1.31987
1.31987
1.31987
1.31987
1.31987
1.31987
1.31987
1.31987
1.31987
1.31987
1.31987
1.31987
1.31987
1.31987
1.31987
1.31987
1.31987
1.31987
1.31987
1.31987
1.31987
1.31987
1.31987
1.31987
1.31987
1.31865
1.31865
1.31865
1.31865
1.31865
1.31865
1.31865
1.31865
1.31865
1.31865
1.31865
1.31865
1.31865
1.31865
1.31865
1.31865
1.31865
1.31865
1.31865
1.31854
1.31854
1.31854
1.31854
1.31854
1.31353
1.31353
1.31353
1.31353
1.31353
1.31353
1.31353
1.31231
1.31231
1.31231
1.31231
1.31231
1.31231
1.31231
1.31231
1.31231
1.31231
1.31231
1.31231
1.31231
1.31231
1.31231
1.31231
1.31231
1.31231
1.31231
1.31231
1.31231
1.31231
1.31231
1.31231
1.31231
1.31231
1.31231
1.31231
1.31231
1.31231
1.31231
1.31231
1.31231
1.31231
1.31231
1.31231
1.31231
1.31231
1.31231
1.31231
1.31231
1.31231
1.31231
1.31231
1.31231
1.31231
1.31231
1.31231
1.31231
1.31231
1.31231
1.31231
1.31231
1.31231
1.31231
1.31231
1.31231
1.31231
1.31231
1.31231
1.31231
1.31231
1.31231
1.31231
1.31231
1.31231
1.31231
1.31231
1.31231
1.31231
1.31231
1.31231
1.31231
1.31231
1.31231
1.31231
1.31231
1.31231
1.31231
1.31231
1.31231
1.31231
1.31231
1.31231
1.31231
1.31231
1.31231
1.31231
1.31231
1.31231
1.31231
1.31231
1.31231
1.31231
1.31231
1.31231
1.31231
1.31231
1.31231
1.31231
1.31231
1.31231
1.31231
1.31231
1.31231
1.31231
1.31231
1.31231
1.31231
1.31231
1.31231
1.31231
1.31231
1.31231
1.31231
1.31231
1.31231
1.31231
1.31231
1.31231
1.31231
1.31231
1.31231
1.31231
1.31231
1.31231
1.31231
1.31231
1.31231
1.31231
1.31231
1.31231
1.31231
1.31231
1.31231
1.31231
1.31231
1.31231
1.31231
1.31231
1.31231
1.31231
1.31231
1.31231
1.31231
1.31231
1.31231
1.31231
1.31231
1.31231
1.31231
1.31231
1.31231
1.31231
1.31231
1.31231
1.31231
1.31231
1.31231
1.31231
1.31231
1.31231
1.31231
1.31231
1.31231
1.31231
1.31231
1.31231
1.31231
1.31231
1.31231
1.31231
1.31231
1.31231
1.31231
1.31231
1.31231
1.31231
1.31231
1.31231
1.31231
1.31231
1.31231
1.31231
1.31231
1.31231
1.31231
1.31231
1.31231
1.31231
1.31231
1.31231
1.31231
1.31231
1.31231
1.31231
1.31231
1.31231
1.31231
1.31231
1.31231
1.31231
1.31231
1.31231
1.31231
1.31231
1.31231
1.31231
1.31231
1.31231
1.31231
1.31231
1.31231
1.31231
1.31231
1.31231
1.31231
1.31231
1.31231
1.31231
1.31231
1.31231
1.31231
1.31231
1.31231
1.31231
1.31231
1.31231
1.31042
1.31042
1.31042
1.31042
1.31042
1.31042
1.31042
1.31042
1.31042
1.31042
1.31042
1.31042
1.31042
1.31042
1.31042
1.31042
1.31042
1.31042
1.31042
1.31042
1.31042
1.31042
1.31042
1.31042
1.31042
1.31042
1.31042
1.31042
1.31042
1.31042
1.31042
1.31042
1.31042
1.31042
1.31042
1.31042
1.31042
1.31042
1.31042
1.31042
1.31042
1.31042
1.31042
1.31042
1.31042
1.31042
1.31042
1.31042
1.31042
1.31042
1.31042
1.31042
1.31042
1.31042
1.31042
1.31042
1.31042
1.31042
1.31042
1.31042
1.31042
1.31042
1.31042
1.31042
1.31042
1.31042
1.31042
1.31042
1.31042
1.31042
1.31042
1.31042
1.31042
1.31042
1.31042
1.31042
1.31042
1.31042
1.31042
1.31042
1.31042
1.31042
1.31042
1.31042
1.31042
1.31042
1.31042
1.31042
1.31042
1.31042
1.31042
1.31042
1.31042
1.31042
1.31042
1.31042
1.31042
1.31042
1.31042
1.31042
1.31042
1.31042
1.31042
1.31042
1.31042
1.31042
1.31042
1.31042
1.31042
1.31042
1.31042
1.31042
1.31042
1.31042
1.31042
1.31042
1.31042
1.31042
1.31042
1.31042
1.31042
1.31042
1.31042
1.31042
1.31042
1.31042
1.31042
1.31042
1.31042
1.31042
1.31042
1.31042
1.31042
1.31042
1.31042
1.31042
1.31042
1.31042
1.31042
1.31042
1.31042
1.31042
1.31042
1.31042
1.31042
1.31042
1.31042
1.31042
1.31042
1.31042
1.31042
1.31042
1.31042
1.31042
1.31042
1.31042
1.31042
1.31042
1.31042
1.31042
1.31042
1.31042
1.31042
1.31042
1.31042
1.31042
1.31042
1.31042
1.31042
1.31042
1.31042
1.31042
1.31042
1.31042
1.31042
1.31042
1.31042
1.31042
1.31042
1.31042
1.31042
1.31042
1.31042
1.31042
1.31042
1.31042
1.31042
1.31042
1.31042
1.31042
1.31042
1.31042
1.31042
1.31042
1.31042
1.31042
1.31042
1.31042
1.31042
1.31042
1.31042
1.31042
1.31042
1.31042
1.31042
1.31042
1.31042
1.31042
1.31042
1.31042
1.31042
1.31042
1.31042
1.31042
1.31042
1.31042
1.31042
1.31042
1.31042
1.31042
1.31042
1.31042
1.31042
1.31042
1.31042
1.31042
1.31042
1.31042
1.31042
1.31042
1.31042
1.31042
1.31042
1.31042
1.31042
1.31042
1.31042
1.31042
1.31042
1.31042
1.31042
1.31042
1.31042
1.31042
1.31042
1.31042
1.31042
1.31042
1.31042
1.31042
1.31042
1.31042
1.31042
1.31042
1.31042
1.31042
1.31042
1.31042
1.31042
1.31042
1.31042
1.31042
1.31042
1.31042
1.31042
1.31042
1.31042
1.31042
1.31042
1.31042
1.31042
1.31042
1.31042
1.31042
1.31042
1.31042
1.31042
1.31042
1.31042
1.31042
1.31042
1.31042
1.31042
1.31042
1.31042
1.31042
1.31042
1.31042
1.31042
1.31042
1.31042
1.31042
1.31042
1.31042
1.31042
1.31042
1.31042
1.31042
1.31042
1.31042
1.31042
1.31042
1.31042
1.31042
1.31042
1.31042
1.31042
1.31042
1.31042
1.31042
1.31042
1.31042
1.31042
1.31042
1.31042
1.31042
1.31042
1.31042
1.31042
1.31042
1.31042
1.31042
1.31042
1.31042
1.31042
1.31042
1.31042
1.31042
1.31042
1.31042
1.31042
1.31042
1.31042
1.31042
1.31042
1.31042
1.31042
1.31042
1.31042
1.31042
1.31042
1.31042
1.31042
1.31042
1.31042
1.31042
1.31042
1.31042
1.31042
1.31042
1.31042
1.31042
1.31042
1.31042
1.31042
1.31042
1.31042
1.31042
1.31042
1.31042
1.31042
1.31042
1.31042
1.31042
1.31042
1.31042
1.31042
1.31042
1.31042
1.31042
1.31042
1.31042
1.31042
1.31042
1.31042
1.31042
1.31042
1.31042
1.31042
1.31042
1.31042
1.31042
1.31042
1.31042
1.31042
1.31042
1.31042
1.31042
1.31042
1.31042
1.31042
1.31042
1.31042
1.31042
1.31042
1.31042
1.31042
1.31042
1.31042
1.31042
1.31042
1.31042
1.31042
1.31042
1.31042
1.31042
1.31042
1.31042
1.31042
1.31042
1.31042
1.31042
1.31042
1.31042
1.31042
1.31042
1.31042
1.31042
1.31042
1.31042
1.31042
1.31042
1.31042
1.31042
1.31042
1.31042
1.31042
1.31042
1.31042
1.31042
1.31042
1.31042
1.31042
1.31042
1.31042
1.31042
1.31042
1.31042
1.31042
1.31042
1.31042
1.31042
1.31042
1.31042
1.31042
1.31042
1.31042
1.31042
1.31042
1.31042
1.31042
1.31042
1.31042
1.31042
1.31042
1.31042
1.31042
1.31042
1.31042
1.31042
1.31042
1.31042
1.31042
1.31042
1.31042
1.31042
1.31042
1.31042
1.31042
1.31042
1.31042
1.31042
1.31042
1.31042
1.31042
1.31042
1.31042
1.31042
1.31042
1.31042
1.31042
1.31042
1.31042
1.31042
1.31042
1.31042
1.31042
1.31042
1.31042
1.31042
1.31042
1.31042
1.31042
1.31042
1.31042
1.31042
1.31042
1.31042
1.31042
1.31042
1.31042
1.31042
1.31042
1.31042
1.31042
1.31042
1.31042
1.31042
1.31042
1.31042
1.31042
1.31042
1.31042
1.31042
1.31042
1.31042
1.31042
1.31042
1.31042
1.31042
1.31042
1.31042
1.31042
1.31042
1.31042
1.31042
1.31042
1.31042
1.31042
1.31042
1.31042
1.31042
1.31042
1.31042
1.31042
1.31042
1.31042
1.31042
1.31042
1.31042
1.31042
1.31042
1.31042
1.31042
1.31042
1.31042
1.31042
1.31042
1.31042
1.31042
1.31042
1.31042
1.31042
1.31042
1.31042
1.31042
1.31042
1.31042
1.31042
1.31042
1.31042
1.31042
1.31042
1.31042
1.31042
1.31042
1.31042
1.31042
1.31042
1.31042
1.31042
1.31042
1.31042
1.31042
1.31042
1.31042
1.31042
1.31042
1.31042
1.31042
1.31042
1.31042
1.31042
1.31042
1.31042
1.31042
1.31042
1.31042
1.31042
1.31042
1.31042
1.31042
1.31042
1.31042
1.31042
1.31042
1.31042
1.31042
1.31042
1.31042
1.31042
1.31042
1.31042
1.31042
1.31042
1.31042
1.31042
1.31042
1.31042
1.31042
1.31042
1.31042
1.31042
1.31042
1.31042
1.31042
1.31042
1.31042
1.31042
1.31042
1.31042
1.31042
1.31042
1.31042
1.31042
1.31042
1.31042
1.31042
1.31042
1.31042
1.31042
1.31042
1.31042
1.31042
1.31042
1.31042
1.31042
1.31042
1.31042
1.31042
1.31042
1.31042
1.31042
1.31042
1.31042
1.31042
1.31042
1.31042
1.31042
1.31042
1.31042
1.31042
1.31042
1.31042
1.31042
1.31042
1.31042
1.31042
1.31042
1.31042
1.31042
1.31042
1.31042
1.31042
1.31042
1.31042
1.31042
1.31042
1.31042
1.31042
1.31042
1.31042
1.31042
1.31042
1.31042
1.31042
1.31042
1.31042
1.31042
1.31042
1.31042
1.31042
1.31042
1.31042
1.31042
1.31042
1.31042
1.31042
1.31042
1.31042
1.31042
1.31042
1.31042
1.31042
1.31042
1.31042
1.31042
1.31042
1.31042
1.31042
1.31042
1.31042
1.31042
1.31042
1.31042
1.31042
1.31042
1.31042
1.31042
1.31042
1.31042
1.31042
1.31042
1.31042
1.31042
1.31042
1.31042
1.31042
1.31042
1.31042
1.31042
1.31042
1.31042
1.31042
1.31042
1.31042
1.31042
1.31042
1.31042
1.31042
1.31042
1.31042
1.31042
1.31042
1.31042
1.31042
1.31042
1.31042
1.31042
1.31042
1.31042
1.31042
1.31042
1.31042
1.31042
1.31042
1.31042
1.31042
1.31042
1.31042
1.31042
1.31042
1.31042
1.31042
1.31042
1.31042
1.31042
1.31042
1.31042
1.31042
1.31042
1.31042
1.31042
1.31042
1.31042
1.31042
1.31042
1.31042
1.31042
1.31042
1.31042
1.31042
1.31042
1.31042
1.31042
1.31042
1.31042
1.31042
1.31042
1.31042
1.31042
1.31042
1.31042
1.31042
1.31042
1.31042
1.31042
1.31042
1.31042
1.31042
1.31042
1.31042
1.31042
1.31042
1.31042
1.31042
1.31042
1.31042
1.31042
1.31042
1.31042
1.31042
1.31042
1.31042
1.31042
1.31042
1.31042
1.31042
1.31042
1.31042
1.31042
1.31042
1.31042
1.31042
1.31042
1.31042
1.31042
1.31042
1.31042
1.31042
1.31042
1.31042
1.31042
1.31042
1.31042
1.31042
1.31042
1.31042
1.31042
1.31042
1.31042
1.31042
1.31042
1.31042
1.31042
1.31042
1.31042
1.31042
1.31042
1.31042
1.31042
1.31042
1.31042
1.31042
1.31042
1.31042
1.31042
1.31039
1.31039
1.31039
1.31039
1.31039
1.31039
1.31039
1.31039
1.31039
1.31039
1.31039
1.31039
1.31039
1.31039
1.31039
1.31039
1.31039
1.31039
1.31039
1.31039
1.31039
1.31039
1.31039
1.31039
1.31039
1.31039
1.31039
1.31039
1.31039
1.31039
1.31039
1.31039
1.31039
1.31039
1.31039
1.31039
1.31039
1.31039
1.31039
1.31039
1.31039
1.31039
1.31039
1.31039
1.31039
1.31039
1.31039
1.31039
1.31039
1.31039
1.31039
1.31039
1.31039
1.31039
1.31039
1.31039
1.31039
1.31039
1.31039
1.31039
1.31039
1.31039
1.31039
1.31039
1.31039
1.31039
1.31039
1.31039
1.31039
1.31039
1.31039
1.31039
1.31039
1.31039
1.31039
1.31039
1.31039
1.31039
1.31039
1.31039
1.31039
1.31039
1.31039
1.31039
1.31039
1.31039
1.31039
1.31039
1.31039
1.31039
1.31039
1.31039
1.31039
1.31039
1.31039
1.31039
1.31039
1.31039
1.31039
1.31039
1.31039
1.31039
1.31039
1.31039
1.31039
1.31039
1.31039
1.31039
1.31039
1.31039
1.31039
1.31039
1.31039
1.31039
1.31039
1.31039
1.31039
1.31039
1.31039
1.31039
1.31039
1.31039
1.31039
1.31039
1.31039
1.31039
1.31039
1.31039
1.31039
1.31039
1.31039
1.31039
1.31039
1.31039
1.31039
1.31039
1.31039
1.31039
1.31039
1.31039
1.31039
1.31039
1.31039
1.31039
1.31039
1.31039
1.31039
1.31039
1.31039
1.31039
1.31039
1.31039
1.31039
1.31039
1.31039
1.31039
1.31039
1.31039
1.31039
1.31039
1.31039
1.31039
1.31039
1.31039
1.31039
1.31039
1.31039
1.31039
1.31039
1.31039
1.31039
1.31039
1.31039
1.31039
1.31039
1.31039
1.31039
1.31039
1.31039
1.31039
1.31039
1.31039
1.31039
1.31039
1.31039
1.31039
1.31039
1.31039
1.31039
1.31039
1.31039
1.31039
1.31039
1.31039
1.31039
1.31039
1.31039
1.31039
1.31039
1.31039
1.31039
1.31039
1.31039
1.31039
1.31039
1.31039
1.31039
1.31039
1.31039
1.31039
1.31039
1.31039
1.31039
1.31039
1.31039
1.31039
1.31039
1.31039
1.31039
1.31039
1.31039
1.31039
1.31039
1.31039
1.31039
1.31039
1.31039
1.31039
1.31039
1.31039
1.31039
1.31039
1.31039
1.31039
1.31039
1.31039
1.31039
1.31039
1.31039
1.31039
1.31039
1.31039
1.31039
1.31039
1.31039
1.31039
1.31039
1.31039
1.31039
1.31039
1.31039
1.31039
1.31039
1.31039
1.31039
1.31039
1.31039
1.31039
1.31039
1.31039
1.31039
1.31039
1.31039
1.31039
1.31039
1.31039
1.31039
1.31039
1.31039
1.31039
1.31039
1.31039
1.31039
1.31039
1.31039
1.31039
1.31039
1.31039
1.31039
1.31039
1.31039
1.31039
1.31039
1.31039
1.31039
1.31039
1.31039
1.31039
1.31039
1.31039
1.31039
1.31039
1.31039
1.31039
1.31039
1.31039
1.31039
1.31039
1.31039
1.31039
1.31039
1.31039
1.31039
1.31039
1.31039
1.31039
1.31039
1.31039
1.31039
1.31039
1.31039
1.31039
1.31039
1.31039
1.31039
1.31039
1.31039
1.31039
1.31039
1.31039
1.31039
1.31039
1.31039
1.31039
1.31039
1.31039
1.31039
1.31039
1.31039
1.31039
1.31039
1.31039
1.31039
1.31039
1.31039
1.31039
1.31039
1.31039
1.31039
1.31039
1.31039
1.31039
1.31039
1.31039
1.31039
1.31039
1.31039
1.31039
1.31039
1.31039
1.31039
1.31039
1.31039
1.31039
1.31039
1.31039
1.31039
1.31039
1.31039
1.31039
1.31039
1.31039
1.31039
1.31039
1.31039
1.31039
1.31039
1.31039
1.31039
1.31039
1.31039
1.31039
1.31039
1.31039
1.31039
1.31039
1.31039
1.31039
1.31039
1.31039
1.30901
1.30901
1.30901
1.30901
1.30901
1.30901
1.30901
1.30901
1.30901
1.30901
1.30901
1.30901
1.30901
1.30901
1.30901
1.30901
1.30901
1.30901
1.30901
1.30901
1.30901
1.30901
1.30901
1.30901
1.30901
1.30901
1.30901
1.30901
1.30901
1.30901
1.30901
1.30901
1.30901
1.30901
1.30901
1.30901
1.30901
1.30901
1.30901
1.30901
1.30901
1.30901
1.30901
1.30901
1.30901
1.30901
1.30901
1.30901
1.30901
1.30901
1.30901
1.30901
1.30901
1.30901
1.30901
1.30901
1.30901
1.30901
1.30901
1.30901
1.30901
1.30901
1.30901
1.30901
1.30901
1.30901
1.30901
1.30901
1.30901
1.30901
1.30901
1.30901
1.30901
1.30901
1.30901
1.30901
1.30901
1.30901
1.30901
1.30901
1.30901
1.30901
1.30901
1.30901
1.30901
1.30901
1.30901
1.30901
1.30901
1.30901
1.30901
1.30901
1.30901
1.30901
1.30901
1.30901
1.30901
1.30901
1.30901
1.30901
1.30901
1.30901
1.30901
1.30901
1.30901
1.30901
1.30901
1.30901
1.30901
1.30901
1.30901
1.30901
1.30901
1.30901
1.30901
1.30901
1.30901
1.30901
1.30901
1.30901
1.30901
1.30901
1.30901
1.30901
1.30901
1.30901
1.30901
1.30901
1.30901
1.30901
1.30901
1.30901
1.30901
1.30901
1.30901
1.30901
1.30901
1.30901
1.30901
1.30901
1.30901
1.30901
1.30901
1.30901
1.30901
1.30901
1.30901
1.30901
1.30901
1.30901
1.30901
1.30901
1.30901
1.30901
1.30901
1.30901
1.30901
1.30901
1.30901
1.30901
1.30901
1.30901
1.30901
1.30901
1.30901
1.30901
1.30901
1.30901
1.30901
1.30901
1.30901
1.30901
1.30901
1.30901
1.30901
1.30901
1.30901
1.30901
1.30901
1.30901
1.30901
1.30901
1.30901
1.30901
1.30901
1.30901
1.30901
1.30901
1.30901
1.30901
1.30901
1.30901
1.30901
1.30901
1.30901
1.30901
1.30901
1.30901
1.30901
1.30901
1.30901
1.30901
1.30901
1.30901
1.30901
1.30901
1.30901
1.30901
1.30901
1.30901
1.30901
1.30901
1.30901
1.30901
1.30901
1.30901
1.30901
1.30901
1.30901
1.30901
1.30901
1.30901
1.30901
1.30901
1.30901
1.30901
1.30901
1.30901
1.30901
1.30901
1.30901
1.30901
1.30901
1.30901
1.30901
1.30901
1.30901
1.30901
1.30901
1.30901
1.30901
1.30901
1.30901
1.30901
1.30901
1.30901
1.30901
1.30901
1.30901
1.30901
1.30901
1.30901
1.30901
1.30901
1.30901
1.30901
1.30901
1.30901
1.30901
1.30901
1.30901
1.30901
1.30901
1.30901
1.30901
1.30901
1.30901
1.30901
1.30901
1.30901
1.30901
1.30901
1.30901
1.30901
1.30901
1.30901
1.30901
1.30901
1.30901
1.30901
1.30901
1.30901
1.30901
1.30901
1.30901
1.30901
1.30901
1.30901
1.30901
1.30901
1.30901
1.30901
1.30901
1.30901
1.30901
1.30901
1.30901
1.30901
1.30901
1.30901
1.30901
1.30901
1.30901
1.30901
1.30901
1.30901
1.30901
1.30901
1.30901
1.30901
1.30901
1.30901
1.30901
1.30901
1.30901
1.30901
1.30901
1.30901
1.30901
1.30901
1.30901
1.30901
1.30901
1.30901
1.30901
1.30901
1.30901
1.30901
1.30901
1.30901
1.30901
1.30901
1.30901
1.30901
1.30901
1.30901
1.30901
1.30901
1.30901
1.30901
1.30901
1.30901
1.30901
1.30901
1.30901
1.30901
1.30901
1.30901
1.30901
1.30901
1.30901
1.30901
1.30901
1.30901
1.30901
1.30901
1.30901
1.30901
1.30901
1.30901
1.30901
1.30901
1.30901
1.30901
1.30901
1.30901
1.30901
1.30901
1.30901
1.30901
1.30901
1.30901
1.30901
1.30901
1.30901
1.30901
1.30901
1.30901
1.30901
1.30901
1.30901
1.30901
1.30901
1.30901
1.30901
1.30901
1.30901
1.30901
1.30901
1.30901
1.30901
1.30901
1.30901
1.30901
1.30901
1.30901
1.30901
1.30901
1.30901
1.30901
1.30901
1.30901
1.30901
1.30901
1.30901
1.30901
1.30901
1.30901
1.30901
1.30901
1.30901
1.30901
1.30901
1.30901
1.30901
1.30901
1.30901
1.30901
1.30901
1.30901
1.30901
1.30901
1.30901
1.30901
1.30901
1.30901
1.30901
1.30901
1.30901
1.30901
1.30901
1.30901
1.30901
1.30901
1.30901
1.30901
1.30901
1.30901
1.30901
1.30901
1.30901
1.30901
1.30901
1.30901
1.30901
1.30901
1.30901
1.30901
1.30901
1.30901
1.30901
1.30901
1.30901
1.30901
1.30901
1.30901
1.30901
1.30901
1.30901
1.30901
1.30901
1.30901
1.30901
1.30901
1.30901
1.30901
1.30901
1.30901
1.30901
1.30901
1.30901
1.30901
1.30901
1.30901
1.30901
1.30901
1.30901
1.30901
1.30901
1.30901
1.30901
1.30901
1.30901
1.30901
1.30901
1.30901
1.30901
1.30901
1.30901
1.30901
1.30901
1.30901
1.30901
1.30901
1.30901
1.30901
1.30901
1.30901
1.30901
1.30901
1.30901
1.30901
1.30901
1.30901
1.30901
1.30901
1.30901
1.30901
1.30901
1.30901
1.30901
1.30901
1.30901
1.30901
1.30901
1.30901
1.30901
1.30901
1.30901
1.30901
1.30901
1.30901
1.30901
1.30901
1.30901
1.30901
1.30901
1.30901
1.30901
1.30901
1.30901
1.30901
1.30901
1.30901
1.30901
1.30901
1.30901
1.30901
1.30901
1.30901
1.30901
1.30901
1.30901
1.30901
1.30901
1.30901
1.30901
1.30901
1.30901
1.30901
1.30901
1.30901
1.30901
1.30901
1.30901
1.30901
1.30901
1.30901
1.30901
1.30901
1.30901
1.30901
1.30901
1.30901
1.30901
1.30901
1.30901
1.30901
1.30901
1.30901
1.30901
1.30901
1.30901
1.30901
1.30901
1.30901
1.30901
1.30901
1.30901
1.30901
1.30901
1.30901
1.30901
1.30901
1.30901
1.30901
1.30901
1.30901
1.30901
1.30901
1.30901
1.30901
1.30901
1.30901
1.30901
1.30901
1.30901
1.30901
1.30901
1.30901
1.30901
1.30901
1.30901
1.30901
1.30901
1.30901
1.30901
1.30901
1.30901
1.30901
1.30901
1.30901
1.30901
1.30901
1.30901
1.30901
1.30901
1.30901
1.30901
1.30901
1.30901
1.30901
1.30901
1.30901
1.30901
1.30901
1.30901
1.30901
1.30901
1.30901
1.30901
1.30901
1.30901
1.30901
1.30901
1.30901
1.30901
1.30901
1.30901
1.30901
1.30901
1.30901
1.30901
1.30901
1.30901
1.30901
1.30901
1.30901
1.30901
1.30901
1.30901
1.30901
1.30901
1.30901
1.30901
1.30901
1.30901
1.30901
1.30901
1.30901
1.30901
1.30901
1.30901
1.30901
1.30901
1.30901
1.30901
1.30901
1.30901
1.30901
1.30901
1.30901
1.30901
1.30901
1.30901
1.30901
1.30901
1.30901
1.30901
1.30901
1.30901
1.30901
1.30901
1.30901
1.30901
1.30901
1.30901
1.30901
1.30901
1.30901
1.30901
1.30901
1.30901
1.30901
1.30901
1.30901
1.30901
1.30901
1.30901
1.30901
1.30901
1.30901
1.30901
1.30901
1.30901
1.30901
1.30901
1.30901
1.30901
1.30901
1.30901
1.30901
1.30901
1.30901
1.30901
1.30901
1.30901
1.30901
1.30901
1.30901
1.30901
1.30901
1.30901
1.30901
1.30901
1.30901
1.30901
1.30901
1.30901
1.30901
1.30901
1.30901
1.30901
1.30901
1.30901
1.30901
1.30901
1.30901
1.30901
1.30901
1.30901
1.30901
1.30901
1.30901
1.30901
1.30901
1.30901
1.30901
1.30901
1.30901
1.30901
1.30901
1.30901
1.30901
1.30901
1.30901
1.30901
1.30901
1.30901
1.30901
1.30901
1.30901
1.30901
1.30901
1.30901
1.30901
1.30901
1.30901
1.30901
1.30901
1.30901
1.30901
1.30901
1.30901
1.30901
1.30901
1.30901
1.30901
1.30901
1.30901
1.30901
1.30901
1.30901
1.30901
1.30901
1.30901
1.30901
1.30901
1.30901
1.30901
1.30901
1.30901
1.30901
1.30901
1.30901
1.30901
1.30901
1.30901
1.30901
1.30901
1.30901
1.30901
1.30901
1.30901
1.30901
1.30901
1.30901
1.30901
1.30901
1.30901
1.30901
1.30901
1.30901
1.30901
1.30901
1.30901
1.30901
1.30901
1.30901
1.30901
1.30901
1.30901
1.30901
1.30901
1.30901
1.30901
1.30901
1.30901
1.30901
1.30901
1.30901
1.30901
1.30901
1.30901
1.30901
1.30901
1.30901
1.30901
1.30901
1.30901
1.30901
1.30901
1.30901
1.30901
1.30901
1.30901
1.30901
1.30901
1.30901
1.30901
1.30901
1.30901
1.30901
1.30901
1.30901
1.30901
1.30901
1.30901
1.30901
1.30901
1.30901
1.30901
1.30901
1.30901
1.30901
1.30901
1.30901
1.30901
1.30901
1.30901
1.30901
1.30901
1.30901
1.30901
1.30901
1.30901
1.30901
1.30901
1.30901
1.30901
1.30901
1.30901
1.30901
1.30901
1.30901
1.30901
1.30901
1.30901
1.30901
1.30901
1.30901
1.30901
1.30901
1.30901
1.30901
1.30901
1.30901
1.30901
1.30901
1.30901
1.30901
1.30901
1.30901
1.30901
1.30901
1.30901
1.30901
1.30901
1.30901
1.30901
1.30901
1.30901
1.30901
1.30901
1.30901
1.30901
1.30901
1.30901
1.30901
1.30901
1.30901
1.30901
1.30901
1.30901
1.30901
1.30901
1.30901
1.30901
1.30901
1.30901
1.30901
1.30901
1.30901
1.30901
1.30901
1.30901
1.30901
1.30901
1.30901
1.30901
1.30901
1.30901
1.30901
1.30901
1.30901
1.30901
1.30901
1.30901
1.30901
1.30901
1.30901
1.30901
1.30901
1.30901
1.30901
1.30901
1.30901
1.30901
1.30901
1.30901
1.30901
1.30901
1.30901
1.30901
1.30901
1.30901
1.30901
1.30901
1.30901
1.30901
1.30901
1.30901
1.30901
1.30901
1.30901
1.30901
1.30901
1.30901
1.30901
1.30901
1.30901
1.30901
1.30901
1.30901
1.30901
1.30901
1.30901
1.30901
1.30901
1.30901
1.30901
1.30901
