3.25357
3.11664
3.0772
2.98335
2.87508
2.87508
2.69786
2.69786
2.68405
2.55678
2.52211
2.50327
2.33912
2.33912
2.33912
2.33912
2.33912
2.30344
2.24206
2.22484
2.18572
2.16482
2.15769
2.07867
2.051
1.99464
1.99464
1.98161
1.96686
1.87754
1.87754
1.87226
1.83079
1.77432
1.75198
1.71422
1.71422
1.71422
1.70323
1.65929
1.62411
1.5998
1.59411
1.57401
1.57401
1.56714
1.56714
1.55292
1.55292
1.54242
1.54242
1.52629
1.52629
1.50541
1.48201
1.46581
1.44982
1.44454
1.43559
1.43559
1.43164
1.42953
1.42365
1.39403
1.39403
1.39176
1.39176
1.39176
1.38951
1.37757
1.37757
1.37682
1.34614
1.33622
1.33622
1.31244
1.27873
1.27873
1.24993
1.24497
1.24497
1.24074
1.24074
1.23674
1.22383
1.22383
1.22383
1.21876
1.20455
1.20186
1.20186
1.19568
1.19014
1.16104
1.16104
1.16104
1.16104
1.16104
1.16104
1.16104
1.15991
1.15195
1.15195
1.15195
1.14638
1.14638
1.14638
1.14638
1.14638
1.14638
1.14128
1.13732
1.13732
1.13732
1.1173
1.1173
1.1173
1.1173
1.10255
1.10255
1.10255
1.10255
1.10255
1.10255
1.10255
1.10203
1.08994
1.08994
1.08994
1.08994
1.08994
1.08994
1.08994
1.08994
1.08994
1.08994
1.08994
1.06961
1.06961
1.05176
1.05176
1.05176
1.05176
1.05176
1.05176
1.05176
1.05176
1.05176
1.05176
1.05176
1.05176
1.05176
1.05176
1.05176
1.05176
1.05176
1.05176
1.05176
1.05176
1.05176
1.05176
1.05176
1.05176
1.05176
1.05176
1.05176
1.05176
1.05176
1.05176
1.05176
1.05176
1.03552
1.03552
1.03552
1.03552
1.03552
1.03552
1.03552
1.03552
1.03552
1.03552
1.03552
1.03552
1.02755
1.02755
1.02755
1.02755
1.02755
1.02755
1.02755
1.02755
1.02755
1.02755
1.02755
1.02755
1.02755
1.02755
1.02755
1.02755
1.02755
1.02755
1.02755
1.02755
1.02755
1.02755
1.02755
1.02755
1.02755
1.02755
1.02755
1.02755
1.02755
1.02755
1.02755
1.02755
1.02755
1.02755
1.02755
1.02755
1.02755
1.02755
1.02755
1.02755
1.02755
1.02755
1.02755
1.02755
1.02755
1.02755
1.02755
1.02755
1.02755
1.02755
1.02755
1.02755
1.02755
1.02755
1.02755
1.02755
1.02755
1.02755
1.02755
1.02755
1.02755
1.02755
1.02755
1.02755
1.02755
1.02755
1.02755
1.02755
1.02755
1.02755
1.02755
1.02755
1.02755
1.02755
1.02755
1.02755
1.02755
1.02755
1.02755
1.02755
1.02755
1.02755
1.02755
1.02755
1.02755
1.02755
1.02755
1.02755
1.02755
1.02755
1.02755
1.02755
1.02755
1.02755
1.02222
1.02222
1.02222
1.02222
1.02222
1.02222
1.02222
1.02222
1.02222
1.02222
1.02222
1.02222
1.02222
1.01843
1.01843
1.01843
1.01843
1.01843
1.01843
1.01843
1.01843
1.01843
1.01843
1.01843
1.01843
1.01843
1.01843
1.01843
1.01843
1.01843
1.01843
1.01843
1.01843
1.01843
1.01843
1.01843
1.01843
1.01843
1.01843
1.01843
1.01843
1.01843
1.01843
1.01843
1.01843
1.01843
1.01843
1.01843
1.01843
1.01843
1.01843
1.01843
1.01843
1.01843
1.01843
1.01843
1.01843
1.01843
1.01843
1.01843
1.01843
1.01843
1.01843
1.01843
1.01843
1.01843
1.01843
1.01843
1.01843
1.01843
1.01843
1.01843
1.01843
1.01843
1.01843
1.01843
1.01843
1.01843
1.01843
1.01843
1.01843
1.01843
1.01843
1.01843
1.01843
1.01843
1.01843
1.01843
1.01843
1.01843
1.01843
1.01843
1.01843
1.01843
1.01843
1.01843
1.01843
1.01843
1.01843
1.01843
1.01843
1.01843
1.01843
1.01843
1.01843
1.01843
1.01843
1.01843
1.01843
1.01843
1.01843
1.01843
1.01843
1.01843
1.01843
1.01843
1.01843
1.01843
1.01843
1.01843
1.01843
1.01843
1.01843
1.01843
1.01843
1.01843
1.01843
1.01843
1.01843
1.01843
1.01843
1.01843
1.01843
1.01843
1.01843
1.01843
1.01843
1.01843
1.01843
1.01843
1.01843
1.01843
1.01843
1.01843
1.01843
1.01843
1.01843
1.01843
1.01843
1.01843
1.01843
1.01843
1.01843
1.01843
1.01843
1.01843
1.01843
1.01843
1.01843
1.01843
1.01843
1.01843
1.01843
1.01843
1.01843
1.01843
1.01843
1.01843
1.01843
1.01843
1.01843
1.01843
1.01843
1.01843
1.01843
1.01843
1.01843
1.01843
1.01843
1.01843
1.01843
1.01843
1.01843
1.01843
1.01843
1.01843
1.01843
1.01843
1.01843
1.01843
1.01843
1.01843
1.01843
1.01843
1.01843
1.01843
1.01843
1.01843
1.01843
1.01843
1.01843
1.01843
1.01843
1.01843
1.01843
1.01843
1.01843
1.01843
1.01843
1.01843
1.01843
1.01843
1.01843
1.01843
1.01843
1.01843
1.01843
1.01843
1.01843
1.01843
1.01843
1.01843
1.01843
1.01843
1.01843
1.01843
1.01843
1.01843
1.01843
1.01843
1.01843
1.01843
1.01843
1.01843
1.01843
1.01843
1.01843
1.01843
1.01843
1.01843
1.01843
1.01843
1.01843
1.01843
1.01843
1.01843
1.01843
1.01843
1.01843
1.01843
1.01843
1.01843
1.01843
1.01843
1.01843
1.01843
1.01843
1.01843
1.01843
1.01843
1.01843
1.01843
1.01843
1.01843
1.01843
1.01843
1.01843
1.01843
1.01843
1.01843
1.01843
1.01843
1.01843
1.01843
1.01843
1.01843
1.01843
1.01843
1.01843
1.01843
1.01843
1.01843
1.01843
1.01843
1.01843
1.01843
1.01843
1.01843
1.01843
1.01843
1.01843
1.01843
1.01843
1.01843
1.01843
1.01843
1.01843
1.01843
1.01843
1.01843
1.01843
1.01843
1.01843
1.01843
1.01786
1.01786
1.01786
1.01786
1.01786
1.01786
1.01786
1.01786
1.01786
1.01786
1.01786
1.01786
1.01786
1.01786
1.01786
1.01786
1.01786
1.01786
1.01786
1.01786
1.01786
1.01786
1.01786
1.01786
1.01786
1.01786
1.01786
1.01786
1.01786
1.01786
1.01786
1.01786
1.01786
1.01786
1.01786
1.01786
1.01786
1.01786
1.01786
1.01786
1.01786
1.01786
1.01786
1.01786
1.01786
1.01786
1.01786
1.01786
1.01786
1.01786
1.01786
1.01786
1.01786
1.01786
1.01786
1.01786
1.01786
1.01786
1.01786
1.01786
1.01786
1.01786
1.01786
1.01786
1.01786
1.01786
1.01786
1.01786
1.01786
1.01786
1.01786
1.01786
1.01786
1.01786
1.01786
1.01786
1.01786
1.01786
1.01786
1.01786
1.01786
1.01786
1.01786
1.01786
1.01786
1.01786
1.01786
1.01786
1.01786
1.01786
1.01786
1.01786
1.01786
1.01786
1.01786
1.01786
1.01786
1.01786
1.01786
1.01786
1.01786
1.01786
1.01786
1.01786
1.01786
1.01786
1.01786
1.01786
1.01786
1.01786
1.01786
1.01786
1.01786
1.01786
1.01786
1.01786
1.01786
1.01786
1.01786
1.01786
1.01786
1.01786
1.01786
1.01786
1.01786
1.01786
1.01786
1.01786
1.01786
1.01786
1.01786
1.01786
1.01786
1.01786
1.01786
1.01786
1.01786
1.01786
1.01786
1.01786
1.01786
1.01786
1.01786
1.01786
1.01786
1.01786
1.01786
1.01786
1.01786
1.01786
1.01786
1.01786
1.01786
1.01786
1.01786
1.01786
1.01786
1.01786
1.01786
1.01786
1.01786
1.01786
1.01786
1.01786
1.01786
1.01786
1.01786
1.01786
1.01786
1.01786
1.01786
1.01786
1.01786
1.01786
1.01786
1.01786
1.01786
1.01786
1.01786
1.01786
1.01786
1.01786
1.01786
1.01786
1.01786
1.01786
1.01786
1.01786
1.01786
1.01786
1.01786
1.01786
1.01786
1.01786
1.01786
1.01786
1.01786
1.01786
1.01786
1.01786
1.01786
1.01786
1.01786
1.01786
1.01786
1.01786
1.01786
1.01786
1.01786
1.01786
1.01786
1.01786
1.01786
1.01786
1.01786
1.01786
1.01786
1.01786
1.01786
1.01786
1.01786
1.01786
1.01786
1.01786
1.01786
1.01786
1.01786
1.01786
1.01786
1.01786
1.01786
1.01786
1.01786
1.01786
1.01786
1.01786
1.01786
1.01786
1.01786
1.01786
1.01786
1.01786
1.01786
1.01786
1.01786
1.01786
1.01786
1.01786
1.01786
1.01786
1.01786
1.01786
1.01786
1.01786
1.01786
1.01786
1.01786
1.01786
1.01786
1.01786
1.01786
1.01786
1.01786
1.01786
1.01786
1.01786
1.01786
1.01786
1.01786
1.01786
1.01786
1.01786
1.01786
1.01786
1.01786
1.01786
1.01786
1.01786
1.01786
1.01786
1.01786
1.01786
1.01786
1.01786
1.01786
1.01786
1.01786
1.01786
1.01786
1.01786
1.01786
1.01786
1.01786
1.01786
1.01786
1.01786
1.01786
1.01786
1.01786
1.01786
1.01786
1.01786
1.01786
1.01786
1.01786
1.01786
1.01786
1.01786
1.01786
1.01786
1.01786
1.01786
1.01786
1.01786
1.01786
1.01786
1.01786
1.01786
1.01786
1.01786
1.01786
1.01786
1.01786
1.01786
1.01786
1.01786
1.01786
1.01786
1.01786
1.01786
1.01786
1.01786
1.01786
1.01786
1.01786
1.01786
1.01786
1.01786
1.01786
1.01786
1.01786
1.01786
1.01786
1.01786
1.01786
1.01786
1.01786
1.01786
1.01786
1.01786
1.01786
1.01786
1.01786
1.01786
1.01786
1.01786
1.01786
1.01786
1.01786
1.01786
1.01786
1.01786
1.01786
1.01786
1.01786
1.01786
1.01786
1.01786
1.01786
1.01786
1.01786
1.01786
1.01786
1.01786
1.01786
1.01786
1.01786
1.01786
1.01786
1.01786
1.01786
1.01786
1.01786
1.01786
1.01786
1.01786
1.01786
1.01786
1.01786
1.01786
1.01786
1.01786
1.01786
1.01786
1.01786
1.01786
1.01786
1.01786
1.01786
1.01786
1.01786
1.01786
1.01786
1.01786
1.01786
1.01786
1.01786
1.01786
1.01786
1.01786
1.01786
1.01786
1.01786
1.01786
1.01786
1.01786
1.01786
1.01786
1.01786
1.01786
1.01786
1.01786
1.01786
1.01786
1.01786
1.01786
1.01786
1.01786
1.01786
1.01786
1.01786
1.01786
1.01786
1.01786
1.01786
1.01786
1.01786
1.01786
1.01786
1.01786
1.01786
1.01786
1.01786
1.01786
1.01786
1.01786
1.01786
1.01786
1.01786
1.01786
1.01786
1.01786
1.01786
1.01786
1.01786
1.01786
1.01786
1.01786
1.01786
1.01786
1.01786
1.01786
1.01786
1.01786
1.01786
1.01786
1.01786
1.01786
1.01786
1.01786
1.01786
1.01786
1.01786
1.01786
1.01786
1.01786
1.01786
1.01786
1.01786
1.01786
1.01786
1.01786
1.01786
1.01786
1.01786
1.01786
1.01786
1.01786
1.01786
1.01786
1.01786
1.01786
1.01786
1.01786
1.01786
1.01786
1.01786
1.01786
1.01786
1.01786
1.01786
1.01786
1.01786
1.01786
1.01786
1.01786
1.01786
1.01786
1.01786
1.01786
1.01786
1.01786
1.01786
1.01786
1.01786
1.01786
1.01786
1.01786
1.01786
1.01786
1.01786
1.01786
1.01786
1.01786
1.01786
1.01786
1.01786
1.01786
1.01786
1.01786
1.01786
1.01786
1.01786
1.01786
1.01786
1.01786
1.01786
1.01786
1.01786
1.01786
1.01786
1.01786
1.01786
1.01786
1.01786
1.01786
1.01786
1.01786
1.01786
1.01786
1.01786
1.01786
1.01786
1.01786
1.01786
1.01786
1.01786
1.01786
1.01786
1.01786
1.01786
1.01786
1.01786
1.01786
1.01786
1.01786
1.01786
1.01786
1.01786
1.01786
1.01786
1.01786
1.01786
1.01786
1.01786
1.01786
1.01786
1.01786
1.01786
1.01786
1.01786
1.01786
1.01786
1.01786
1.01786
1.01786
1.01786
1.01786
1.01786
1.01786
1.01786
1.01786
1.01786
1.01786
1.01786
1.01786
1.01786
1.01786
1.01786
1.01786
