1.17991
1.17991
1.17991
1.17991
1.1791
1.1791
1.1774
1.1774
1.1774
1.1768
1.1768
1.1768
1.17568
1.17387
1.17387
1.17387
1.17387
1.17387
1.17387
1.17387
1.17387
1.17387
1.17387
1.17387
1.17331
1.17331
1.17331
1.17331
1.17331
1.17331
1.17219
1.17219
1.17219
1.17219
1.17219
1.17113
1.17113
1.17113
1.17113
1.17113
1.17113
1.17113
1.17017
1.17017
1.17017
1.17017
1.16945
1.16945
1.16945
1.16945
1.16945
1.16945
1.16945
1.16945
1.16945
1.16945
1.16945
1.16945
1.16945
1.16945
1.16945
1.16945
1.16945
1.16945
1.16945
1.16945
1.16945
1.16945
1.16945
1.16945
1.16945
1.16945
1.16945
1.16945
1.16945
1.16945
1.16945
1.16945
1.16945
1.16945
1.16945
1.16945
1.16945
1.16945
1.16945
1.16945
1.16945
1.16945
1.16945
1.16945
1.16945
1.16945
1.16945
1.16945
1.16945
1.16945
1.16945
1.16945
1.16945
1.16945
1.16879
1.16879
1.16879
1.16879
1.16879
1.16879
1.16879
1.16808
1.16808
1.16789
1.16789
1.16789
1.16723
1.16723
1.16723
1.16723
1.16723
1.16723
1.16723
1.16723
1.16723
1.16723
1.16474
1.16474
1.16465
1.16465
1.16465
1.16465
1.16465
1.16452
1.16452
1.16452
1.16452
1.16452
1.16452
1.16452
1.16452
1.16452
1.16452
1.16452
1.16452
1.16452
1.16452
1.16452
1.16452
1.16452
1.16452
1.16452
1.15391
1.15391
1.15391
1.15391
1.15391
1.15391
1.15391
1.15391
1.15391
1.15378
1.15378
1.15378
1.15369
1.15369
1.15364
1.15364
1.15364
1.15364
1.15364
1.14679
1.1467
1.1467
1.1467
1.1467
1.1467
1.1467
1.1467
1.1467
1.14606
1.14598
1.14598
1.14577
1.14577
1.14577
1.14535
1.14535
1.14535
1.14535
1.14535
1.14535
1.14535
1.14535
1.14535
1.14535
1.14535
1.14535
1.14535
1.14535
1.14535
1.14535
1.14535
1.14535
1.14535
1.14237
1.14237
1.14074
1.14074
1.14074
1.14074
1.14074
1.14074
1.14074
1.14074
1.14074
1.14074
1.14074
1.14074
1.14074
1.14074
1.14074
1.14074
1.14074
1.14074
1.13888
1.13888
1.13888
1.13888
1.13888
1.13888
1.13888
1.13888
1.13888
1.13888
1.13888
1.13888
1.13879
1.13879
1.13879
1.13879
1.13879
1.13879
1.13879
1.13879
1.13879
1.13879
1.13879
1.13879
1.13879
1.13879
1.13879
1.13879
1.13879
1.13879
1.13879
1.13879
1.13879
1.13879
1.13879
1.13879
1.13879
1.13879
1.13879
1.13879
1.13879
1.13879
1.13879
1.13879
1.13879
1.13879
1.13879
1.13879
1.13879
1.13879
1.13879
1.13879
1.13879
1.13879
1.13879
1.13879
1.13879
1.13879
1.13879
1.13879
1.13879
1.13879
1.13879
1.13879
1.13879
1.13879
1.13879
1.13879
1.13879
1.13879
1.13879
1.13879
1.13879
1.13879
1.13879
1.13879
1.13879
1.13879
1.13879
1.13879
1.13879
1.13879
1.13879
1.13879
1.13879
1.13879
1.13879
1.13879
1.13879
1.13879
1.13879
1.13879
1.13879
1.13879
1.13879
1.13879
1.13879
1.13879
1.13879
1.13879
1.13879
1.13879
1.13879
1.13879
1.13879
1.13879
1.13879
1.13879
1.13879
1.13879
1.13879
1.13879
1.13879
1.13879
1.13879
1.13879
1.13879
1.13879
1.13879
1.13879
1.13879
1.13879
1.13879
1.13879
1.13879
1.13879
1.13879
1.13879
1.13879
1.13879
1.13879
1.13879
1.13879
1.13879
1.13879
1.13879
1.13879
1.13879
1.13879
1.13879
1.13879
1.13879
1.13879
1.13879
1.13879
1.13879
1.13879
1.13879
1.13879
1.13879
1.13879
1.13879
1.13879
1.13879
1.13879
1.13879
1.13879
1.13879
1.13879
1.13879
1.13879
1.13879
1.13879
1.13879
1.13879
1.13879
1.13879
1.13879
1.13879
1.13879
1.13879
1.13879
1.13879
1.13879
1.13879
1.13654
1.13654
1.13654
1.13654
1.13654
1.13654
1.13654
1.13654
1.13654
1.13654
1.13654
1.13654
1.13654
1.13654
1.13654
1.13654
1.13654
1.13654
1.13654
1.13654
1.13654
1.13654
1.13654
1.13654
1.13654
1.13654
1.13654
1.13654
1.13654
1.13654
1.13654
1.13654
1.13654
1.13654
1.13654
1.13654
1.13654
1.13654
1.13654
1.13654
1.13654
1.13654
1.13654
1.13654
1.13654
1.13654
1.13654
1.13654
1.13654
1.13654
1.13654
1.13654
1.13654
1.13654
1.13654
1.13654
1.13654
1.13654
1.13654
1.13646
1.13646
1.13646
1.13416
1.13416
1.13416
1.13416
1.13416
1.13416
1.13416
1.13416
1.13416
1.13416
1.13416
1.13416
1.13407
1.13407
1.13407
1.13407
1.13407
1.13407
1.13407
1.13407
1.13407
1.13407
1.13407
1.13407
1.13407
1.13407
1.13407
1.13407
1.13407
1.13407
1.13407
1.13407
1.13407
1.13407
1.13407
1.13407
1.13407
1.13407
1.13407
1.13407
1.13407
1.13407
1.13407
1.13407
1.13407
1.13407
1.13407
1.13407
1.13407
1.13407
1.13407
1.13407
1.13407
1.13407
1.13407
1.13407
1.13407
1.13407
1.13407
1.13407
1.13407
1.13407
1.13407
1.13407
1.13407
1.13407
1.13407
1.13407
1.13407
1.13407
1.13407
1.13407
1.13407
1.13407
1.13407
1.13407
1.13407
1.12709
1.12709
1.12709
1.12709
1.12709
1.12709
1.12709
1.12709
1.12709
1.12709
1.12709
1.12709
1.12658
1.12658
1.12658
1.12658
1.12658
1.12373
1.12373
1.12356
1.12356
1.12356
1.12188
1.12171
1.12171
1.12171
1.12171
1.12171
1.12171
1.12171
1.12171
1.12171
1.12171
1.12171
1.12171
1.12171
1.12171
1.12171
1.12171
1.12171
1.12171
1.12171
1.12171
1.12171
1.12171
1.12171
1.12171
1.12171
1.12171
1.12171
1.12171
1.12171
1.12171
1.12171
1.12171
1.12171
1.12171
1.12171
1.12171
1.12171
1.12171
1.12171
1.12171
1.12171
1.12171
1.12171
1.12171
1.12171
1.12171
1.12171
1.12171
1.12171
1.12171
1.12171
1.12171
1.12171
1.12171
1.12171
1.12171
1.12171
1.12171
1.12171
1.12171
1.12171
1.12171
1.12171
1.12171
1.12171
1.12171
1.12171
1.12171
1.12171
1.12171
1.12171
1.12171
1.12171
1.12171
1.12171
1.12171
1.12171
1.12171
1.12171
1.12171
1.12171
1.12171
1.12171
1.12171
1.12171
1.12171
1.12171
1.12171
1.12171
1.12171
1.12171
1.12171
1.12171
1.12171
1.12171
1.12171
1.12171
1.12171
1.12171
1.12171
1.12171
1.12171
1.12171
1.12171
1.12171
1.12171
1.12171
1.12171
1.12171
1.12171
1.12171
1.12171
1.12171
1.12171
1.12171
1.12171
1.12171
1.12171
1.12171
1.12171
1.12171
1.12171
1.12171
1.12171
1.12171
1.12171
1.12171
1.12171
1.12171
1.12171
1.12171
1.12171
1.12171
1.12171
1.12171
1.12171
1.12171
1.12171
1.12171
1.12171
1.12171
1.12171
1.12171
1.12171
1.12171
1.12171
1.12171
1.12171
1.12171
1.12171
1.12171
1.12171
1.12171
1.12171
1.12171
1.12171
1.12171
1.12171
1.12171
1.12171
1.12171
1.12171
1.12171
1.12171
1.12171
1.12171
1.12171
1.12171
1.12171
1.12171
1.12171
1.12171
1.12171
1.12171
1.12171
1.12171
1.12171
1.12171
1.12171
1.12171
1.12171
1.12171
1.12171
1.12171
1.12171
1.12171
1.12171
1.12171
1.12171
1.12171
1.12171
1.12171
1.12171
1.12171
1.12171
1.12171
1.12171
1.12171
1.12171
1.12171
1.12171
1.12171
1.12171
1.12171
1.12171
1.12171
1.12171
1.12171
1.12171
1.12171
1.12171
1.12171
1.12171
1.12171
1.12171
1.12171
1.12171
1.12171
1.12171
1.12171
1.12171
1.12171
1.12171
1.12171
1.12171
1.12171
1.12171
1.12171
1.12171
1.12171
1.12171
1.12171
1.12171
1.12171
1.12171
1.12171
1.12171
1.12171
1.12171
1.12171
1.12171
1.12171
1.12171
1.12171
1.12171
1.12171
1.12171
1.12171
1.12171
1.12171
1.12171
1.12171
1.12171
1.12171
1.12171
1.12171
1.12171
1.12171
1.12171
1.12171
1.12171
1.12171
1.12171
1.12171
1.12171
1.12171
1.12171
1.12171
1.12171
1.12171
1.12171
1.12171
1.12171
1.12171
1.12171
1.12171
1.12171
1.12171
1.12171
1.12171
1.12171
1.12171
1.12171
1.12171
1.12171
1.12171
1.12171
1.12171
1.12171
1.12171
1.12171
1.12171
1.12171
1.12171
1.12171
1.12171
1.12171
1.12171
1.12171
1.12171
1.12171
1.12171
1.12171
1.12171
1.12171
1.12171
1.12171
1.12171
1.12171
1.12171
1.12171
1.12171
1.12171
1.12171
1.12171
1.12171
1.12171
1.12171
1.12171
1.12171
1.12171
1.12171
1.12171
1.12171
1.12171
1.12171
1.12171
1.12171
1.12171
1.12171
1.12171
1.12171
1.12171
1.12171
1.12171
1.12171
1.12171
1.12171
1.12171
1.12171
1.12171
1.12171
1.12171
1.12171
1.12171
1.12171
1.12171
1.12171
1.12171
1.12171
1.12171
1.12171
1.12171
1.12171
1.12171
1.12171
1.12171
1.12171
1.12171
1.12171
1.12171
1.12171
1.12171
1.12171
1.12171
1.12171
1.12171
1.12171
1.12171
1.12171
1.12171
1.12171
1.12171
1.12171
1.12171
1.12171
1.12171
1.12171
1.12171
1.12171
1.12171
1.12171
1.12171
1.12171
1.12171
1.12171
1.12171
1.12171
1.12171
1.12171
1.12171
1.12171
1.12171
1.12171
1.12171
1.12171
1.12171
1.12171
1.12134
1.12134
1.12134
1.12134
1.12134
1.12134
1.12134
1.12134
1.12134
1.12134
1.12134
1.12134
1.12134
1.12134
1.12134
1.12134
1.12134
1.12134
1.12134
1.12134
1.12134
1.12134
1.12134
1.12134
1.12134
1.12134
1.12134
1.12134
1.12134
1.12134
1.12134
1.12134
1.12134
1.12134
1.12134
1.12134
1.12134
1.12134
1.12134
1.12134
1.12134
1.12134
1.12134
1.12134
1.12134
1.12134
1.12134
1.12134
1.12134
1.12134
1.12134
1.12134
1.12134
1.12134
1.12134
1.12134
1.12134
1.12134
1.12134
1.12134
1.12134
1.12134
1.12134
1.12134
1.12134
1.12134
1.12134
1.12134
1.12134
1.12134
1.12134
1.12134
1.12134
1.12134
1.12134
1.12134
1.12134
1.12134
1.12134
1.12134
1.12134
1.12134
1.12134
1.12134
1.12134
1.12134
1.12134
1.12134
1.12134
1.12134
1.12134
1.12134
1.12134
1.12134
1.12134
1.12134
1.12134
1.12134
1.12134
1.12134
1.12134
1.12134
1.12134
1.12134
1.12134
1.12134
1.12134
1.12134
1.12134
1.12134
1.12134
1.12134
1.12134
1.12134
1.12134
1.12134
1.12134
1.12134
1.12134
1.12134
1.12134
1.12134
1.12134
1.12134
1.12134
1.12134
1.12134
1.12134
1.12134
1.12134
1.12134
1.12134
1.12134
1.12134
1.12134
1.12134
1.12134
1.12134
1.12134
1.12134
1.12134
1.12134
1.12134
1.12134
1.12134
1.12134
1.12134
1.12134
1.12134
1.12134
1.12134
1.12134
1.12134
1.12134
1.12134
1.12134
1.12134
1.12134
1.12134
1.12134
1.12134
1.12134
1.12134
1.12134
1.12134
1.12134
1.12134
1.12134
1.12134
1.12134
1.12134
1.12134
1.12134
1.12134
1.12134
1.12134
1.12134
1.12134
1.12134
1.12134
1.12134
1.12134
1.12134
1.12134
1.12134
1.12134
1.12134
1.12134
1.12134
1.12134
1.12134
1.12134
1.12134
1.12134
1.12134
1.12134
1.12134
1.12134
1.12134
1.12134
1.12134
1.12134
1.12134
1.12134
1.12134
1.12134
1.12134
1.12134
1.12134
1.12134
1.12134
1.12134
1.12134
1.12134
1.12134
1.12134
1.12134
1.12134
1.12134
1.12134
1.12134
1.12134
1.12134
1.12134
1.12134
1.12134
1.12134
1.12134
1.12134
1.12134
1.12134
1.12134
1.12134
1.12134
1.12134
1.12134
1.12134
1.12134
1.12134
1.12134
1.12134
1.12134
1.12134
1.12134
1.12134
1.12134
1.12134
1.12134
1.12134
1.12134
1.12134
1.12134
1.12134
1.12134
1.12134
1.12134
1.12134
1.12134
1.12134
1.12134
1.12134
1.12134
1.12134
1.12134
1.12134
1.12134
1.12134
1.12134
1.12134
1.12134
1.12134
1.12134
1.12134
1.12134
1.12134
1.12134
1.12134
1.12134
1.12134
1.12134
1.12134
1.12134
1.12134
1.12134
1.12134
1.12134
1.12134
1.12134
1.12134
1.12134
1.12134
1.12134
1.12134
1.12134
1.12134
1.12134
1.12134
1.12134
1.12134
1.12134
1.12134
1.12134
1.12134
1.12134
1.12134
1.12134
1.12134
1.12134
1.12134
1.12134
1.12134
1.12134
1.12134
1.12134
1.12134
1.12134
1.12134
1.12134
1.12134
1.12134
1.12134
1.12134
1.12134
1.12134
1.12134
1.12134
1.12134
1.12134
1.12134
1.12134
1.12134
1.12134
1.12134
1.12134
1.12134
1.12134
1.12134
1.12134
1.12134
1.12134
1.12134
1.12134
1.12134
1.12134
1.12134
1.12134
1.12134
1.12134
1.12134
1.12134
1.12134
1.12134
1.12134
1.12134
1.12134
1.12134
1.12134
1.12134
1.12134
1.12134
1.12134
1.12134
1.12134
1.12134
1.12134
1.12134
1.12134
1.12134
1.12134
1.12134
1.12134
1.12134
1.12134
1.12134
1.12134
1.12134
1.12134
1.12134
1.12134
1.12134
1.12134
1.12134
1.12134
1.12134
1.12134
1.12134
1.12134
1.12134
1.12134
1.12134
1.12134
1.12134
1.12134
1.12134
1.12134
1.12134
1.12134
1.12134
1.12134
1.12134
1.12134
1.12134
1.12134
1.12134
1.12134
1.12134
1.12134
1.12134
1.12134
1.12134
1.12134
1.12134
1.12134
1.12134
1.12134
1.12134
1.12134
1.12134
1.12134
1.12134
1.12134
1.12134
1.12134
1.12134
1.12134
1.12134
1.12134
1.12134
1.12134
1.12134
1.12134
1.12134
1.12134
1.12134
1.12134
1.12134
1.12134
1.12134
1.12134
1.12134
1.12134
1.12134
1.12134
1.12134
1.12134
1.12134
1.12134
1.12134
1.12134
1.12134
1.12134
1.12134
1.12134
1.12134
1.12134
1.12134
1.12134
1.12134
1.12134
1.12134
1.12134
1.12134
1.12134
1.12134
1.12134
1.12134
1.12134
1.12134
1.12134
1.12134
1.12134
1.12134
1.12134
1.12134
1.12134
1.12134
1.12134
1.12134
1.12134
1.12134
1.12134
1.12134
1.12134
1.12134
1.12134
1.12134
1.12134
1.12134
1.12134
1.12134
1.12134
1.12134
1.12134
1.12134
1.12134
1.12134
1.12134
1.12134
1.12134
1.12134
1.12134
1.12134
1.12134
1.12134
1.12134
1.12134
1.12134
1.12134
1.12134
1.12134
1.12134
1.12134
1.12134
1.12134
1.12134
1.12134
1.12134
1.12134
1.12134
1.12134
1.12134
1.12134
1.12134
1.12134
1.12134
1.12134
1.12134
1.12134
1.12134
1.12134
1.12134
1.12134
1.12134
1.12134
1.12134
1.12134
1.12134
1.12134
1.12134
1.12134
1.12134
1.12134
1.12134
1.12134
1.12134
1.12134
1.12134
1.12134
1.12134
1.12134
1.12134
1.12134
1.12134
1.12134
1.12134
1.12134
1.12134
1.12134
1.12134
1.12134
1.12134
1.12134
1.12134
1.12134
1.12134
1.12134
1.12134
1.12134
1.12134
1.12134
1.12134
1.12134
1.12134
1.12134
1.12134
1.12134
1.12134
1.12134
1.12134
1.12134
1.12134
1.12134
1.12134
1.12134
1.12134
1.12134
1.12134
1.12134
1.12134
1.12134
1.12134
1.12134
1.12134
1.12134
1.12134
1.12134
1.12134
1.12134
1.12134
1.12134
1.12134
1.12134
1.12134
1.12134
1.12134
1.12134
1.12134
1.12134
1.12134
1.12134
1.12134
1.12134
1.12134
1.12134
1.12134
1.12134
1.12134
1.12134
1.12134
1.12134
1.12134
1.12134
1.12134
1.12134
1.12134
1.12134
1.12134
1.12134
1.12134
1.12134
1.12134
1.12134
1.12134
1.12134
1.12134
1.12134
1.12134
1.12134
1.12134
1.12134
1.12134
1.12134
1.12134
1.12134
1.12134
1.12134
1.12134
1.12134
1.12134
1.12134
1.12134
1.12134
1.12134
1.12134
1.12134
1.12134
1.12134
1.12134
1.12134
1.12134
1.12134
1.12134
1.12134
1.12134
1.12134
1.12134
1.12134
1.12134
1.12134
1.12134
1.12134
1.12134
1.12134
1.12134
1.12134
1.12134
1.12134
1.12134
1.12134
1.12134
1.12134
1.12134
1.12134
1.12134
1.12134
1.12134
1.12134
1.12134
1.12134
1.12134
1.12134
1.12134
1.12134
1.12134
1.12134
1.12134
1.12134
1.12134
1.12134
1.12134
1.12134
1.12134
1.12134
1.12134
1.12134
1.12134
1.12134
1.12134
1.12134
1.12134
1.12134
1.12134
1.12134
1.12134
1.12134
1.12134
1.12134
1.12134
1.12134
1.12134
1.12134
1.12134
1.12134
1.12134
1.12134
1.12134
1.12134
1.12134
1.12134
1.12134
1.12134
1.12134
1.12134
1.12134
1.12134
1.12134
1.12134
1.12134
1.12134
1.12134
1.12134
1.12134
1.12134
1.12134
1.12134
1.12134
1.12134
1.12134
1.12134
1.12134
1.12134
1.12134
1.12134
1.12134
1.12134
1.12134
1.12134
1.12134
1.12134
1.12134
1.12134
1.12134
1.12134
1.12134
1.12134
1.12134
1.12134
1.12134
1.12134
1.12134
1.12134
1.12134
1.12134
1.12134
1.12134
1.12134
1.12134
1.12134
1.12134
1.12134
1.12134
1.12134
1.12134
1.12134
1.12134
1.12134
1.12134
1.12134
1.12134
1.12134
1.12134
1.12134
1.12134
1.12134
1.12134
1.12134
1.12134
1.12134
1.12134
1.12134
