
/*---------------------------贪心算法思想下解的说明------------------------------*/

算法思想：以当前所在的点为参考选择离自己最近的点作为下一站，走过的点不在经过


贪心思想只能求得每一步只能求得局部最短路径，因此最终结果是近似最优解

贪心算法求解的最短路程的长度为：153442
实际的最短路径为：108137
此算法和最优解的近似度为:1.41896
time = 0.011s
/*---------------------------贪心算法思想下解的说明------------------------------*/



/*---------------------------遗传算法思想下解的说明------------------------------*/

算法思想：随机生成一个路线序列，路线路径长度短的会更可能遗传下去，所以经过多次代际迭代，最终的结果会趋近于最优解


代际更迭次数越多，越接近最优解。这种算法最终结果是近似最优解

遗传算法求解的最短路程的长度为：172702
实际的最短路径为：108137
此算法和最优解的近似度为:1.59707
time = 10.526s
这个算法中共计迭代 5000次
其中每一代个体数为 10   交叉遗传的概率为 0.8   变异的概率为 0.5

迭代过程中 交叉遗传次数为36256  其中变异次数为22717

以下是迭代过程中每一代中最好的个体所对应的路先长度变化

461356 431568 407689 387983 370534 369904 355834 355834 343467 333566 
333452 333452 317350 309022 309022 308344 308344 298016 289230 284700 
283574 280843 279132 275725 275725 271769 271597 267593 260563 258875 
254267 247133 247133 244158 244158 244158 244158 244158 244158 243410 
243329 243255 240991 240911 234233 232927 232927 227356 227356 222267 
212718 212718 212718 212718 212718 212718 211670 210250 210250 210250 
210250 209263 207688 207688 207688 207688 206453 206453 206245 206245 
206245 204979 204979 198734 198734 198734 197983 197983 196080 196080 
196080 196080 195164 194533 194533 194533 190360 189021 188287 188287 
188287 188287 188287 187419 187419 182375 182208 182208 182208 182208 
182137 181697 181611 181611 181611 180258 180258 180258 180258 180258 
180258 177844 175010 175010 174851 173484 173484 172702 172702 172702 
172702 172702 172702 172702 172702 /*---------------------------遗传法思想下解的说明------------------------------*/


