5.89248
5.61988
5.55814
5.44996
5.3618
5.3618
4.94117
4.94117
4.91365
4.91365
4.91365
4.85393
4.52224
4.4377
4.4377
4.24269
4.24269
4.24269
4.15715
4.15715
4.15715
4.08005
4.04783
4.04783
3.96308
3.95257
3.93699
3.91056
3.81128
3.81128
3.75458
3.74637
3.74637
3.74637
3.74637
3.57502
3.57502
3.57502
3.55575
3.42572
3.42572
3.37216
3.37216
3.37216
3.37216
3.37216
3.33677
3.31373
3.28988
3.23883
3.23883
3.21191
3.19141
3.19141
3.19141
3.12119
3.12119
3.07101
3.07101
3.04571
3.04571
3.04571
3.04571
2.95901
2.95901
2.94008
2.90647
2.90019
2.89152
2.87362
2.83458
2.79241
2.7055
2.7055
2.69843
2.6913
2.6913
2.65164
2.65164
2.62038
2.60573
2.60573
2.60573
2.58866
2.54975
2.54303
2.51326
2.50587
2.49351
2.4595
2.45902
2.44584
2.44174
2.43248
2.40965
2.3906
2.38732
2.37519
2.34845
2.34845
2.33319
2.30243
2.29608
2.2853
2.2853
2.28074
2.27604
2.26261
2.2301
2.2301
2.22626
2.21625
2.21625
2.21417
2.21417
2.21417
2.21417
2.21124
2.20721
2.20612
2.20612
2.20081
2.17866
2.17866
2.17866
2.17283
2.16783
2.16783
2.15803
2.14856
2.14856
2.14856
2.14856
2.14856
2.14942
2.1463
2.1463
2.12378
2.12378
2.12283
2.12008
2.11021
2.11021
2.11021
2.10725
2.10725
2.10333
2.10333
2.10034
2.10034
2.09764
2.09764
2.09764
2.07468
2.07204
2.07204
2.06956
2.06623
2.05303
2.04134
2.03259
2.01201
2.01201
1.99357
1.99357
1.99357
1.98209
1.98209
1.98209
1.97674
1.97396
1.96716
1.9644
1.9644
1.9644
1.9644
1.9644
1.95835
1.95215
1.95215
1.94118
1.94118
1.93565
1.93166
1.91793
1.91793
1.91793
1.91793
1.91206
1.9086
1.9086
1.9086
1.90395
1.90395
1.90049
1.90049
1.90049
1.90049
1.90049
1.89323
1.88839
1.88637
1.88113
1.88113
1.88113
1.87414
1.87414
1.87414
1.87236
1.87236
1.87236
1.87236
1.87236
1.87236
1.87236
1.87236
1.86807
1.86807
1.86728
1.86728
1.86728
1.86728
1.86728
1.86051
1.85972
1.85972
1.85972
1.85662
1.85662
1.85662
1.85662
1.84871
1.84871
1.84792
1.84792
1.84792
1.84792
1.84792
1.84546
1.84546
1.83525
1.83525
1.82409
1.82409
1.82409
1.82409
1.82409
1.82409
1.82409
1.82409
1.81922
1.80584
1.80584
1.80584
1.80584
1.80584
1.80584
1.80584
1.80221
1.79479
1.79479
1.79479
1.77825
1.77825
1.77825
1.77683
1.76924
1.75142
1.75142
1.75142
1.75142
1.7418
1.73446
1.73185
1.73185
1.73185
1.72617
1.71194
1.71194
1.70531
1.70531
1.70531
1.70531
1.70531
1.70531
1.70075
1.70075
1.70075
1.69798
1.69798
1.69798
1.69486
1.69486
1.69486
1.69486
1.67408
1.67408
1.67408
1.67408
1.67408
1.66146
1.66146
1.66146
1.66146
1.66146
1.66146
1.66146
1.66146
1.66146
1.66146
1.66146
1.66066
1.66066
1.66066
1.65893
1.65893
1.65893
1.65893
1.65893
1.6546
1.6546
1.6546
1.6546
1.6546
1.6546
1.6546
1.6546
1.6546
1.6546
1.6546
1.6532
1.6532
1.6532
1.6532
1.6532
1.6532
1.6532
1.6532
1.6532
1.6532
1.6532
1.6532
1.6532
1.6532
1.6532
1.6532
1.6532
1.6532
1.6532
1.6532
1.6532
1.6532
1.6532
1.65295
1.64856
1.64759
1.64759
1.64759
1.64759
1.64759
1.64759
1.64759
1.64759
1.64759
1.64759
1.64759
1.64759
1.64759
1.64759
1.64759
1.64759
1.64759
1.64759
1.64759
1.64759
1.64759
1.64759
1.64759
1.64759
1.64759
1.64759
1.64759
1.64759
1.64759
1.64759
1.64759
1.64759
1.64759
1.64759
1.64759
1.64759
1.64759
1.64759
1.64759
1.64759
1.64759
1.64759
1.64759
1.64759
1.64759
1.64759
1.64657
1.64247
1.64247
1.64247
1.64247
1.64247
1.64247
1.64247
1.64247
1.64247
1.64247
1.64176
1.64073
1.64073
1.64036
1.64036
1.62855
1.62855
1.62855
1.61843
1.61843
1.61843
1.61843
1.61843
1.61843
1.61843
1.6167
1.6167
1.6167
1.6167
1.6167
1.6167
1.6167
1.6167
1.6167
1.6167
1.6167
1.6167
1.6167
1.6167
1.6167
1.6167
1.6167
1.6167
1.6167
1.6167
1.6167
1.6167
1.6167
1.6167
1.6167
1.6167
1.6167
1.6167
1.6167
1.6167
1.6167
1.6167
1.6167
1.6167
1.6167
1.6167
1.60603
1.60603
1.60603
1.60603
1.60603
1.60603
1.60603
1.60603
1.60603
1.60603
1.60603
1.60603
1.60603
1.60603
1.60603
1.60603
1.60603
1.60603
1.60603
1.60603
1.60603
1.60603
1.60603
1.60603
1.60554
1.60554
1.60554
1.60554
1.60554
1.60554
1.60554
1.60554
1.60554
1.60554
1.60377
1.60377
1.60377
1.60377
1.60377
1.60377
1.60377
1.60377
1.60377
1.60377
1.60377
1.60377
1.60377
1.60377
1.60377
1.60377
1.60377
1.60377
1.60377
1.60377
1.60377
1.60377
1.60377
1.60377
1.60377
1.60313
1.60313
1.60313
1.60313
1.60313
1.60313
1.58655
1.58655
1.58082
1.58082
1.58082
1.58082
1.58082
1.57905
1.57905
1.57905
1.57905
1.57905
1.57905
1.57905
1.57905
1.57604
1.57604
1.57604
1.57604
1.57604
1.57604
1.57604
1.57604
1.57427
1.57427
1.57427
1.57427
1.57427
1.57427
1.57427
1.57427
1.57427
1.5688
1.5688
1.5688
1.56704
1.56704
1.56704
1.56704
1.56704
1.56594
1.56594
1.56594
1.56594
1.56594
1.56594
1.56594
1.56594
1.56594
1.56594
1.56594
1.56594
1.56418
1.56418
1.56418
1.56418
1.56418
1.56418
1.56418
1.56418
1.56556
1.56556
1.56556
1.56556
1.56379
1.56379
1.56379
1.56379
1.56305
1.56305
1.56305
1.56266
1.56266
1.56266
1.56266
1.56266
1.56266
1.56266
1.5609
1.5609
1.5609
1.5609
1.5609
1.5609
1.5609
1.5609
1.5609
1.5609
1.5609
1.5609
1.5609
1.55981
1.55981
1.55981
1.55981
1.55981
1.55981
1.55981
1.55981
1.55981
1.55981
1.55981
1.55981
1.55981
1.55981
1.55981
1.55981
1.55981
1.55981
1.55981
1.55981
1.55981
1.55981
1.55981
1.55981
1.55981
1.55981
1.55981
1.55981
1.55981
1.55981
1.55981
1.55981
1.55981
1.55981
1.55981
1.55981
1.55981
1.55981
1.55981
1.55981
1.55981
1.55981
1.55981
1.55981
1.55981
1.55981
1.55981
1.55981
1.55981
1.55981
1.55981
1.55981
1.55981
1.55981
1.55981
1.55981
1.55981
1.55981
1.55981
1.55981
1.55981
1.55981
1.55981
1.55981
1.55981
1.55981
1.55981
1.55981
1.55981
1.55981
1.55981
1.55981
1.55981
1.55981
1.55981
1.55981
1.55981
1.55981
1.55802
1.55802
1.55802
1.55802
1.55802
1.55802
1.55802
1.55802
1.55802
1.55802
1.55802
1.55802
1.55802
1.55802
1.55802
1.55802
1.55802
1.55802
1.55802
1.55802
1.55802
1.55802
1.55802
1.55802
1.55802
1.55802
1.55802
1.55802
1.55802
1.55193
1.55193
1.55193
1.55017
1.55017
1.55017
1.55017
1.55017
1.55017
1.55017
1.55017
1.55017
1.55017
1.55017
1.55017
1.55017
1.55017
1.55017
1.55017
1.55017
1.55017
1.55017
1.55017
1.55017
1.55017
1.55017
1.55017
1.55017
1.55017
1.55017
1.55017
1.55017
1.55017
1.55017
1.55017
1.55017
1.55017
1.55017
1.55017
1.55017
1.55017
1.55017
1.55017
1.55017
1.55017
1.55017
1.55017
1.55017
1.55017
1.55017
1.55017
1.55017
1.55017
1.55017
1.55017
1.55017
1.55017
1.55017
1.55017
1.55017
1.55017
1.55017
1.55017
1.55017
1.55017
1.55017
1.55017
1.55017
1.55017
1.55017
1.55017
1.55017
1.55017
1.55017
1.55017
1.55017
1.55017
1.55017
1.55017
1.55017
1.55017
1.55017
1.55017
1.55017
1.54481
1.54481
1.54481
1.54368
1.54368
1.54368
1.54368
1.54192
1.54192
1.54192
1.54192
1.54087
1.54087
1.54087
1.54087
1.5391
1.5391
1.5391
1.5391
1.53864
1.53864
1.53864
1.53864
1.53864
1.53864
1.53864
1.53864
1.53864
1.53864
1.53864
1.53864
1.53864
1.53864
1.53864
1.53864
1.53864
1.53864
1.53864
1.53864
1.53864
1.53864
1.53864
1.53864
1.53864
1.53864
1.53864
1.53864
1.53864
1.53864
1.53864
1.53864
1.53864
1.53864
1.53864
1.53864
1.53864
1.53864
1.53864
1.53864
1.53864
1.53864
1.53864
1.53864
1.53864
1.53864
1.53864
1.53864
1.53864
1.53864
1.53864
1.53864
1.53864
1.53864
1.53864
1.53864
1.53864
1.53864
1.53864
1.53864
1.53864
1.53864
1.53864
1.53864
1.53864
1.53864
1.53864
1.53864
1.53864
1.53864
1.53864
1.53864
1.53864
1.53864
1.53864
1.53864
1.53864
1.53864
1.53864
1.53864
1.53298
1.53298
1.53298
1.53298
1.53298
1.53298
1.53298
1.53298
1.53298
1.53298
1.53298
1.53298
1.53298
1.52311
1.52311
1.52311
1.52311
1.52311
1.52311
1.52311
1.52311
1.52311
1.52311
1.52311
1.52311
1.52311
1.52311
1.52311
1.52311
1.52311
1.52311
1.514
1.514
1.514
1.514
1.514
1.514
1.514
1.514
1.514
1.514
1.514
1.514
1.514
1.514
1.514
1.514
1.514
1.514
1.514
1.514
1.514
1.514
1.514
1.514
1.514
1.514
1.514
1.514
1.514
1.514
1.514
1.514
1.514
1.514
1.514
1.514
1.514
1.514
1.514
1.514
1.514
1.514
1.514
1.514
1.514
1.514
1.514
1.514
1.514
1.514
1.514
1.514
1.514
1.514
1.514
1.514
1.49774
1.49774
1.49774
1.49727
1.48077
1.48077
1.48077
1.48077
1.48077
1.48077
1.48077
1.48077
1.48077
1.48077
1.48077
1.48077
1.47462
1.47462
1.47462
1.47462
1.47462
1.47462
1.47462
1.47462
1.47462
1.47462
1.47462
1.47462
1.47462
1.47462
1.47462
1.47462
1.47314
1.47314
1.47314
1.47314
1.47314
1.46344
1.46344
1.46344
1.46344
1.46344
1.46344
1.46344
1.46344
1.46344
1.46344
1.46344
1.46344
1.46344
1.46344
1.46344
1.46344
1.46344
1.46344
1.46344
1.46344
1.46344
1.46344
1.46344
1.46344
1.46344
1.46344
1.46344
1.46344
1.46344
1.46344
1.46344
1.46344
1.46344
1.46344
1.46344
1.46344
1.46344
1.46344
1.46344
1.46344
1.46344
1.46344
1.46344
1.46344
1.46344
1.46344
1.46344
1.46344
1.46344
1.46344
1.46344
1.46344
1.46344
1.46344
1.46344
1.46344
1.46344
1.46344
1.46344
1.46344
1.46344
1.46344
1.46344
1.46077
1.46077
1.46077
1.46077
1.46077
1.46077
1.46077
1.46077
1.46077
1.46077
1.46077
1.46077
1.46077
1.46077
1.46077
1.46077
1.46077
1.46077
1.46077
1.46077
1.46077
1.46077
1.46077
1.46077
1.46077
1.46077
1.46077
1.46077
1.46077
1.46077
1.46077
1.46077
1.46077
1.46077
1.46077
1.46077
1.46077
1.46077
1.46077
1.46077
1.46077
1.46077
1.46077
1.46077
1.46077
1.46077
1.46077
1.46077
1.46077
1.46077
1.46077
1.46077
1.46077
1.46077
1.46077
1.46077
1.46077
1.46077
1.46077
1.46077
1.46077
1.46077
1.46077
1.46077
1.45747
1.45747
1.45747
1.45747
1.4523
1.44414
1.44414
1.44414
1.44414
1.44414
1.44414
1.44414
1.44414
1.44414
1.44414
1.44414
1.44414
1.44414
1.44414
1.44414
1.44414
1.44414
1.44414
1.44414
1.44414
1.44414
1.44414
1.44414
1.44414
1.44414
1.44414
1.44414
1.44414
1.44414
1.44414
1.44414
1.44414
1.44414
1.44414
1.44414
1.44414
1.44414
1.44414
1.44414
1.44414
1.44414
1.44414
1.44414
1.44414
1.44414
1.44414
1.44414
1.44414
1.44414
1.44414
1.44414
1.44414
1.44414
1.44414
1.44414
1.44414
1.44414
1.44414
1.44414
1.44414
1.44414
1.44414
1.44414
1.44414
1.44414
1.44414
1.44414
1.439
1.439
1.439
1.439
1.439
1.439
1.439
1.439
1.439
1.439
1.439
1.439
1.439
1.439
1.439
1.43082
1.43082
1.43082
1.43082
1.43082
1.43082
1.43082
1.43082
1.43082
1.43082
1.41729
1.41729
1.41729
1.41535
1.41535
1.41535
1.41535
1.41535
1.41535
1.41535
1.41535
1.41535
1.41535
1.41535
1.41535
1.41535
1.41535
1.41535
1.41535
1.41535
1.41535
1.41535
1.41535
1.41535
1.41535
1.41535
1.41535
1.41535
1.41535
1.41535
1.41535
1.41535
1.41535
1.41535
1.41535
1.41535
1.41535
1.41535
1.41535
1.41535
1.41535
1.41535
1.41535
1.41535
1.41535
1.41535
1.41535
1.41535
1.41535
1.41535
1.41535
1.41535
1.41535
1.41535
1.41535
1.41535
1.41535
1.41535
1.41535
1.41535
1.41535
1.41535
1.41535
1.41302
1.41302
1.41302
1.41302
1.41302
1.41302
1.41302
1.41302
1.41302
1.41302
1.41302
1.41302
1.41302
1.41302
1.41302
1.41302
1.41302
1.41302
1.41302
1.41302
1.41302
1.41302
1.41302
1.41302
1.41302
1.41302
1.41302
1.41302
1.41302
1.41302
1.41302
1.41302
1.41302
1.41302
1.41302
1.41302
1.41302
1.41302
1.41302
1.41302
1.41302
1.41302
1.41302
1.41302
1.41302
1.41302
1.41302
1.41302
1.41302
1.41302
1.41302
1.41302
1.41302
1.41302
1.41302
1.41302
1.41302
1.41302
1.41302
1.41302
1.41302
1.41302
1.41302
1.41302
1.41302
1.41302
1.40916
1.40916
1.40916
1.40916
1.40916
1.40916
1.40916
1.40916
1.40916
1.40916
1.40916
1.40916
1.40916
1.40916
1.40916
1.40916
1.40738
1.40738
1.40738
1.40738
1.40738
1.40752
1.40752
1.40752
1.40752
1.40752
1.40752
1.40752
1.40752
1.40752
1.40752
1.40752
1.40384
1.40384
1.40384
1.40384
1.40384
1.40384
1.40384
1.40384
1.40384
1.40384
1.40384
1.40384
1.40021
1.40021
1.40021
1.40021
1.40021
1.39668
1.39668
1.39668
1.39668
1.39668
1.39668
1.39668
1.39668
1.39668
1.39668
1.39668
1.39668
1.39668
1.39524
1.39524
1.39524
1.39524
1.39524
1.39524
1.39524
1.39524
1.39524
1.39524
1.39524
1.3943
1.3943
1.3943
1.3943
1.3943
1.3943
1.3943
1.3943
1.3943
1.39148
1.39148
1.39148
1.39148
1.39148
1.39148
1.39148
1.39148
1.39148
1.39148
1.39148
1.39148
1.39148
1.39148
1.39148
1.39148
1.39148
1.39148
1.39148
1.39148
1.39148
1.39148
1.39148
1.39148
1.39148
1.38918
1.38918
1.38918
1.38918
1.38918
1.38918
1.38918
1.38918
1.38918
1.38918
1.38918
1.38918
1.38918
1.38918
1.38918
1.38918
1.38918
1.38918
1.38918
1.38918
1.38918
1.38918
1.38918
1.38918
1.38918
1.38918
1.38918
1.38918
1.38918
1.38918
1.38918
1.38918
1.38918
1.38918
1.38918
1.38918
1.38918
1.38918
1.38918
1.38918
1.38918
1.38918
1.38918
1.38918
1.38918
1.38918
1.38918
1.38918
1.38918
1.38918
1.38918
1.38918
1.38918
1.38918
1.38918
1.38918
1.38918
1.38918
1.38918
1.38918
1.38918
1.38918
1.38918
1.38918
1.38918
1.38918
1.38918
1.38918
1.38918
1.38918
1.38918
1.38918
1.38918
1.38918
1.38918
1.38918
1.38918
1.38918
1.38918
1.38918
1.38918
1.38918
1.38918
1.38918
1.38918
1.38918
1.38918
1.38918
1.38918
1.38918
1.38918
1.38918
1.38918
1.38918
1.38918
1.38918
1.38918
1.38918
1.38918
1.38918
1.38918
1.38918
1.38918
1.38918
1.38918
1.38918
1.38918
1.38918
1.38918
1.38918
1.38918
1.38918
1.38918
1.38918
1.38918
1.38918
1.38918
1.38918
1.38918
1.38918
1.38918
1.38918
1.38918
1.38918
1.38918
1.38918
1.38918
1.38918
1.38918
1.38918
1.38918
1.38918
1.38918
1.38918
1.38918
1.38918
1.38918
1.38918
1.39028
1.39028
1.39028
1.39028
1.39028
1.39028
1.39028
1.39028
1.38797
1.38797
1.38797
1.38797
1.38797
1.38797
1.38797
1.38797
1.38797
1.38797
1.38797
1.38797
1.38797
1.38797
1.38797
1.38797
1.38797
1.38797
1.38797
1.38797
1.38797
1.38797
1.38797
1.38797
1.38797
1.38797
1.38797
1.38797
1.38797
1.38797
1.38797
1.38797
1.38797
1.38797
1.38797
1.38797
1.38797
1.38797
1.38797
1.38797
1.38797
1.38797
1.38797
1.38797
1.38797
1.38797
1.38797
1.38797
1.38797
1.38797
1.38797
1.38797
1.38797
1.38797
1.38797
1.38797
1.38797
1.38797
1.38797
1.38797
1.38797
1.38797
1.38797
1.38797
1.38797
1.38797
1.38797
1.38797
1.38797
1.38797
1.38797
1.38797
1.38797
1.38797
1.38797
1.38797
1.38797
1.38797
1.38797
1.38797
1.38797
1.38797
1.38797
1.38797
1.38797
1.38797
1.38797
1.38797
1.38797
1.38797
1.38797
1.38797
1.38797
1.38797
1.38797
1.38797
1.38797
1.38797
1.38797
1.38797
1.38797
1.38797
1.38797
1.38797
1.38797
1.38797
1.38797
1.38797
1.38797
1.38797
1.38797
1.38797
1.38797
1.38797
1.38797
1.38797
1.38797
1.38797
1.38797
1.38797
1.38797
1.38797
1.38797
1.38797
1.38797
1.38797
1.38797
1.38797
1.38797
1.38797
1.38797
1.38797
1.38797
1.38797
1.38797
1.38797
1.38797
1.38797
1.38797
1.38797
1.38797
1.38797
1.38797
1.38797
1.38797
1.38797
1.38797
1.38099
1.38099
1.38099
1.37696
1.37696
1.37696
1.37696
1.37696
1.37696
1.37696
1.37577
1.37577
1.37577
1.37491
1.37161
1.36381
1.36381
1.36381
1.35685
1.35685
1.3548
1.3548
1.3548
1.3548
1.3548
1.3548
1.3548
1.3548
1.3548
1.3548
1.3548
1.3548
1.3548
1.3548
1.35173
1.35173
1.35173
1.35173
1.33858
1.33858
1.33858
1.33858
1.33858
1.33199
1.33199
1.33199
1.33199
1.33199
1.33199
1.33199
1.33199
1.33199
1.33199
1.33199
1.33199
1.33199
1.33199
1.33199
1.33199
1.33199
1.33199
1.33199
1.33199
1.33199
1.33199
1.33199
1.33199
1.33199
1.33199
1.33199
1.33199
1.33199
1.33199
1.33199
1.33199
1.33199
1.33199
1.33199
1.33199
1.33199
1.33199
1.33199
1.33199
1.33199
1.33199
1.33199
1.33199
1.33199
1.33199
1.33199
1.33199
1.33199
1.33199
1.33199
1.33199
1.33199
1.33199
1.33199
1.33199
1.33199
1.33199
1.33199
1.33199
1.33199
1.33199
1.33199
1.33199
1.33199
1.33199
1.33199
1.33199
1.33199
1.33199
1.33199
1.33199
1.33199
1.33199
1.33199
1.33199
1.33199
1.33199
1.33199
1.33199
1.33199
1.33199
1.33199
1.33199
1.33199
1.33199
1.33199
1.33199
1.33199
1.33199
1.33199
1.33199
1.33199
1.33199
1.33199
1.33199
1.33199
1.33199
1.33199
1.33199
1.33199
1.33199
1.33199
1.33199
1.33199
1.33199
1.33199
1.33199
1.33199
1.33199
1.33199
1.33199
1.33199
1.33199
1.33199
1.33199
1.33199
1.33199
1.33199
1.33199
1.33199
1.33199
1.33199
1.33199
1.33199
1.33199
1.33199
1.33199
1.33199
1.33199
1.33199
1.33199
1.33199
1.33199
1.33199
1.33199
1.33199
1.33199
1.33199
1.33199
1.33199
1.33199
1.33199
1.33199
1.33199
1.33199
1.33199
1.33199
1.33199
1.33199
1.33199
1.33199
1.33199
1.33199
1.33199
1.33199
1.33199
1.33199
1.33199
1.33199
1.33199
1.33199
1.33199
1.33199
1.33199
1.33199
1.33199
1.33199
1.33199
1.33199
1.33199
1.33199
1.33199
1.33199
1.33199
1.33199
1.33199
1.33199
1.33199
1.33199
1.33199
1.33199
1.33199
1.33199
1.33199
1.33199
1.33199
1.33199
1.33199
1.33199
1.33199
1.33199
1.33199
1.33199
1.33199
1.33199
1.33199
1.33199
1.33199
1.33199
1.33199
1.33199
1.33199
1.33199
1.33199
1.33199
1.33199
1.33199
1.33199
1.33199
1.33199
1.33199
1.33199
1.33199
1.33199
1.33199
1.33199
1.33199
1.33199
1.33199
1.33199
1.33199
1.33199
1.33199
1.32921
1.32846
1.32846
1.32846
1.32846
1.32846
1.32846
1.32846
1.32846
1.32846
1.32846
1.32846
1.32846
1.32846
1.32846
1.32846
1.32846
1.32846
1.32846
1.32846
1.32846
1.32846
1.32846
1.32846
1.32846
1.32846
1.32846
1.32846
1.32846
1.32846
1.32846
1.32846
1.32846
1.32846
1.32846
1.32846
1.32846
1.32846
1.32846
1.32846
1.32846
1.32846
1.32846
1.32846
1.32846
1.32846
1.32846
1.32846
1.32846
1.32846
1.32846
1.32846
1.32846
1.32502
1.32502
1.32027
1.32027
1.32027
1.32027
1.32027
1.32027
1.32027
1.32027
1.32027
1.32027
1.32027
1.32027
1.32027
1.32027
1.32027
1.32027
1.32027
1.32027
1.32027
1.32027
1.32027
1.32027
1.32027
1.32027
1.32027
1.32027
1.32027
1.32027
1.32027
1.32027
1.32027
1.32027
1.32027
1.32027
1.32027
1.32027
1.32027
1.32027
1.32027
1.32027
1.32027
1.32027
1.32027
1.31724
1.31724
1.3061
1.29274
1.29274
1.29274
1.29274
1.29274
1.29274
1.29274
1.29274
1.29274
1.29274
1.29274
1.29274
1.29274
1.29274
1.29274
1.29274
1.28955
1.27164
1.27164
1.27023
1.26817
1.26817
1.26703
1.26497
1.26497
1.26497
1.26497
1.26497
1.26497
1.26497
1.26497
1.26497
1.26497
1.26497
1.26497
1.26497
1.26497
1.26497
1.26497
1.26497
1.26497
1.26497
1.26497
1.26497
1.26497
1.26497
1.26497
1.26497
1.26497
1.26497
1.26497
1.26497
1.26497
1.26497
1.26497
1.26497
1.26497
1.26497
1.26497
1.26497
1.26497
1.26497
1.26497
1.26497
1.26497
1.26497
1.26497
1.26497
1.26497
1.26497
1.26497
1.26497
1.26497
1.26497
1.26497
1.26497
1.26497
1.26497
1.26497
1.26497
1.26497
1.26497
1.26497
1.26497
1.26497
1.25711
1.25711
1.25711
1.25711
1.25711
1.25711
1.25711
1.25711
1.25711
1.25711
1.25711
1.25711
1.25711
1.25711
1.25711
1.25711
1.25711
1.25711
1.25711
1.25711
1.25711
1.25711
1.25711
1.25711
1.25711
1.25333
1.25333
1.25333
1.25333
1.25333
1.25333
1.25333
1.25333
1.25333
1.25333
1.25333
1.25333
1.25333
1.25333
1.25333
1.25333
1.25333
1.25333
1.25333
1.25333
1.25333
1.25333
1.25333
1.25333
1.25333
1.25333
1.25333
1.25333
1.25333
1.25333
1.25333
1.25333
1.25333
1.25333
1.25333
1.25333
1.25333
1.25333
1.25333
1.25333
1.25333
1.25333
1.25333
1.25333
1.25333
1.25333
1.25333
1.25333
1.25333
1.25333
1.25333
1.25333
1.25333
1.25333
1.25333
1.25333
1.25333
1.25333
1.25333
1.25333
1.25333
1.25333
1.25333
1.25333
1.25333
1.25333
1.25333
1.25333
1.25333
1.25333
1.25333
1.25333
1.25333
1.25333
1.25333
1.25333
1.25333
1.25333
1.25333
1.25333
1.25333
1.25333
1.25333
1.25333
1.25333
1.25333
1.25333
1.25333
1.25333
1.25333
1.25333
1.25333
1.25333
1.25333
1.25333
1.25333
1.25333
1.25333
1.25333
1.25333
1.25333
1.25333
1.25333
1.25333
1.25333
1.25333
1.25333
1.25333
1.25333
1.25333
1.25333
1.25333
1.25333
1.25333
1.25333
1.25333
1.25333
1.25333
1.25333
1.25333
1.25333
1.25333
1.25333
1.25333
1.25333
1.25333
1.25333
1.25333
1.25333
1.25333
1.25333
1.25333
1.25333
1.25333
1.25333
1.25333
1.25333
1.25333
1.25333
1.25333
1.25333
1.25333
1.25333
1.25333
1.25333
1.25333
1.25333
1.25333
1.25333
1.25333
1.25333
1.25333
1.25333
1.25333
1.25333
1.25333
1.25333
1.25333
1.25333
1.25333
1.25333
1.25333
1.25333
1.25333
1.25333
1.25333
1.25333
1.25333
1.25333
1.25333
1.25333
1.25333
1.25333
1.25333
1.25333
1.25333
1.25333
1.25333
1.25333
1.25333
1.25333
1.25333
1.25333
1.25333
1.25333
1.25333
1.25333
1.25333
1.25333
1.25333
1.25333
1.25333
1.25333
1.25333
1.25333
1.25333
1.25333
1.25333
1.25333
1.25333
1.25333
1.25333
1.25333
1.25333
1.25333
1.25333
1.25333
1.25333
1.25333
1.25333
1.25333
1.25333
1.25333
1.25333
1.25333
1.25333
1.25333
1.25333
1.25333
1.25333
1.25333
1.25333
1.25333
1.25333
1.25333
1.25333
1.25333
1.25333
1.25333
1.25333
1.25333
1.25333
1.25333
1.25333
1.25333
1.25333
1.25333
1.25333
1.25333
1.25333
1.25333
1.25333
1.25333
1.25333
1.25333
1.25333
1.25333
1.25333
1.25333
1.25333
1.25333
1.25333
1.25333
1.25333
1.25097
1.25097
1.25097
1.25097
1.25097
1.25097
1.25097
1.25097
1.25097
1.25097
1.25097
1.25097
1.25097
1.25097
1.25097
1.25097
1.25097
1.25097
1.25097
1.25097
1.25097
1.25097
1.25097
1.25097
1.25097
1.25097
1.25097
1.25097
1.25097
1.25097
1.25097
1.25097
1.25097
1.25097
1.25097
1.25097
1.25097
1.25097
1.25097
1.25097
1.25097
1.25097
1.25097
1.25097
1.25097
1.25097
1.25097
1.25097
1.25097
1.25097
1.25097
1.25097
1.25097
1.25097
1.25097
1.25097
1.25097
1.25097
1.25097
1.25097
1.25097
1.25097
1.25097
1.25097
1.25097
1.25097
1.25097
1.25097
1.25097
1.25097
1.25097
1.25097
1.25097
1.25097
1.25097
1.25097
1.25097
1.25097
1.25097
1.25097
1.25097
1.25097
1.25097
1.25097
1.25097
1.25097
1.25097
1.25097
1.25097
1.25097
1.25097
1.25097
1.25097
1.25097
1.25097
1.25097
1.25097
1.25097
1.25097
1.25097
1.25097
1.25097
1.25097
1.25097
1.25097
1.25097
1.25097
1.25097
1.25097
1.25097
1.25097
1.25097
1.25097
1.25097
1.25097
1.25097
1.25097
1.25097
1.25097
1.25097
1.25097
1.25097
1.25097
1.25097
1.25097
1.25097
1.25097
1.25097
1.25097
1.24057
1.24057
1.24057
1.24057
1.24057
1.24057
1.24057
1.24057
1.24057
1.23655
1.23264
1.23264
1.23264
1.23264
1.23264
1.23264
1.23264
1.23264
1.23034
1.23034
1.23034
1.23034
1.23034
1.23034
1.23034
1.23034
1.23034
1.23034
1.23034
1.23034
1.23034
1.23034
1.23034
1.23034
1.23034
1.23034
1.23034
1.23034
1.23034
1.23034
1.23034
1.23034
1.23034
1.23034
1.23034
1.23034
1.23034
1.23034
1.23034
1.23034
1.23034
1.23034
1.23034
1.23034
1.23034
1.23034
1.23034
1.23034
1.23034
1.23034
1.23034
1.23034
1.23034
1.23034
1.23034
1.23034
1.23034
1.23034
1.23034
1.23034
1.23034
1.23034
1.23034
1.23034
1.23034
1.23034
1.23034
1.23034
1.23034
1.23034
1.23034
1.23034
1.23034
1.23034
1.23034
1.23034
1.23034
1.23034
1.23034
1.23034
1.23034
1.23034
1.23034
1.23034
1.23034
1.23034
1.23034
1.23034
1.23034
1.23034
1.23034
1.23034
1.23034
1.23034
1.23034
1.23034
1.23034
1.23034
1.23034
1.23034
1.23034
1.23034
1.23034
1.23034
1.23034
1.23034
1.23034
1.23034
1.23034
1.23034
1.23034
1.23034
1.23034
1.23034
1.23034
1.23034
1.23034
1.23034
1.23034
1.23034
1.23034
1.23034
1.23034
1.23034
1.23034
1.23034
1.23034
1.23034
1.23034
1.23034
1.23034
1.23034
1.23034
1.23034
1.23034
1.23034
1.23034
1.23034
1.23034
1.23034
1.23034
1.23034
1.23034
1.23034
1.23034
1.23034
1.23034
1.23034
1.23034
1.23034
1.23034
1.23034
1.23034
1.23034
1.23034
1.23034
1.23034
1.23034
1.23034
1.23034
1.23034
1.23034
1.23034
1.23034
1.23034
1.23034
1.23034
1.23034
1.23034
1.23034
1.23034
1.23034
1.23034
1.23034
1.23034
1.23034
1.23034
1.23034
1.23034
1.23034
1.23034
1.23034
1.23034
1.23034
1.23034
1.23034
1.23034
1.23034
1.23034
1.23034
1.23034
1.23034
1.23034
1.23034
1.23034
1.23034
1.23034
1.23034
1.23034
1.23034
1.23034
1.23034
1.23034
1.23034
1.23034
1.23034
1.23034
1.23034
1.23034
1.23034
1.23034
1.23034
1.23034
1.23034
1.23034
1.23034
1.23034
1.23034
1.23034
1.23034
1.23034
1.23034
1.23034
1.23034
1.23034
1.23034
1.23034
1.23034
1.23034
1.23034
1.23034
1.23034
1.23034
1.23034
1.23034
1.23034
1.23034
1.23034
1.23034
1.23034
1.23034
1.23034
1.23034
1.23034
1.23034
1.23034
1.23034
1.23034
1.23034
1.23034
1.23034
1.23034
1.23034
1.23034
1.23034
1.23034
1.23034
1.23034
1.23034
1.23034
1.23034
1.23034
1.23034
1.23034
1.23034
1.23034
1.23034
1.23034
1.23034
1.23034
1.23034
1.23034
1.23034
1.23034
1.23034
1.23034
1.23034
1.23034
1.23034
1.23034
1.23034
1.23034
1.23034
1.23034
1.23034
1.23034
1.23034
1.23034
1.23034
1.23034
1.23034
1.23034
1.23034
1.23034
1.23034
1.23034
1.23034
1.23034
1.23034
1.23034
1.23034
1.23034
1.23034
1.23034
1.23034
1.23034
1.23034
1.23034
1.23034
1.23034
1.23034
1.23034
1.23034
1.23034
1.23034
1.23034
1.23034
1.23034
1.23034
1.23034
1.23034
1.23034
1.23034
1.23034
1.23034
1.23034
1.23034
1.23034
1.23034
1.23034
1.23034
1.23034
1.23034
1.23034
1.23034
1.23034
1.23034
1.23034
1.23034
1.23034
1.23034
1.23034
1.23034
1.23034
1.23034
1.23034
1.23034
1.23034
1.23034
1.23034
1.23034
1.23034
1.23034
1.23034
1.23034
1.23034
1.23034
1.23034
1.23034
1.23034
1.23034
1.23034
1.23101
1.23101
1.23101
1.23101
1.23101
1.23101
1.23101
1.23101
1.23101
1.23101
1.23101
1.23101
1.23101
1.23101
1.23101
1.23101
1.23101
1.23101
1.22716
1.22716
1.22716
1.22716
1.22716
1.22716
1.22716
1.22716
1.22716
1.22716
1.22716
1.22716
1.22716
1.22716
1.22716
1.22716
1.22716
1.22579
1.22579
1.22579
1.22579
1.22579
1.22579
1.22579
1.22579
1.22579
1.22579
1.22579
1.22579
1.22579
1.22579
1.22579
1.22579
1.22579
1.22579
1.22579
1.22579
1.22579
1.22579
1.22579
1.22579
1.22579
1.22579
1.22579
1.22579
1.22579
1.22579
1.22579
1.22579
1.22579
1.22579
1.22579
1.22579
1.22579
1.22579
1.22579
1.22579
1.22579
1.22579
1.22579
1.22579
1.22579
1.22579
1.22579
1.22579
1.22579
1.22579
1.22579
1.22579
1.22579
1.22579
1.22579
1.22579
1.22579
1.22579
1.22579
1.22579
1.22579
1.22579
1.22579
1.22579
1.22579
1.22579
1.22579
1.22579
1.22579
1.22579
1.22592
1.22592
1.22592
1.22592
1.22592
1.22592
1.22592
1.22592
1.22592
1.22592
1.22592
1.22592
1.22592
1.22592
1.22592
1.22592
1.22592
1.22592
1.22592
1.22592
1.22592
1.22592
1.22592
1.22592
1.22592
1.22592
1.22592
1.22592
1.22592
1.22592
1.22592
1.22592
1.22592
1.22592
1.22592
1.22592
1.22592
1.22592
1.22592
1.22592
1.22592
1.22592
1.22592
1.22592
1.22592
1.22592
1.22592
1.22592
1.22592
1.22592
1.22592
1.22592
1.22592
1.22592
1.22592
1.22592
1.22592
1.22592
1.22592
1.22592
1.22526
1.22526
1.22526
1.22526
1.22526
1.22526
1.22526
1.22526
1.22526
1.22526
1.22526
1.22526
1.22526
1.22526
1.22526
1.22526
1.22526
1.22526
1.22526
1.22526
1.22526
1.22526
1.22526
1.22526
1.22526
1.22526
1.22526
1.22526
1.22526
1.22526
1.22526
1.22526
1.22526
1.22526
1.22526
1.22526
1.22526
1.22526
1.22526
1.22526
1.22526
1.22526
1.22526
1.22526
1.22526
1.22526
1.22526
1.22526
1.22526
1.22526
1.22526
1.22526
1.22526
1.22526
1.22526
1.22526
1.22526
1.22526
1.22526
1.22526
1.22526
1.22526
1.22526
1.22526
1.22526
1.22526
1.22526
1.22526
1.22526
1.22526
1.22526
1.22526
1.22526
1.22526
1.22526
1.22526
1.22526
1.22526
1.22526
1.22526
1.22526
1.22526
1.22526
1.22526
1.22526
1.22526
1.22526
1.22526
1.22526
1.22526
1.22526
1.22526
1.22526
1.22526
1.22526
1.22526
1.22526
1.22526
1.22526
1.22526
1.22526
1.22526
1.22526
1.22526
1.22526
1.22526
1.22526
1.22526
1.22526
1.22526
1.22526
1.22526
1.22526
1.22526
1.22526
1.22526
1.22526
1.22526
1.22526
1.22526
1.22526
1.22526
1.22526
1.22526
1.22526
1.22526
1.22526
1.22526
1.22526
1.22526
1.22526
1.22526
1.22526
1.22526
1.22526
1.22526
1.22526
1.22526
1.22526
1.22526
1.22526
1.22526
1.22526
1.22526
1.22526
1.22526
1.22526
1.22526
1.22526
1.22526
1.22526
1.22526
1.22526
1.22526
1.22526
1.22526
1.22526
1.22526
1.22526
1.22526
1.22526
1.22526
1.22526
1.22526
1.22526
1.22526
1.22526
1.22526
1.22526
1.22526
1.22526
1.22526
1.22526
1.22526
1.22526
1.22526
1.22526
1.22526
1.22526
1.22526
1.22526
1.22526
1.22526
1.22526
1.22526
1.22526
1.22526
1.22526
1.22526
1.22526
1.22526
1.22526
1.22526
1.22526
1.22526
1.22526
1.22526
1.22526
1.22526
1.22526
1.22526
1.22526
1.22526
1.22526
1.22526
1.22526
1.22526
1.22526
1.22526
1.22526
1.22526
1.22526
1.22526
1.22526
1.22526
1.22526
1.22526
1.22526
1.22526
1.22526
1.22526
1.22526
1.22526
1.22526
1.22526
1.22526
1.22526
1.22526
1.22526
1.22526
1.22526
1.22526
1.22526
1.22526
1.22526
1.22526
1.22526
1.22526
1.22526
1.22526
1.22526
1.22526
1.22526
1.22526
1.22526
1.22526
1.22526
1.22526
1.22526
1.22526
1.22526
1.22526
1.22526
1.22526
1.22526
1.22526
1.22526
1.22526
1.22526
1.22526
1.22526
1.22526
1.22526
1.22526
1.22526
1.22526
1.22526
1.22526
1.22526
1.22526
1.22526
1.22526
1.22526
1.22526
1.22526
1.22526
1.22526
1.22526
1.22526
1.22526
1.22526
1.22526
1.22526
1.22526
1.22526
1.22526
1.22526
1.22526
1.22526
1.22526
1.22526
1.22526
1.22526
1.22526
1.22526
1.22526
1.22526
1.22526
1.22526
1.22526
1.22526
1.22526
1.22526
1.22526
1.22526
1.22526
1.22526
1.22526
1.22526
1.22526
1.22526
1.22526
1.22526
1.22526
1.22526
1.22526
1.22526
1.22526
1.22526
1.22526
1.22526
1.22526
1.22526
1.22526
1.22526
1.22526
1.22526
1.22526
1.22526
1.22526
1.22526
1.22526
1.22526
1.22526
1.22526
1.22526
1.22526
1.22526
1.22526
1.22526
1.22526
1.22526
1.22526
1.22526
1.22526
1.22526
1.22526
1.22526
1.22526
1.22526
1.22526
1.22526
1.22526
1.22526
1.22526
1.22526
1.22526
1.22526
1.22526
1.22526
1.22526
1.22526
1.22526
1.22526
1.22526
1.22526
1.22526
1.22526
1.22526
1.22526
1.22526
1.22526
1.22526
1.22526
1.22526
1.22526
1.22526
1.22526
1.22526
1.22526
1.22526
1.22526
1.22526
1.22526
1.22526
1.22526
1.22526
1.22526
1.22526
1.22526
1.22526
1.22526
1.22526
1.22526
1.22526
1.22526
1.22526
1.22526
1.22526
1.22526
1.22526
1.22526
1.22526
1.22526
1.22526
1.22526
1.22526
1.22526
1.22526
1.22526
1.22526
1.22526
1.22526
1.22526
1.22526
1.22526
1.22526
1.22526
1.22526
1.22526
1.22526
1.22526
1.22526
1.22526
1.22526
1.22526
1.22526
1.22526
1.22526
1.22526
1.22526
1.22526
1.22526
1.22526
1.22526
1.22526
1.22526
1.22526
1.22526
1.22526
1.22526
1.22526
1.22526
1.22526
1.22526
1.22526
1.22526
1.22526
1.22526
1.22526
1.22526
1.22526
1.22526
1.22526
1.22526
1.22526
1.22526
1.22526
1.22526
1.22526
1.22526
1.22526
1.22526
1.22526
1.22526
1.22526
1.22526
1.22526
1.22526
1.22526
1.22526
1.22526
1.22526
1.22526
1.22526
1.22526
1.22526
1.22526
1.22526
1.22526
1.22526
1.22526
1.22526
1.22526
1.22526
1.22526
1.22526
1.22526
1.22526
1.22526
1.22526
1.22526
1.22526
1.22526
1.22526
1.22526
1.22526
1.22526
1.22526
1.22526
1.22526
1.22526
1.22526
1.22526
1.22526
1.22526
1.22526
1.22526
1.22526
1.22526
1.22526
1.22526
1.22526
1.22526
1.22526
1.22526
1.22526
1.22526
1.22526
1.22526
1.22526
1.22526
1.22526
1.22526
1.22526
1.22526
1.22526
1.22526
1.22526
1.22526
1.22526
1.22526
1.21762
1.21762
1.21762
1.21762
1.21762
1.21762
1.21762
1.21762
1.21762
1.21762
1.21762
1.21762
1.21762
1.21762
1.21762
1.21762
1.21762
1.21762
1.21762
1.21762
1.21762
1.21762
1.21762
1.21762
1.21762
1.21762
1.21762
1.21762
1.21762
1.21762
1.21762
1.21762
1.21762
1.21762
1.21762
1.21762
1.21762
1.21762
1.21762
1.21762
1.21762
1.21762
1.21762
1.21762
1.21762
1.21762
1.21762
1.21762
1.21762
1.21762
1.21762
1.21762
1.21762
1.21762
1.21762
1.21762
1.21762
1.21762
1.21762
1.21762
1.21762
1.21762
1.21762
1.21762
1.21762
1.21762
1.21762
1.21762
1.21762
1.21762
1.21762
1.21762
1.21762
1.21762
1.21762
1.21762
1.21762
1.21762
1.21762
1.21762
1.21762
1.21762
1.21762
1.21762
1.21762
1.21762
1.21762
1.21762
1.21762
1.21762
1.21762
1.21762
1.21762
1.21762
1.21762
1.21762
1.21762
1.21762
1.21762
1.21762
1.21762
1.21762
1.21762
1.21762
1.21762
1.21762
1.21762
1.21762
1.21762
1.21762
1.21762
1.21762
1.21762
1.21762
1.21762
1.21762
1.21762
1.21762
1.21762
1.21762
1.21762
1.21762
1.21762
1.21762
1.21762
1.21762
1.21762
1.21762
1.21762
1.21762
1.21762
1.21762
1.21762
1.21762
1.21762
1.21762
1.21762
1.21762
1.21762
1.21762
1.21762
1.21762
1.21762
1.21762
1.21762
1.21762
1.21762
1.21762
1.21762
1.21762
1.21762
1.21762
1.21762
1.21762
1.21762
1.21762
1.21762
1.21762
1.21762
1.218
1.218
1.218
1.218
1.218
1.218
1.218
1.218
1.218
1.218
1.218
1.218
1.218
1.218
1.218
1.218
1.218
1.218
1.218
1.218
1.218
1.218
1.218
1.218
1.218
1.218
1.218
1.218
1.218
1.218
1.218
1.218
1.218
1.218
1.218
1.218
1.218
1.218
1.218
1.218
1.218
1.218
1.218
1.218
1.218
1.218
1.218
1.218
1.218
1.218
1.218
1.218
1.218
1.218
1.218
1.218
1.218
1.218
1.218
1.218
1.218
1.218
1.218
1.218
1.218
1.218
1.218
1.218
1.218
1.218
1.218
1.218
1.218
1.218
1.218
1.218
1.218
1.218
1.218
1.218
1.218
1.218
1.218
1.218
1.218
1.218
1.218
1.218
1.218
1.218
1.218
1.218
1.218
1.218
1.218
1.218
1.218
1.218
1.218
1.218
1.218
1.218
1.218
1.218
1.218
1.218
1.218
1.218
1.218
1.218
1.218
1.218
1.218
1.218
1.218
1.218
1.218
1.218
1.218
1.218
1.218
1.218
1.218
1.218
1.218
1.218
1.218
1.218
1.218
1.218
1.218
1.218
1.218
1.218
1.218
1.218
1.218
1.218
1.218
1.218
1.218
1.218
1.218
1.218
1.218
1.218
1.218
1.218
1.218
1.218
1.218
1.218
1.218
1.218
1.218
1.218
1.218
1.218
1.218
1.218
1.218
1.218
1.218
1.218
1.218
1.218
1.218
1.218
1.218
1.218
1.218
1.218
1.218
1.218
1.218
1.218
1.218
1.218
1.218
1.218
1.218
1.218
1.218
1.218
1.218
1.218
1.218
1.218
1.218
1.218
1.218
1.218
1.218
1.218
1.218
1.218
1.218
1.218
1.218
1.218
1.218
1.218
1.218
1.218
1.218
1.218
1.218
1.218
1.218
1.218
1.218
1.218
1.218
1.218
1.218
1.218
1.218
1.218
1.218
1.218
1.218
1.218
1.218
1.218
1.218
1.218
1.218
1.218
1.218
1.218
1.218
1.218
1.218
1.218
1.218
1.218
1.218
1.218
1.218
1.218
1.218
1.218
1.218
1.218
1.218
1.218
1.218
1.218
1.218
1.218
1.218
1.218
1.218
1.218
1.218
1.218
1.218
1.218
1.218
1.218
1.218
1.218
1.218
1.218
1.218
1.218
1.218
1.218
1.218
1.218
1.218
1.218
1.218
1.218
1.218
1.218
1.218
1.218
1.218
1.218
1.218
1.218
1.218
1.218
1.218
1.218
1.218
1.218
1.218
1.218
1.218
1.218
1.218
1.218
1.218
1.218
1.218
1.218
1.218
1.218
1.218
1.218
1.218
1.218
1.218
1.218
1.218
1.218
1.218
1.218
1.218
1.218
1.218
1.218
1.218
1.218
1.218
1.218
1.218
1.218
1.218
1.218
1.218
1.218
1.218
1.218
1.218
1.218
1.218
1.218
1.218
1.218
1.218
1.218
1.218
1.218
1.218
1.218
1.218
1.218
1.218
1.218
1.218
1.218
1.218
1.218
1.218
1.218
1.218
1.218
1.218
1.218
1.218
1.218
1.218
1.218
1.218
1.218
1.218
1.218
1.218
1.218
1.218
1.218
1.218
1.218
1.218
1.218
1.218
1.218
1.218
1.218
1.218
1.218
1.218
1.218
1.218
1.218
1.218
1.218
1.218
1.218
1.218
1.218
1.218
1.218
1.218
1.218
1.218
1.218
1.218
1.218
1.218
1.218
1.218
1.218
1.218
1.218
1.218
1.218
1.218
1.218
1.218
1.218
1.218
1.218
1.218
1.218
1.218
1.218
1.218
1.218
1.218
1.218
1.218
1.218
1.218
1.218
1.218
1.218
1.218
1.218
1.218
1.218
1.218
1.218
1.218
1.218
1.218
1.218
1.218
1.218
1.218
1.218
1.218
1.218
1.218
1.218
1.218
1.218
1.218
1.218
1.218
1.218
1.218
1.218
1.218
1.218
1.218
1.218
1.218
1.218
1.218
1.218
1.218
1.218
1.218
1.218
1.218
1.218
1.218
1.218
1.218
1.218
1.218
1.218
1.218
1.218
1.218
1.218
1.218
1.218
1.218
1.218
1.218
1.218
1.218
1.218
1.218
1.218
1.218
1.218
1.218
1.218
1.218
1.218
1.218
1.218
1.218
1.218
1.218
1.218
1.218
1.218
1.218
1.218
1.218
1.218
1.218
1.218
1.218
1.218
1.218
1.218
1.218
1.218
1.218
1.218
1.218
1.218
1.218
1.218
1.218
1.218
1.218
1.218
1.218
1.218
1.218
1.218
1.218
1.218
1.218
1.218
1.218
1.218
1.218
1.218
1.21524
1.21524
1.21524
1.21132
1.21132
1.21132
1.21132
1.21132
1.21132
1.21132
1.21132
1.21132
1.21132
1.21132
1.21132
1.21132
1.21132
1.21132
1.21132
1.21132
1.21132
1.21132
1.21132
1.21132
1.21132
1.21132
1.21132
1.21132
1.21132
1.21132
1.21132
1.21132
1.21132
1.21132
1.21132
1.21132
1.21132
1.21132
1.21132
1.21132
1.21132
1.21132
1.21132
1.21132
1.21132
1.21132
1.21132
1.21132
1.21132
1.21132
1.21132
1.21132
1.21132
1.21132
1.21132
1.21132
1.21132
1.21132
1.21118
1.21118
1.21118
1.21118
1.21118
1.21118
1.21118
1.21118
1.21118
1.21118
1.21118
1.21118
1.21118
1.21118
1.21118
1.21118
1.20471
1.20471
1.20509
1.20509
1.20509
1.20509
1.20509
1.20509
1.20509
1.20509
1.20509
1.20509
1.20509
1.20509
1.20509
1.20509
1.20509
1.20509
1.20509
1.20509
1.20509
1.20509
1.20509
1.20509
1.20509
1.20509
1.20509
1.20509
1.20509
1.20509
1.20509
1.20509
1.20509
1.20509
1.20509
1.20509
1.20509
1.20509
1.20509
1.20509
1.20509
1.20509
1.20509
1.20509
1.20509
1.20509
1.20509
1.20509
1.20509
1.20509
1.20509
1.20509
1.20509
1.20509
1.20509
1.20509
1.20509
1.20509
1.20509
1.20509
1.20509
1.20509
1.20509
1.20509
1.20509
1.20509
1.20509
1.20509
1.20509
1.20509
1.20509
1.20509
1.20509
1.20509
1.20509
1.20509
1.20509
1.20509
1.20509
1.20509
1.20509
1.20509
1.20509
1.20509
1.20509
1.20509
1.20509
1.20509
1.20509
1.20509
1.20509
1.20509
1.20509
1.20509
1.20509
1.20509
1.20509
1.20509
1.20509
1.20509
1.20509
1.20509
1.20509
1.20509
1.20509
1.20509
1.20509
1.20509
1.20509
1.20509
1.20509
1.20509
1.20509
1.20509
1.20509
1.20509
1.20509
1.20509
1.20509
1.20509
1.20509
1.20509
1.20509
1.20509
1.20509
1.20509
1.20509
1.20509
1.20509
1.20509
1.20509
1.20509
1.20509
1.20509
1.20509
1.20509
1.20509
1.20509
1.20509
1.20509
1.20509
1.20509
1.20509
1.20509
1.20509
1.20509
1.20509
1.20509
1.20509
1.20509
1.20509
1.20509
1.20509
1.20509
1.20509
1.20509
1.20509
1.20509
1.20509
1.20509
1.20509
1.20509
1.20509
1.20509
1.20509
1.20509
1.20509
1.20509
1.20509
1.20509
1.20509
1.20509
1.20509
1.20509
1.20509
1.20509
1.20509
1.20509
1.20509
1.20509
1.20509
1.20509
1.20509
1.20509
1.20509
1.20509
1.20509
1.20509
1.20509
1.20509
1.20509
1.20509
1.20509
1.20509
1.20509
1.20509
1.20509
1.20509
1.20509
1.20509
1.20509
1.20509
1.20509
1.20509
1.20509
1.20509
1.20509
1.20509
1.20509
1.20509
1.20509
1.20509
1.20509
1.20509
1.20509
1.20509
1.20509
1.20509
1.20509
1.20509
1.20509
1.20509
1.20509
1.20509
1.20509
1.20509
1.20509
1.20509
1.20509
1.20509
1.20509
1.20509
1.20509
1.20509
1.20509
1.20509
1.20509
1.20509
1.20509
1.20509
1.20509
1.20509
1.20509
1.20509
1.20509
1.20509
1.20509
1.20509
1.20509
1.20509
1.20509
1.20509
1.20509
1.20509
1.20509
1.20509
1.20509
1.20509
1.20509
1.20509
1.20509
1.20509
1.20509
1.20509
1.20509
1.20509
1.20509
1.20509
1.20509
1.20509
1.20509
1.20509
1.20509
1.20509
1.20509
1.20509
1.20509
1.20509
1.20509
1.20509
1.20509
1.20509
1.20509
1.20509
1.20509
1.20509
1.20509
1.20509
1.20509
1.20509
1.20509
1.20509
1.20509
1.20509
1.20509
1.20509
1.20509
1.20509
1.20509
1.20509
1.20509
1.20509
1.20509
1.20509
1.20509
1.20509
1.20509
1.20509
1.20509
1.20509
1.20509
1.20509
1.20509
1.20509
1.20509
1.20509
1.20509
1.20509
1.20509
1.20509
1.20509
1.20509
1.20509
1.20509
1.20509
1.20509
1.20509
1.20509
1.20509
1.20509
1.20509
1.20509
1.20509
1.20509
1.20509
1.20509
1.20509
1.20509
1.20509
1.20509
1.20509
1.20509
1.20509
1.20509
1.20509
1.20509
1.20509
1.20509
1.20509
1.20509
1.20509
1.20509
1.20509
1.20509
1.20509
1.20509
1.20509
1.20509
1.20509
1.20509
1.20509
1.20509
1.20509
1.20509
1.20509
1.20509
1.20509
1.20509
1.20509
1.20509
1.20509
1.20509
1.20509
1.20509
1.20509
1.20509
1.20509
1.20509
1.20509
1.20509
1.20509
1.20509
1.20509
1.20509
1.20509
1.20509
1.20509
1.20509
1.20509
1.20509
1.20509
1.20509
1.20509
1.20509
1.20509
1.20509
1.20509
1.20509
1.20509
1.20509
1.20509
1.20509
1.20509
1.20509
1.20509
1.20509
1.20509
1.20509
1.20509
1.20509
1.20509
1.20509
1.20509
1.20509
1.20509
1.20509
1.20509
1.20509
1.20509
1.20509
1.20509
1.20509
1.20509
1.20509
1.20509
1.20509
1.20509
1.20509
1.20509
1.20509
1.20509
1.20509
1.20509
1.20509
1.20509
1.20509
1.20509
1.20509
1.20509
1.20509
1.20509
1.20509
1.20509
1.20509
1.20509
1.20509
1.20509
1.20509
1.20509
1.20509
1.20509
1.20509
1.20509
1.20509
1.20509
1.20509
1.20509
1.20509
1.20509
1.20509
1.20509
1.20509
1.20509
1.20509
1.20509
1.20509
1.20509
1.20509
1.20509
1.20509
1.20509
1.20509
1.20509
1.20509
1.20509
1.20509
1.20509
1.20509
1.20509
1.20509
1.20509
1.20509
1.20509
1.20509
1.20509
1.20509
1.20509
1.20509
1.20509
1.20509
1.20509
1.20509
1.20509
1.20509
1.20509
1.20509
1.20509
1.20509
1.20509
1.20509
1.20509
1.20509
1.20509
1.20509
1.20509
1.20509
1.20509
1.20509
1.20509
1.20509
1.20509
1.20509
1.20509
1.20509
1.20509
1.20509
1.20509
1.20509
1.20509
1.20509
1.20509
1.20509
1.20509
1.20509
1.20509
1.20509
1.20509
1.20509
1.20509
1.20509
1.20509
1.20509
1.20509
1.20509
1.20509
1.20509
1.20509
1.20509
1.20509
1.20509
1.20509
1.20509
1.20509
1.20509
1.20509
1.20509
1.20509
1.20509
1.20509
1.20509
1.20509
1.20509
1.20509
1.20509
1.20509
1.20509
1.20509
1.20509
1.20509
1.20509
1.20509
1.20509
1.20509
1.20509
1.20509
1.20509
1.20509
1.20509
1.20509
1.20509
1.20509
1.20509
1.20509
1.20509
1.20509
1.20509
1.20509
1.20509
1.20509
1.20509
1.20509
1.20509
1.20509
1.20509
1.20509
1.20509
1.20509
1.20509
1.20509
1.20509
1.20509
1.20509
1.20509
1.20509
1.20509
1.20509
1.20509
1.20509
1.20509
1.20509
1.20509
1.20509
1.20509
1.20509
1.20509
1.20509
1.20509
1.20509
1.20509
1.20509
1.20509
1.20509
1.20509
1.20509
1.20509
1.20509
1.20509
1.20509
1.20509
1.20509
1.20509
1.20509
1.20509
1.20509
1.20509
1.20509
1.20509
1.20509
1.20509
1.20509
1.20509
1.20509
1.20509
1.20509
1.20509
1.20509
1.20509
1.20509
1.20509
1.20509
1.20509
1.20509
1.20509
1.20509
1.20509
1.20509
1.20509
1.20509
1.20509
1.20509
1.20509
1.20509
1.20509
1.20509
1.20509
1.20509
1.20509
1.20509
1.20509
1.20509
1.20509
1.20509
1.20509
1.20509
1.20509
1.20509
1.20509
1.20509
1.20509
1.20509
1.20509
1.20509
1.20509
1.20509
1.20509
1.20509
1.20509
1.20509
1.20509
1.20509
1.20509
1.20509
1.20509
1.20509
1.20509
1.20509
1.20509
1.20509
1.20509
1.20509
1.20509
1.20509
1.20509
1.20509
1.20509
1.20509
1.20509
1.20509
1.20509
1.20509
1.20509
1.20509
1.20509
1.20509
1.20509
1.20509
1.20509
1.20509
1.20509
1.20509
1.20509
1.20509
1.20509
1.20509
1.20509
1.20509
1.20509
1.20509
1.20509
1.20509
1.20509
1.20509
1.20509
1.20509
1.20509
1.20509
1.20509
1.20509
1.20509
1.20509
1.20509
1.20509
1.20509
1.20509
1.20509
1.20509
1.20509
1.20509
1.20509
1.20509
1.20509
1.20509
1.20509
1.20509
1.20509
1.20509
1.20509
1.20509
1.20509
1.20509
1.20509
1.20509
1.20509
1.20509
1.20509
1.20509
1.20509
1.20509
1.20509
1.20509
1.20509
1.20509
1.20509
1.20509
1.20509
1.20509
1.20509
1.20509
1.20509
1.20509
1.20509
1.20509
1.20509
1.20509
1.20509
1.20509
1.20509
1.20509
1.20509
1.20509
1.20509
1.20509
1.20509
1.20509
1.20509
1.20509
1.20509
1.20509
1.20509
1.20509
1.20509
1.20509
1.20509
1.20509
1.20509
1.20509
1.20509
1.20509
1.20509
1.20509
1.20509
1.20509
1.20509
1.20509
1.20509
1.20509
1.20509
1.20509
1.20509
1.20509
1.20509
1.20509
1.20509
1.20509
1.20509
1.20509
1.20509
1.20509
1.20509
1.20509
1.20509
1.20509
1.20509
1.20509
1.20509
1.20509
1.20509
1.20509
1.20509
1.20509
1.20509
1.20509
1.20509
1.20509
1.20509
1.20509
1.20509
1.20509
1.20509
1.20509
1.20509
1.20509
1.20509
1.20509
1.20509
1.20509
1.20509
1.20509
1.20509
1.20509
1.20509
1.20509
1.20509
1.20509
1.20509
1.20509
1.20509
1.20509
1.20509
1.20509
1.20509
1.20509
1.20509
1.20509
1.20509
1.20509
1.20509
1.20509
1.20509
1.20509
1.20509
1.20509
1.20509
1.20509
1.20509
1.20509
1.20509
1.20509
1.20509
1.20509
1.20509
1.20509
1.20509
1.20509
1.20509
1.20509
1.20509
1.20509
1.20509
1.20509
1.20509
1.20509
1.20509
1.20509
1.20509
1.20509
1.20509
1.20509
1.20509
1.20509
1.20509
1.20509
1.20509
1.20509
1.20509
1.20509
1.20509
1.20509
1.20509
1.20509
1.20509
1.20509
1.20509
1.20509
1.20509
1.20509
1.20509
1.20509
1.20509
1.20509
1.20509
1.20509
1.20509
1.20509
1.20509
1.20509
1.20509
1.20509
1.20509
1.20509
1.20509
1.20509
1.20509
1.20509
1.20509
1.20509
1.20509
1.20509
1.20509
1.20509
1.20509
1.20509
1.20509
1.20509
1.20509
1.20509
1.20509
1.20509
1.20509
1.20509
1.20509
1.20509
1.20509
1.20509
1.20509
1.20509
1.20509
1.20509
1.20509
1.20509
1.20509
1.20509
1.20509
1.20509
1.20509
1.20509
1.20509
1.20509
1.20509
1.20509
1.20509
1.20509
1.20509
1.20509
1.20509
1.20509
1.20509
1.20509
1.20509
1.20509
1.20509
1.20509
1.20509
1.20509
1.20509
1.20509
1.20509
1.20509
1.20509
1.20509
1.20509
1.20509
1.20509
1.20509
1.19953
1.19953
1.19953
1.19953
1.19953
1.19953
1.19953
1.19953
1.19953
1.19953
1.19953
1.19953
1.19953
1.19953
1.19953
1.19953
1.19953
1.19953
1.19953
1.19953
1.19953
1.19953
1.19953
1.19953
1.19953
1.19953
1.19953
1.19953
1.19953
1.19953
1.19953
1.19953
1.19953
1.19953
1.19953
1.19953
1.19953
1.19953
1.19953
1.19953
1.19953
1.19953
1.19953
1.19953
1.19953
1.19953
1.19953
1.19953
1.19953
1.19953
1.19953
1.19953
1.19953
1.19953
1.19953
1.19953
1.19953
1.19953
1.19953
1.19953
1.19953
1.19953
1.19953
1.19953
1.19953
1.19953
1.19953
1.19953
1.19953
1.19953
1.19953
1.19953
1.19953
1.19953
1.19953
1.19953
1.19953
1.19953
1.19953
1.19953
1.19953
1.19953
1.19953
1.19953
1.19953
1.19953
1.19953
1.19953
1.19953
1.19953
1.19953
1.19953
1.19953
1.19953
1.19953
1.19953
1.19953
1.19953
1.19953
1.19953
1.19953
1.19953
1.19953
1.19953
1.19953
1.19953
1.19953
1.19953
1.19953
1.19953
1.19953
1.19953
1.19953
1.19953
1.19953
1.19953
1.19953
1.19953
1.19953
1.19953
1.19953
1.19953
1.19953
1.19953
1.19953
1.19953
1.19953
1.19953
1.19953
1.19953
1.19953
1.19953
1.19953
1.19953
1.19953
1.19953
1.19953
1.19953
1.19953
1.19953
1.19953
1.19953
1.19953
1.19953
1.19953
1.19953
1.19953
1.19953
1.19953
1.19953
1.19953
1.19953
1.19953
1.19953
1.19953
1.19953
1.19953
1.19953
1.19953
1.19953
1.19953
1.19953
1.19953
1.19953
1.19953
1.19953
1.19953
1.19953
1.19953
1.19953
1.19953
1.19953
1.19953
1.19953
1.19953
1.19953
1.19953
1.19953
1.19953
1.19953
1.19953
1.19953
1.19953
1.19953
1.19953
1.19953
1.19953
1.19953
1.19953
1.19953
1.19953
1.19953
1.19953
1.19953
1.19953
1.19953
1.19953
1.19953
1.19953
1.19953
1.19953
1.19953
1.19953
1.19953
1.19953
1.19953
1.19953
1.19953
1.19953
1.19953
1.19953
1.19953
1.19953
1.19953
1.19953
1.19953
1.19953
1.19953
1.19953
1.19953
1.19953
1.19953
1.19953
1.19953
1.19953
1.19953
1.19953
1.19953
1.19953
1.19953
1.19953
1.19953
1.19953
1.19953
1.19953
1.19953
1.19953
1.19953
1.19953
1.19953
1.19953
1.19953
1.19953
1.19953
1.19953
1.19953
1.19953
1.19953
1.19953
1.19953
1.19953
1.19953
1.19953
1.19953
1.19953
1.19953
1.19953
1.19953
1.19953
1.19839
1.19839
1.19654
1.19654
1.19654
1.19654
1.19654
1.19654
1.19654
1.19654
1.19654
1.19654
1.19654
1.19654
1.19654
1.19654
1.19654
1.19654
1.19654
1.19654
1.19654
1.19654
1.19654
1.19654
1.19654
1.19654
1.19654
1.19654
1.19654
1.19654
1.19654
1.19654
1.19654
1.19654
1.19654
1.19654
1.19654
1.19654
1.19654
1.19654
1.19654
1.19654
1.19654
1.19654
1.19654
1.19654
1.19654
1.19654
1.19654
1.19654
1.19654
1.19654
1.19654
1.19654
1.19654
1.19654
1.19654
1.19654
1.19654
1.19654
1.19654
1.19654
1.19654
1.19654
1.19654
1.19654
1.19654
1.19654
1.19654
1.19654
1.19654
1.19654
1.19654
1.19654
1.19654
1.19654
1.19654
1.19654
1.19654
1.19654
1.19654
1.19654
1.19654
1.19654
1.19654
1.19654
1.19654
1.19654
1.19654
1.19654
1.19654
1.19654
1.19654
1.19654
1.19654
1.19654
1.19654
1.19654
1.19654
1.19654
1.19654
1.19654
1.19654
1.19654
1.19654
1.19654
1.19654
1.19654
1.19654
1.19654
1.19654
1.19654
1.19654
1.19654
1.19654
1.19654
1.19654
1.19654
1.19654
1.19654
1.19654
1.19654
1.19654
1.19654
1.19654
1.19654
1.19654
1.19314
1.19314
1.19314
1.19314
1.19314
1.19314
1.19314
1.19314
1.19314
1.19314
1.19314
1.19314
1.19314
1.19314
1.19314
1.19314
1.19314
1.19314
1.19314
1.19314
1.19314
1.19314
1.19314
1.19314
1.19314
1.19314
1.19314
1.19314
1.19314
1.19314
1.19314
1.19314
1.19314
1.19314
1.19314
1.19314
1.19314
1.19314
1.19314
1.19314
1.19314
1.19314
1.19314
1.19314
1.19314
1.19314
1.19314
1.19314
1.19314
1.19314
1.19314
1.19314
1.19314
1.19314
1.19314
1.19314
1.19314
1.19314
1.19314
1.19314
1.19314
1.19314
1.19314
1.19314
1.19314
1.19314
1.19314
1.19314
1.19314
1.19314
1.19314
1.19314
1.19314
1.19314
1.19314
1.19314
1.19314
1.19314
1.19314
1.19314
1.19314
1.19314
1.19314
1.19314
1.19314
1.19314
1.19314
1.19314
1.19314
1.19314
1.19314
1.19314
1.19314
1.19314
1.19314
1.19314
1.19314
1.19314
1.19314
1.19314
1.19314
1.19314
1.19314
1.19314
1.19314
1.19314
1.19314
1.19314
1.19314
1.19314
1.19314
1.19314
1.19314
1.19314
1.19314
1.19314
1.19314
1.19314
1.19314
1.19314
1.19314
1.19314
1.19314
1.19314
1.19314
1.19314
1.19314
1.19314
1.19314
1.19314
1.19314
1.19314
1.19314
1.19314
1.19314
1.19314
1.19314
1.19314
1.19314
1.19314
1.19314
1.19314
1.19314
1.19314
1.19314
1.19314
1.19314
1.19314
1.19314
1.19314
1.19314
1.19314
1.19314
1.19314
1.19314
1.19314
1.19314
1.19314
1.19314
1.19314
1.19314
1.19314
1.19314
1.19314
1.19314
1.19314
1.19314
1.19314
1.19314
1.19314
1.19314
1.19314
1.19314
1.19314
1.19314
1.19314
1.19314
1.19314
1.19314
1.19314
1.19314
1.19314
1.19314
1.19314
1.19314
1.19314
1.19314
1.19314
1.19314
1.19314
1.19314
1.19314
1.19314
1.19314
1.19314
1.19314
1.19314
1.19314
1.19314
1.19314
1.19314
1.19314
1.19314
1.19314
1.19314
1.19314
1.19314
1.19314
1.19314
1.19314
1.19314
1.19314
1.19314
1.19314
1.19314
1.19314
1.19314
1.19314
1.19314
1.19314
1.19314
1.19314
1.19314
1.19314
1.19314
1.19314
1.19314
1.19314
1.19314
1.19314
1.19314
1.19314
1.19314
1.19314
1.19314
1.19314
1.19314
1.19314
1.19314
1.19314
1.19314
1.19314
1.19314
1.19314
1.19314
1.19314
1.19314
1.19314
1.19314
1.19314
1.19314
1.19314
1.19314
1.19314
1.19314
1.19314
1.19314
1.19314
1.19314
1.19314
1.19314
1.19314
1.19314
1.19314
1.19314
1.19314
1.19314
1.19314
1.19314
1.19314
1.19314
1.19314
1.19314
1.19314
1.19314
1.19314
1.19314
1.19314
1.19314
1.19314
1.19314
1.19314
1.19314
1.19314
1.19314
1.19314
1.19314
1.19314
1.19314
1.19314
1.19314
1.19314
1.19314
1.19314
1.19314
1.19314
1.19314
1.19314
1.19314
1.19314
1.19314
1.19314
1.19314
1.19314
1.19314
1.19314
1.19314
1.19314
1.19314
1.19314
1.19314
1.19314
1.19314
1.19314
1.19314
1.19314
1.19314
1.19314
1.19314
1.19314
1.19314
1.19314
1.19314
1.19314
1.19314
1.19314
1.19314
1.19314
1.19314
1.19314
1.19314
1.19314
1.19314
1.19314
1.19314
1.19314
1.19314
1.19314
1.19314
1.19314
1.19314
1.19314
1.19314
1.19314
1.19314
1.19314
1.19314
1.19314
1.19314
1.19314
1.19314
1.19314
1.19314
1.19314
1.19314
1.19314
1.19314
1.19314
1.19314
1.19314
1.19314
1.19314
1.19314
1.19314
1.19314
1.19314
1.19314
1.19314
1.19314
1.19314
1.19314
1.19314
1.19314
1.19314
1.19314
1.19314
1.19314
1.19314
1.19314
1.19314
1.19314
1.19314
1.19314
1.19314
1.19314
1.19314
1.19314
1.19314
1.19314
1.19314
1.19314
1.19314
1.19314
1.19314
1.19314
1.19314
1.19314
1.19314
1.19314
1.19314
1.19314
1.19314
1.19314
1.19314
1.19314
1.19314
1.19314
1.19314
1.19314
1.19314
1.19314
1.19314
1.19314
1.19314
1.19314
1.19314
1.19314
1.19314
1.19314
1.19314
1.19314
1.19314
1.19314
1.19314
1.19314
1.19314
1.19314
1.19314
1.19314
1.19314
1.19314
1.19314
1.19314
1.19314
1.19314
1.19314
1.19314
1.19314
1.19314
1.19314
1.19314
1.19314
1.19314
1.19314
1.19314
1.19314
1.19314
1.19314
1.19314
1.19314
1.19314
1.19314
1.19314
1.19314
1.19314
1.19314
1.19314
1.19314
1.19314
1.19314
1.19314
1.19314
1.19314
1.19314
1.19314
1.19314
1.19314
1.19314
1.19314
1.19314
1.19314
1.19314
1.19314
1.19314
1.19314
1.19314
1.19314
1.19314
1.19314
1.19314
1.19314
1.19314
1.19314
1.19314
1.19314
1.19314
1.19314
1.19314
1.19314
1.19314
1.19314
1.19314
1.19314
1.19314
1.19314
1.19314
1.19038
1.19038
1.19038
1.19038
1.19038
1.19038
1.19038
1.19038
1.19038
1.19038
1.19038
1.19038
1.19038
1.19038
1.19038
1.19038
1.19038
1.19038
1.19038
1.19038
1.19038
1.19038
1.19038
1.19038
1.19038
1.19038
1.19038
1.19038
1.19038
1.19038
1.19038
1.19038
1.19038
1.19038
1.19038
1.19038
1.19038
1.19038
1.19038
1.19038
1.19038
1.19038
1.19038
1.19038
1.19038
1.19038
1.19038
1.19038
1.19038
1.19038
1.19038
1.19038
1.19038
1.19038
1.19038
1.19038
1.19038
1.19038
1.19038
1.19038
1.19038
1.19038
1.19038
1.19038
1.19038
1.19038
1.19038
1.19038
1.19038
1.19038
1.19038
1.19038
1.19038
1.19038
1.19038
1.19038
1.19038
1.19038
1.19038
1.19038
1.19038
1.19038
1.19038
1.19038
1.19038
1.19038
1.19038
1.19038
1.19038
1.19038
1.19038
1.19038
1.19038
1.19038
1.19038
1.19038
1.19038
1.19038
1.19038
1.19038
1.19038
1.19038
1.19038
1.19038
1.19038
1.19038
1.19038
1.19038
1.19038
1.19038
1.19038
1.19038
1.19038
1.19038
1.19038
1.19038
1.19038
1.19038
1.19038
1.19038
1.19038
1.19038
1.19038
1.19038
1.19038
1.19038
1.19038
1.19038
1.19038
1.19038
1.19038
1.19038
1.19038
1.19038
1.19038
1.19038
1.19038
1.19038
1.19038
1.19038
1.19038
1.19038
1.19038
1.19038
1.19038
1.19038
1.19038
1.19038
1.19038
1.19038
1.19038
1.19038
1.19038
1.19038
1.19038
1.19038
1.19038
1.19038
1.19038
1.19038
1.19038
1.19038
1.19038
1.19038
1.19038
1.19038
1.19038
1.19038
1.19038
1.19038
1.19038
1.19038
1.19038
1.19038
1.19038
1.19038
1.19038
1.19038
1.19038
1.19038
1.19038
1.19038
1.19038
1.19038
1.19038
1.19038
1.19038
1.19038
1.19038
1.19038
1.19038
1.19038
1.19038
1.19038
1.19038
1.19038
1.19038
1.19038
1.19038
1.19038
1.19038
1.19038
1.19038
1.19038
1.19038
1.19038
1.19038
1.19038
1.19038
1.19038
1.19038
1.19038
1.19038
1.19038
1.19038
1.19038
1.19038
1.19038
1.19038
1.19038
1.19038
1.19038
1.19038
1.19038
1.19038
1.19038
1.19038
1.19038
1.19038
1.19038
1.19038
1.19038
1.19038
1.19038
1.19038
1.19038
1.19038
1.19038
1.19038
1.19038
1.19038
1.19038
1.19038
1.19038
1.19038
1.19038
1.19038
1.19038
1.19038
1.19038
1.19038
1.19038
1.19038
1.19038
1.19038
1.19038
1.19038
1.19038
1.19038
1.19038
1.19038
1.19038
1.19038
1.19038
1.19038
1.19038
1.19038
1.19038
1.19038
1.19038
1.19038
1.19038
1.19038
1.19038
1.19038
1.19038
1.19038
1.19038
1.19038
1.19038
1.19038
1.19038
1.19038
1.19038
1.19038
1.19038
1.19038
1.19038
1.19038
1.19038
1.19038
1.19038
1.19038
1.19038
1.19038
1.19038
1.19038
1.19038
1.19038
1.19038
1.19038
1.19038
1.19038
1.19038
1.19038
1.19038
1.19038
1.19038
1.19038
1.19038
1.19038
1.19038
1.19038
1.19038
1.19038
1.19038
1.19038
1.19038
1.19038
1.19038
1.19038
1.19038
1.19038
1.19038
1.19038
1.19038
1.19038
1.19038
1.19038
1.19038
1.19038
1.19038
1.19038
1.19038
1.19038
1.19038
1.19038
1.19038
1.19038
1.19038
1.19038
1.19038
1.19038
1.19038
1.19038
1.19038
1.19038
1.19038
1.19038
1.19038
1.19038
1.19038
1.19038
1.19038
1.19038
1.19038
1.19038
1.19038
1.19038
1.19038
1.19038
1.19038
1.19038
1.19038
1.19038
1.19038
1.19038
1.19038
1.19038
1.19038
1.19038
1.19038
1.19038
1.19038
1.19038
1.19038
1.19038
1.19038
1.19038
1.19038
1.19038
1.19038
1.19038
1.19038
1.19038
1.19038
1.19038
1.19038
1.19038
1.19038
1.19038
1.19038
1.19038
1.19038
1.19038
1.19038
1.19038
1.19038
1.19038
1.19038
1.19038
1.19038
1.19038
1.19038
1.19038
1.19038
1.19038
1.19038
1.19038
1.19038
1.19038
1.19038
1.19038
1.19038
1.19038
1.19038
1.19038
1.19038
1.19038
1.19038
1.19038
1.19038
1.19038
1.19038
1.19038
1.19038
1.19038
1.19038
1.19038
1.19038
1.19038
1.19038
1.19038
1.19038
1.19038
1.19038
1.19038
1.19038
1.19038
1.19038
1.19038
1.19038
1.19038
1.19038
1.19038
1.19038
1.19038
1.19038
1.19038
1.19038
1.19038
1.19038
1.19038
1.19038
1.19038
1.19038
1.19038
1.19038
1.19038
1.19038
1.19038
1.19038
1.19038
1.19038
1.19038
1.19038
1.19038
1.19038
1.19038
1.19038
1.19038
1.19038
1.19038
1.19038
1.19038
1.19038
1.19038
1.19038
1.19038
1.19038
1.19038
1.19038
1.19038
1.19038
1.19038
1.19038
1.19038
1.19038
1.19038
1.19038
1.19038
1.19038
1.19038
1.19038
1.19038
1.19038
1.19038
1.19038
1.19038
1.19038
1.19038
1.19038
1.19038
1.19038
1.19038
1.19038
1.19038
1.19038
1.19038
1.19038
1.19038
1.19038
1.19038
1.19038
1.19038
1.19038
1.19038
1.19038
1.19038
1.19038
1.19038
1.19038
1.19038
1.19038
1.19038
1.19038
1.19038
1.19038
1.19038
1.19038
1.19038
1.19038
1.19038
1.19038
1.19038
1.19038
1.19038
1.19038
1.19038
1.19038
1.19038
1.19038
1.19038
1.19038
1.19038
1.19038
1.19038
1.19038
1.19038
1.19038
1.19038
1.19038
1.19038
1.19038
1.19038
1.19038
1.19038
1.19038
1.19038
1.19038
1.19038
1.19038
1.19038
1.19038
1.19038
1.19038
1.19038
1.19038
1.19038
1.19038
1.19038
1.19038
1.19038
1.19038
1.19038
1.19038
1.19038
1.19038
1.19038
1.19038
1.19038
1.19038
1.19038
1.19038
1.19038
1.19038
1.19038
1.19038
1.19038
1.19038
1.19038
1.19038
1.19038
1.19038
1.19038
1.19038
1.19038
1.19038
1.19038
1.19038
1.19038
1.19038
1.19038
1.19038
1.19038
1.19038
1.19038
1.19038
1.19038
1.19038
1.19038
1.19038
1.19038
1.19038
1.19038
1.19038
1.19038
1.19038
1.19038
1.19038
1.19038
1.19038
1.19038
1.19038
1.19038
1.19038
1.19038
1.19038
1.19038
1.19038
1.19038
1.19038
1.19038
1.19038
1.19038
1.19038
1.19038
1.19038
1.19038
1.19038
1.19038
1.19038
1.19038
1.19038
1.19038
1.19038
1.19038
1.19038
1.19038
1.19038
1.19038
1.19038
1.19038
1.19038
1.19038
1.19038
1.19038
1.19038
1.19038
1.19038
1.19038
1.19038
1.19038
1.19038
1.19038
1.19038
1.19038
1.19038
1.19038
1.19038
1.19038
1.19038
1.19038
1.19038
1.19038
1.19038
1.19038
1.19038
1.19038
1.19038
1.19038
1.19038
1.19038
1.19038
1.19038
1.19038
1.19038
1.19038
1.19038
1.19038
1.19038
1.19038
1.19038
1.19038
1.19038
1.19038
1.19038
1.19038
1.19038
1.19038
1.19038
1.19038
1.19038
1.19038
1.19038
1.19038
1.19038
1.19038
1.19038
1.19038
1.19038
1.19038
1.19038
1.19038
1.19038
1.19038
1.19038
1.19038
1.19038
1.19038
1.19038
1.19038
1.19038
1.19038
1.19038
1.19038
1.19038
1.19038
1.19038
1.19038
1.19038
1.19038
1.19038
1.19038
1.19038
1.19038
1.19038
1.19038
1.19038
1.19038
1.19038
1.19038
1.19038
1.19038
1.19038
1.19038
1.19038
1.19038
1.19038
1.19038
1.19038
1.19038
1.19038
1.19038
1.19038
1.19038
1.19038
1.19038
1.19038
1.19038
1.19038
1.19038
1.19038
1.19038
1.19038
1.19038
1.19038
1.19038
1.19038
1.19038
1.19038
1.19038
1.19038
1.19038
1.19038
1.19038
1.19038
1.19038
1.19038
1.19038
1.19038
1.19038
1.19038
1.19038
1.19038
1.19038
1.19038
1.19038
1.19038
1.19038
1.19038
1.19038
1.19038
1.19038
1.19038
1.19038
1.19038
1.19038
1.19038
1.19038
1.19038
1.19038
1.19038
1.19038
1.19038
1.19038
1.19038
1.19038
1.19038
1.19038
1.19038
1.19038
1.19038
1.19038
1.19038
1.19038
1.19038
1.19038
1.19038
1.19038
1.19038
1.19038
1.19038
1.19038
1.19038
1.19038
1.19038
1.19038
1.19038
1.19038
1.19038
1.19038
1.19038
1.19038
1.19038
1.19038
1.19038
1.19038
1.19038
1.19038
1.19038
1.19038
1.19038
1.19038
1.19038
1.19038
1.19038
1.19038
1.19038
1.19038
1.19038
1.19038
1.19038
1.19038
1.19038
1.19038
1.19038
1.19038
1.19038
1.19038
1.19038
1.19038
1.19038
1.19038
1.19038
1.19038
1.19038
1.19038
1.19038
1.19038
1.19038
1.19038
1.19038
1.19038
1.19038
1.19038
1.19038
1.19038
1.19038
1.19038
1.19038
1.19038
1.19038
1.19038
1.19038
1.19038
1.19038
1.19038
1.19038
1.19038
1.19038
1.19038
1.19038
1.19038
1.19038
1.19038
1.19038
1.19038
1.19038
1.19038
1.19038
1.19038
1.19038
1.18861
1.18861
1.18861
1.18861
1.18861
1.18861
1.18861
1.18861
1.18861
1.18861
1.18861
1.18861
1.18861
1.18861
1.18861
1.18861
1.18861
1.18861
1.18861
1.18861
1.18861
1.18861
1.18861
1.18861
1.18861
1.18861
1.18861
1.18861
1.18861
1.18861
1.18861
1.18861
1.18861
1.18861
1.18861
1.18861
1.18861
1.18861
1.18861
1.18861
1.18861
1.18861
1.18861
1.18861
1.18861
1.18861
1.18861
1.18861
1.18861
1.18861
1.18861
1.18861
1.18861
1.18861
1.18861
1.18861
1.18861
1.18861
1.18861
1.18861
1.18861
1.18861
1.18861
1.18861
1.18861
1.18861
1.18861
1.18861
1.18861
1.18861
1.18861
1.18861
1.18861
1.18861
1.18861
1.18861
1.18861
1.18861
1.18861
1.18861
1.18861
1.18861
1.18861
1.18861
1.18861
1.18861
1.18861
1.18861
1.18861
1.18861
1.18861
1.18861
1.18861
1.18861
1.18861
1.18861
1.18861
1.18861
1.18861
1.18861
1.18861
1.18861
1.18861
1.18861
1.18861
1.18861
1.18861
1.18861
1.18861
1.18861
1.18861
1.18861
1.18861
1.18861
1.18861
1.18861
1.18861
1.18861
1.18861
1.18861
1.18861
1.18861
1.18861
1.18861
1.18861
1.18861
1.18861
1.18861
1.18861
1.18861
1.18861
1.18861
1.18861
1.18861
1.18861
1.18861
1.18861
1.18861
1.18861
1.18861
1.18861
1.18861
1.18861
1.18861
1.18861
1.18861
1.18861
1.18861
1.18861
1.18861
1.18861
1.18861
1.18861
1.18861
1.18861
1.18861
1.18861
1.18861
1.18861
1.18861
1.18861
1.18861
1.18861
1.18861
1.18861
1.18861
1.18861
1.18861
1.18861
1.18861
1.18861
1.18861
1.18861
1.18861
1.18861
1.18861
1.18861
1.18861
1.18861
1.18861
1.18861
1.18861
1.18861
1.18861
1.18861
1.18861
1.18861
1.18861
1.18861
1.18861
1.18861
1.18861
1.18861
1.18861
1.18861
1.18861
1.18861
1.18861
1.18861
1.18861
1.18861
1.18861
1.18861
1.18861
1.18861
1.18861
1.18861
1.18861
1.18861
1.18861
1.18861
1.18861
1.18861
1.18861
1.18861
1.18861
1.18861
1.18861
1.18861
1.18861
1.18861
1.18861
1.18861
1.18861
1.18861
1.18861
1.18861
1.18861
1.18861
1.18861
1.18861
1.18861
1.18861
1.18861
1.18861
1.18861
1.18861
1.18861
1.18861
1.18861
1.18861
1.18861
1.18861
1.18861
1.18861
1.18861
1.18861
1.18861
1.18861
1.18861
1.18861
1.18861
1.18861
1.18861
1.18861
1.18861
1.18861
1.18861
1.18861
1.18861
1.18861
1.18861
1.18861
1.18861
1.18861
1.18861
1.18861
1.18861
1.18861
1.18861
1.18861
1.18861
1.18861
1.18861
1.18861
1.18861
1.18861
1.18861
1.18861
1.18861
1.18861
1.18861
1.18861
1.18861
1.18861
1.18861
1.18861
1.18861
1.18861
1.18861
1.18861
1.18861
1.18861
1.18861
1.18861
1.18861
1.18861
1.18861
1.18861
1.18861
1.18861
1.18861
1.18861
1.18861
1.18861
1.18861
1.18861
1.18861
1.18861
1.18861
1.18861
1.18861
1.18861
1.18861
1.18861
1.18861
1.18861
1.18861
1.18861
1.18861
1.18861
1.18861
1.18861
1.18861
1.18861
1.18861
1.18861
1.18861
1.18861
1.18861
1.18861
1.18861
1.18861
1.18861
1.18861
1.18861
1.18861
1.18861
1.18861
1.18861
1.18861
1.18861
1.18861
1.18861
1.18861
1.18861
1.18861
1.18861
1.18861
1.18861
1.18861
1.18861
1.18861
1.18861
1.18861
1.18861
1.18861
1.18861
1.18861
1.18861
1.18861
1.18861
1.18861
1.18861
1.18861
1.18861
1.18861
1.18861
1.18861
1.18861
1.18861
1.18861
1.18861
1.18861
1.18861
1.18861
1.18861
1.18861
1.18861
1.18861
1.18861
1.18861
1.18861
1.18861
1.18861
1.18861
1.18861
1.18861
1.18861
1.18861
1.18861
1.18861
1.18861
1.18861
1.18861
1.18861
1.18861
1.18861
1.18861
1.18861
1.18861
1.18861
1.18861
1.18861
1.18861
1.18861
1.18861
1.18861
1.18861
1.18861
1.18861
1.18861
1.18861
1.18861
1.18861
1.18861
1.18861
1.18861
1.18861
1.18861
1.18861
1.18861
1.18861
1.18861
1.18861
1.18861
1.18861
1.18861
1.18861
1.18861
1.18861
1.18861
1.18861
1.18861
1.18861
1.18861
1.18861
1.18861
1.18861
1.18861
1.18861
1.18861
1.18861
1.18861
1.18861
1.18861
1.18861
1.18861
1.18861
1.18861
1.18861
1.18861
1.18861
1.18861
1.18861
1.18861
1.18861
1.18861
1.18861
1.18861
1.18861
1.18861
1.18861
1.18861
1.18861
1.18861
1.18861
1.18861
1.18861
1.18861
1.18861
1.18861
1.18861
1.18861
1.18861
1.18861
1.18861
1.18861
1.18861
1.18861
1.18861
1.18861
1.18861
1.18861
1.18861
1.18861
1.18861
1.18861
1.18861
1.18861
1.18861
1.18861
1.18861
1.18861
1.18861
1.18861
1.18861
1.18861
1.18861
1.18861
1.18861
1.18861
1.18861
1.18861
1.18861
1.18861
1.18861
1.18861
1.18861
1.18861
1.18861
1.18861
1.18861
1.18861
1.18861
1.18861
1.18861
1.18861
1.18861
1.18861
1.18861
1.18861
1.18861
1.18861
1.18861
1.18861
1.18861
1.18861
1.18861
1.18861
1.18861
1.18861
1.18861
1.18861
1.18861
1.18861
1.18861
1.18861
1.18861
1.18861
1.18861
1.18861
1.18861
1.18861
1.18861
1.18861
1.18861
1.18861
1.18861
1.18861
1.18861
1.18861
1.18861
1.18861
1.18861
1.18861
1.18861
1.18861
1.18861
1.18861
1.18861
1.18861
1.18861
1.18861
1.18861
1.18861
1.18861
1.18861
1.18861
1.18861
1.18861
1.18861
1.18861
1.18861
1.18861
1.18861
1.18861
1.18861
1.18861
1.18861
1.18861
1.18861
1.18861
1.18861
1.18861
1.18861
1.18861
1.18861
1.18861
1.18861
1.18861
1.18861
1.18861
1.18861
1.18861
1.18861
1.18861
1.18861
1.18861
1.18861
1.18861
1.18861
1.18861
1.18861
1.18861
1.18861
1.18861
1.18861
1.18861
1.18861
1.18861
1.18861
1.18861
1.18861
1.18861
1.18861
1.18861
1.18861
1.18861
1.18861
1.18861
1.18861
1.18861
1.18861
1.18861
1.18861
1.18861
1.18861
1.18861
1.18861
1.18861
1.18861
1.18861
1.18861
1.18861
1.18861
1.18861
1.18861
1.18861
1.18861
1.18861
1.18861
1.18861
1.18861
1.18861
1.18861
1.18861
1.18861
1.18861
1.18861
1.18861
1.18861
1.18861
1.18861
1.18861
1.18861
1.18861
1.18861
1.18861
1.18861
1.18861
1.18861
1.18861
1.18861
1.18861
1.18861
1.18861
1.18861
1.18861
1.18861
1.18861
1.18861
1.18861
1.18861
1.18861
1.18861
1.18861
1.18861
1.18861
1.18861
1.18861
1.18861
1.18861
1.18861
1.18861
1.18861
1.18861
1.18861
1.18861
1.18861
1.18861
1.18861
1.18861
1.18861
1.18861
1.18861
1.18861
1.18861
1.18861
1.18861
1.18861
1.18861
1.18861
1.18861
1.18861
1.18861
1.18861
1.18861
1.18861
1.18861
1.18861
1.18861
1.18861
1.18861
1.18861
1.18861
1.18861
1.18861
1.18861
1.18861
1.18861
1.18861
1.18861
1.18861
1.18861
1.18861
1.18861
1.18861
1.18861
1.18861
1.18861
1.18861
1.18861
1.18861
1.18861
1.18861
1.18861
1.18861
1.18861
1.18861
1.18861
1.18861
1.18861
1.18861
1.18861
1.18861
1.18861
1.18861
1.18861
1.18861
1.18861
1.18861
1.18861
1.18861
1.18861
1.18861
1.18861
1.18861
1.18861
1.18861
1.18861
1.18861
1.18861
1.18861
1.18861
1.18861
1.18861
1.18861
1.18861
1.18861
1.18861
1.18861
1.18861
1.18861
1.18861
1.18861
1.18861
1.18861
1.18861
1.18861
1.18861
1.18861
1.18861
1.18861
1.18861
1.18861
1.18861
1.18861
1.18861
1.18861
1.18861
1.18861
1.18861
1.18861
1.18861
1.18861
1.18861
1.18861
1.18861
1.18861
1.18861
1.18861
1.18861
1.18861
1.18861
1.18912
1.18912
1.18727
1.18727
1.18727
1.18727
1.18727
1.18727
1.18727
1.18727
1.18727
1.18727
1.18727
1.18727
1.18727
1.18727
1.18727
1.18727
1.18727
1.18727
1.18727
1.18727
1.18727
1.18727
1.18727
1.18727
1.18727
1.18727
1.18727
1.18727
1.18727
1.18727
1.18727
1.18727
1.18727
1.18727
1.18727
1.18727
1.18727
1.18727
1.18727
1.18727
1.18727
1.18727
1.18727
1.18727
1.18727
1.18727
1.18727
1.18727
1.18727
1.18727
1.18727
1.18727
1.18727
1.18727
1.18727
1.18727
1.18727
1.18727
1.18727
1.18727
1.18727
1.18727
1.18727
1.18727
1.18727
1.18727
1.18727
1.18727
1.18727
1.18727
1.18727
1.18727
1.18727
1.18727
1.18727
1.18727
1.18727
1.18727
1.18727
1.18727
1.18727
1.18727
1.18727
1.18727
1.18727
1.18727
1.18727
1.18727
1.18727
1.18727
1.18727
1.18727
1.18727
1.18727
1.18727
1.18727
1.18727
1.18727
1.18727
1.18727
1.18727
1.18727
1.18727
1.18727
1.18727
1.18727
1.18727
1.18727
1.18727
1.18727
1.18727
1.18727
1.18727
1.18727
1.18727
1.18727
1.18727
1.18727
1.18727
1.18727
1.18727
1.18727
1.18727
1.18727
1.18727
1.18727
1.18727
1.18727
1.18727
1.18727
1.18727
1.18727
1.18727
1.18727
1.18727
1.18727
1.18727
1.18727
1.18727
1.18727
1.18727
1.18727
1.18727
1.18727
1.18727
1.18727
1.18727
1.18727
1.18727
1.18727
1.18727
1.18727
1.18727
1.18727
1.18727
1.18727
1.18727
1.18727
1.18727
1.18727
1.18727
1.18727
1.18727
1.18727
1.18727
1.18727
1.18727
1.18727
1.18727
1.18727
1.18727
1.18727
1.18727
1.18727
1.18727
1.18727
1.18727
1.18727
1.18727
1.18727
1.18727
1.18727
1.18727
1.18727
1.18727
1.18727
1.18727
1.18727
1.18727
1.18727
1.18727
1.18727
1.18727
1.18727
1.18727
1.18727
1.18727
1.18727
1.18727
1.18727
1.18727
1.18727
1.18727
1.18727
1.18727
1.18727
1.18727
1.18727
1.18727
1.18727
1.18727
1.18727
1.18727
1.18727
1.18727
1.18727
1.18727
1.18727
1.18727
1.18727
1.18727
1.18727
1.18727
1.18727
1.18727
1.18727
1.18727
1.18727
1.18727
1.18727
1.18727
1.18727
1.18727
1.18727
1.18727
1.18727
1.18727
1.18727
1.18727
1.18727
1.18727
1.18727
1.18727
1.18727
1.18727
1.18727
1.18727
1.18727
1.18727
1.18727
1.18727
1.18727
1.18727
1.18727
1.18727
1.18727
1.18727
1.18727
1.18727
1.18727
1.18727
1.18727
1.18727
1.18727
1.18727
1.18727
1.18727
1.18727
1.18727
1.18727
1.18727
1.18727
1.18727
1.18727
1.18727
1.18727
1.18727
1.18727
1.18727
1.18727
1.18727
1.18727
1.18727
1.18727
1.18727
1.18727
1.18727
1.18727
1.18727
1.18727
1.18727
1.18727
1.18727
1.18727
1.18727
1.18727
1.18727
1.18727
1.18727
1.18727
1.18727
1.18727
1.18727
1.18727
1.18727
1.18727
1.18727
1.18727
1.18727
1.18727
1.18727
1.18727
1.18727
1.18727
1.18727
1.18727
1.18727
1.18727
1.18727
1.18727
1.18727
1.18727
1.18727
1.18727
1.18727
1.18727
1.18727
1.18727
1.18727
1.18727
1.18727
1.18727
1.18727
1.18727
1.18727
1.18727
1.18727
1.18727
1.18727
1.18727
1.18727
1.18727
1.18727
1.18727
1.18727
1.18727
1.18727
1.18727
1.18727
1.18727
1.18727
1.18727
1.18727
1.18727
1.18727
1.18727
1.18727
1.18727
1.18727
1.18727
1.18727
1.18727
1.18727
1.18727
1.18727
1.18727
1.18727
1.18727
1.18727
1.18727
1.18727
1.18727
1.18727
1.18727
1.18727
1.18727
1.18727
1.18727
1.18727
1.18727
1.18727
1.18727
1.18727
1.18727
1.18727
1.18727
1.18727
1.18727
1.18727
1.18727
1.18727
1.18727
1.18727
1.18727
1.18727
1.18727
1.18727
1.18727
1.18727
1.18727
1.18727
1.18727
1.18727
1.18727
1.18727
1.18727
1.18727
1.18727
1.18727
1.18727
1.18727
1.18727
1.18727
1.18727
1.18727
1.18727
1.18727
1.18727
1.18727
1.18727
1.18727
1.18727
1.18727
1.18727
1.18727
1.18727
1.18727
1.18727
1.18727
1.18727
1.18727
1.18727
1.18727
1.18727
1.18727
1.18727
1.18727
1.18727
1.18727
1.18727
1.18727
1.18727
1.18727
1.18727
1.18727
1.18727
1.18727
1.18727
1.18727
1.18727
1.18727
1.18727
1.18727
1.18727
1.18727
1.18727
1.18727
1.18727
1.18727
1.18727
1.18727
1.18727
1.18727
1.18727
1.18727
1.18727
1.18727
1.18727
1.18727
1.18727
1.18727
1.18727
1.18727
1.18727
1.18727
1.18727
1.18727
1.18727
1.18727
1.18727
1.18727
1.18727
1.18727
1.18727
1.18727
1.18727
1.18727
1.18727
1.18727
1.18727
1.18727
1.18727
1.18727
1.18727
1.18727
1.18727
1.18727
1.18727
1.18727
1.18727
1.18727
1.18727
1.18727
1.18727
1.18727
1.18727
1.18727
1.18727
1.18727
1.18727
1.18727
1.18727
1.18727
1.18727
1.18727
1.18727
1.18727
1.18727
1.18727
1.18727
1.18727
1.18727
1.18727
1.18727
1.18727
1.18727
1.18727
1.18727
1.18727
1.18727
1.18727
1.18727
1.18727
1.18727
1.18727
1.18727
1.18727
1.18727
1.18727
1.18727
1.18727
1.18727
1.18727
1.18727
1.18727
1.18727
1.18727
1.18727
1.18727
1.18727
1.18727
1.18727
1.18727
1.18727
1.18727
1.18727
1.18727
1.18727
1.18727
1.18727
1.18727
1.18727
1.18727
1.18727
1.18727
1.18727
1.18727
1.18727
1.18727
1.18727
1.18727
1.18727
1.18727
1.18727
1.18727
1.18727
1.18727
1.18727
1.18727
1.18727
1.18727
1.18727
1.18727
1.18727
1.18727
1.18727
1.18727
1.18727
1.18727
1.18727
1.18727
1.18727
1.18727
1.18727
1.18727
1.18727
1.18727
1.18727
1.18727
1.18727
1.18727
1.18727
1.18727
1.18727
1.18727
1.18727
1.18727
1.18727
1.18727
1.18727
1.18727
1.18727
1.18727
1.18727
1.18727
1.18727
1.18727
1.18727
1.18727
1.18727
1.18727
1.18727
1.18727
1.18727
1.18727
1.18727
1.18727
1.18727
1.18727
1.18727
1.18727
1.18727
1.18727
1.18727
1.18727
1.18727
1.18727
1.18727
1.18727
1.18727
1.18727
1.18727
1.18727
1.18727
1.18727
1.18727
1.18727
1.18727
1.18727
1.18727
1.18727
1.18727
1.18727
1.18727
1.18727
1.18727
1.18727
1.18727
1.18727
1.18727
1.18727
1.18727
1.18727
1.18727
1.18727
1.18727
1.18727
1.18727
1.18727
1.18727
1.18727
1.18727
1.18727
1.18727
1.18727
1.18727
1.18727
1.18727
1.18727
1.18727
1.18727
1.18727
1.18727
1.18727
1.18727
1.18727
1.18727
1.18727
1.18727
1.18727
1.18727
1.18727
1.18727
1.18727
1.18727
1.18727
1.18727
1.18727
1.18727
1.18727
1.18727
1.18727
1.18727
1.18727
1.18727
1.18727
1.18727
1.18727
1.18727
1.18727
1.18727
1.18727
1.18727
1.18727
1.18727
1.18727
1.18727
1.18727
1.18727
1.18727
1.18727
1.18727
1.18727
1.18727
1.18727
1.18727
1.18727
1.18727
1.18727
1.18727
1.18727
1.18727
1.18727
1.18727
1.18727
1.18727
1.18727
1.18727
1.18727
1.18727
1.18727
1.18727
1.18727
1.18727
1.18727
1.18727
1.18727
1.18727
1.18727
1.18727
1.18727
1.18727
1.18727
1.18727
1.18727
1.18727
1.18727
1.18727
1.18727
1.18727
1.18727
1.18727
1.18727
1.18727
1.18727
1.18727
1.18727
1.18727
1.18727
1.18727
1.18727
1.18727
1.18727
1.18727
1.18727
1.18727
1.18727
1.18727
1.18727
1.18727
1.18727
1.18727
1.18727
1.18727
1.18727
1.18727
1.18727
1.18727
1.18727
1.18727
1.18727
1.18727
1.18727
1.18727
1.18727
1.18727
1.18727
1.18727
1.18727
1.18727
1.18727
1.18727
1.18727
1.18727
1.18727
1.18727
1.18727
1.18727
1.18727
1.18727
1.18727
1.18727
1.18727
1.18727
1.18727
1.18727
1.18727
1.18727
1.18727
1.18727
1.18727
1.18727
1.18727
1.18727
1.18727
1.18727
1.18727
1.18727
1.18727
1.18727
1.18727
1.18727
1.18727
1.18727
1.18727
1.18727
1.18727
1.18727
1.18727
1.18727
1.18727
1.18727
1.18727
1.18727
1.18727
1.18727
1.18727
1.18727
1.18727
1.18727
1.18727
1.18727
1.18727
1.18727
1.18727
1.18727
1.18727
1.18727
1.18727
1.18727
1.18727
1.18727
1.18727
1.18727
1.18727
1.18727
1.18727
1.18727
1.18727
1.18727
1.18727
1.18727
1.18727
1.18727
1.18727
1.18727
1.18727
1.18727
1.18727
1.18727
1.18727
1.18727
1.18727
1.18727
1.18727
1.18727
1.18727
1.18727
1.18727
1.18727
1.18727
1.18727
1.18727
1.18727
1.18727
1.18727
1.18727
1.18727
1.18727
1.18727
1.18727
1.18727
1.18727
1.18727
1.18727
1.18727
1.18727
1.18727
1.18727
1.18727
1.18727
1.18727
1.18727
1.18727
1.18727
1.18727
1.18727
1.18727
1.18727
1.18727
1.18727
1.18727
1.18727
1.18727
1.18727
1.18727
1.18727
1.18727
1.18727
1.18727
1.18727
1.18727
1.18727
1.18727
1.18727
1.18727
1.18727
1.18727
1.18727
1.18727
1.18727
1.18727
1.18727
1.18727
1.18727
1.18727
1.18727
1.18727
1.18727
1.18727
1.18727
1.18727
1.18727
1.18727
1.18727
1.18727
1.18727
1.18727
1.18727
1.18727
1.18727
1.18727
1.18727
1.18727
1.18727
1.18727
1.18727
1.18727
1.18727
1.18727
1.18727
1.18727
1.18727
1.18727
1.18727
1.18727
1.18727
1.18727
1.18727
1.18727
1.18727
1.18727
1.18727
1.18727
1.18727
1.18727
1.18727
1.18727
1.18727
1.18727
1.18727
1.18727
1.18727
