7.65142
7.22279
7.22279
7.11617
7.02504
6.79371
6.79371
6.79371
6.48113
6.48113
6.41175
6.41175
6.40024
6.37891
6.20722
6.11627
6.11627
5.93079
5.93079
5.93079
5.86538
5.5688
5.5688
5.5688
5.45519
5.45519
5.44749
5.34623
5.34623
5.25365
5.25365
5.25365
5.22919
5.19773
5.19773
5.13036
5.13036
5.06351
5.06351
4.91803
4.83085
4.83085
4.83085
4.82221
4.82221
4.82221
4.78145
4.77666
4.75276
4.72769
4.63523
4.63523
4.62772
4.60045
4.53746
4.46261
4.46261
4.46261
4.43045
4.43045
4.43045
4.43045
4.43045
4.36516
4.30359
4.30359
4.258
4.258
4.23525
4.23525
4.12684
4.09112
4.09112
4.09112
3.97441
3.95353
3.95353
3.93002
3.90352
3.90352
3.89809
3.82482
3.68547
3.68547
3.68547
3.68547
3.67073
3.67073
3.67073
3.67073
3.63063
3.63063
3.63063
3.63063
3.56269
3.51879
3.51879
3.51879
3.51879
3.44671
3.44671
3.44671
3.40104
3.40104
3.39959
3.34852
3.34852
3.23393
3.23393
3.23393
3.20277
3.20277
3.20277
3.20277
3.18851
3.17667
3.14605
3.13166
3.11836
3.11836
3.11836
3.0762
3.06209
3.06209
3.05816
3.04962
3.00817
3.00817
3.00248
2.97771
2.97771
2.95544
2.95544
2.94401
2.94401
2.92864
2.92385
2.88806
2.88806
2.87115
2.7983
2.7983
2.7983
2.74749
2.74749
2.74749
2.74382
2.72678
2.70228
2.68953
2.65941
2.65941
2.65941
2.65043
2.61672
2.59583
2.59583
2.59583
2.583
2.583
2.54448
2.54448
2.54448
2.52371
2.52371
2.52371
2.51685
2.48882
2.48882
2.48882
2.48882
2.48046
2.48046
2.47206
2.4686
2.46763
2.45828
2.45661
2.44468
2.44468
2.43831
2.43521
2.43203
2.42529
2.42225
2.42225
2.41981
2.40852
2.38885
2.38885
2.38297
2.38024
2.37734
2.37699
2.37648
2.3681
2.36418
2.34543
2.34543
2.34543
2.32797
2.32797
2.32797
2.31957
2.31008
2.31008
2.31008
2.30157
2.30157
2.30157
2.29979
2.27975
2.27975
2.27975
2.26945
2.26945
2.26945
2.25878
2.25601
2.25601
2.24552
2.24552
2.24552
2.24552
2.24552
2.24552
2.23958
2.23588
2.23588
2.23442
2.22922
2.22095
2.21528
2.21528
2.21284
2.21112
2.20223
2.20223
2.19871
2.19307
2.19307
2.1891
2.1891
2.1891
2.18607
2.18607
2.18607
2.18084
2.17466
2.17466
2.17466
2.17466
2.13965
2.13965
2.13965
2.13351
2.12987
2.11684
2.11529
2.11529
2.11529
2.10731
2.10731
2.10731
2.10731
2.10139
2.10139
2.10061
2.09848
2.0905
2.09045
2.08109
2.08109
2.08109
2.08109
2.08109
2.08109
2.08109
2.07955
2.07955
2.07938
2.07632
2.07632
2.07632
2.06997
2.06349
2.05675
2.05675
2.05675
2.05675
2.05263
2.05263
2.05263
2.05263
2.05002
2.04678
2.04678
2.04354
2.04354
2.04267
2.04178
2.03769
2.03769
2.03769
2.03769
2.03769
2.03655
2.03594
2.03594
2.03329
2.03329
2.02565
2.02565
2.02565
2.02565
2.00848
2.00848
2.00697
1.99615
1.99538
1.99538
1.99528
1.98791
1.98791
1.98717
1.98717
1.98067
1.98067
1.98067
1.97667
1.97615
1.97615
1.97515
1.97145
1.97114
1.9655
1.9655
1.9655
1.9655
1.9655
1.9655
1.96398
1.9632
1.96117
1.96117
1.96117
1.9602
1.95996
1.95941
1.95845
1.95845
1.95845
1.95738
1.95593
1.95515
1.94917
1.94917
1.94687
1.94415
1.94415
1.94415
1.94415
1.94415
1.94338
1.94338
1.93999
1.93999
1.93999
1.93999
1.92519
1.92519
1.92519
1.92519
1.92519
1.92377
1.92372
1.92247
1.92105
1.91958
1.91958
1.91958
1.91841
1.91701
1.91701
1.91641
1.91502
1.91502
1.90944
1.90804
1.90804
1.90804
1.90804
1.90804
1.90605
1.90605
1.90594
1.90594
1.90594
1.90531
1.90454
1.90255
1.90255
1.90255
1.90255
1.90255
1.90244
1.90244
1.90244
1.90236
1.90033
1.90033
1.90033
1.89934
1.89934
1.89523
1.89512
1.89374
1.89374
1.89374
1.89363
1.89227
1.89052
1.88895
1.88842
1.88842
1.88706
1.88706
1.88706
1.88706
1.88706
1.88706
1.88706
1.88706
1.88706
1.88706
1.88706
1.88706
1.88706
1.88706
1.87519
1.87519
1.87519
1.87519
1.87519
1.86957
1.86417
1.86364
1.86364
1.85305
1.85305
1.85305
1.85148
1.84628
1.79605
1.79605
1.79605
1.78909
1.78909
1.78168
1.77851
1.77851
1.77665
1.77665
1.77665
1.77665
1.77665
1.76969
1.76969
1.76774
1.76774
1.76774
1.76774
1.76022
1.76022
1.76022
1.76022
1.76022
1.76022
1.76022
1.76022
1.75657
1.75657
1.75657
1.75523
1.75523
1.75083
1.75083
1.75083
1.75083
1.7443
1.7443
1.73545
1.73545
1.73277
1.73277
1.73046
1.73046
1.73046
1.63381
1.63381
1.63381
1.62947
1.62947
1.62947
1.62947
1.6245
1.6245
1.6245
1.62203
1.62203
1.62203
1.62203
1.62203
1.62203
1.62203
1.62203
1.62203
1.62203
1.62203
1.62203
1.62203
1.62203
1.62203
1.62203
1.62203
1.62203
1.62203
1.62203
1.62203
1.62195
1.62195
1.62195
1.62195
1.62195
1.62195
1.62195
1.62172
1.62172
1.61853
1.61845
1.61845
1.61845
1.61822
1.61822
1.6173
1.6173
1.6173
1.6173
1.6173
1.6173
1.6173
1.61723
1.61692
1.61661
1.61222
1.61222
1.61222
1.61222
1.61212
1.61188
1.6118
1.6118
1.6118
1.6118
1.60967
1.60967
1.60967
1.6091
1.6091
1.6091
1.6091
1.60902
1.60902
1.60845
1.60845
1.60845
1.60845
1.60845
1.60566
1.60566
1.60566
1.60566
1.60566
1.60566
1.60566
1.60566
1.60484
1.60304
1.60304
1.60148
1.60148
1.60148
1.60148
1.60148
1.60148
1.59886
1.59886
1.59886
1.59886
1.59886
1.59886
1.59886
1.5973
1.5973
1.5973
1.5973
1.5973
1.5973
1.5973
1.5973
1.5973
1.55159
1.55159
1.55159
1.54562
1.54292
1.54292
1.54292
1.54205
1.54205
1.54205
1.54205
1.54204
1.54204
1.54204
1.54204
1.54051
1.54051
1.54051
1.54051
1.54051
1.54051
1.54051
1.54051
1.54051
1.53909
1.53909
1.53909
1.53757
1.53756
1.53756
1.53756
1.53756
1.53756
1.53756
1.53756
1.53756
1.53756
1.53756
1.53756
1.53756
1.53756
1.53756
1.53756
1.53756
1.53756
1.53756
1.53756
1.53756
1.53756
1.53756
1.53756
1.53756
1.53756
1.53756
1.53756
1.53756
1.53756
1.53756
1.53756
1.53756
1.53756
1.53756
1.53756
1.53756
1.53597
1.53597
1.53597
1.53445
1.53389
1.52142
1.52142
1.52142
1.52142
1.52142
1.52142
1.52142
1.52142
1.51024
1.51024
1.51024
1.51024
1.51024
1.51024
1.51024
1.51024
1.51024
1.51024
1.51024
1.51024
1.51024
1.51024
1.51024
1.51024
1.51024
1.51024
1.51024
1.51024
1.51024
1.51024
1.51024
1.51024
1.51024
1.51024
1.51024
1.51024
1.51024
1.51024
1.51024
1.51024
1.51024
1.51007
1.51007
1.51007
1.51007
1.51007
1.50683
1.50683
1.50683
1.50683
1.50683
1.50683
1.50683
1.50683
1.50268
1.50268
1.5018
1.5018
1.5018
1.49999
1.49999
1.49999
1.49999
1.49999
1.49999
1.49999
1.49668
1.49668
1.49658
1.49658
1.49658
1.49658
1.49658
1.49144
1.49144
1.48532
1.48532
1.48532
1.48532
1.48532
1.48532
1.48532
1.48532
1.48532
1.48532
1.48532
1.48119
1.48119
1.48119
1.48119
1.48119
1.48119
1.48119
1.48119
1.48119
1.48102
1.48102
1.48102
1.48102
1.48102
1.48102
1.48102
1.48102
1.48102
1.48102
1.48102
1.48102
1.48102
1.48102
1.48102
1.48102
1.48102
1.48102
1.48102
1.48102
1.48102
1.48102
1.48102
1.48102
1.48102
1.48102
1.48102
1.48102
1.48102
1.47962
1.47962
1.47529
1.47238
1.47238
1.47238
1.47238
1.45406
1.45406
1.45406
1.44019
1.44019
1.44019
1.44019
1.44019
1.44019
1.44019
1.44019
1.44019
1.44019
1.44019
1.44019
1.44019
1.44019
1.44019
1.44019
1.44019
1.43964
1.43964
1.43964
1.43964
1.42155
1.42155
1.42155
1.42155
1.42155
1.42155
1.42155
1.42155
1.42155
1.42093
1.42093
1.38795
1.38795
1.38795
1.38122
1.38122
1.38013
1.38013
1.37958
1.37958
1.37958
1.37258
1.37258
1.37258
1.37258
1.34735
1.34735
1.34735
1.34735
1.34735
1.34735
1.34735
1.33058
1.33058
1.33058
1.33004
1.32206
1.32206
1.32206
1.32206
1.32206
1.32206
1.32206
1.32008
1.32008
1.32008
1.32008
1.32008
1.32008
1.32008
1.31732
1.31732
1.31732
1.31732
1.31732
1.31732
1.31732
1.31732
1.31732
1.31732
1.31732
1.31732
1.31732
1.31675
1.31675
1.31675
1.31675
1.31445
1.31445
1.31445
1.30924
1.30924
1.30924
1.30867
1.30867
1.30645
1.30645
1.30589
1.30589
1.30589
1.30589
1.30589
1.30589
1.30589
1.30589
1.30589
1.30573
1.30573
1.301
1.30044
1.30044
1.30044
1.30044
1.29283
1.29006
1.29006
1.2888
1.2888
1.2888
1.2888
1.2888
1.2888
1.2888
1.2888
1.2888
1.2888
1.2888
1.2888
1.2888
1.2888
1.2888
1.2888
1.2888
1.2888
1.2888
1.2888
1.2888
1.2888
1.2888
1.2888
1.2888
1.2888
1.2888
1.2888
1.2888
1.2888
1.2888
1.2888
1.2888
1.2888
1.2888
1.2888
1.28827
1.28827
1.28827
1.28827
1.28827
1.28827
1.28827
1.28827
1.28827
1.28827
1.28827
1.28827
1.28827
1.28827
1.28827
1.28827
1.28827
1.28827
1.28827
1.28827
1.28827
1.28827
1.28827
1.28827
1.28827
1.28827
1.28827
1.28827
1.28827
1.28827
1.28827
1.28827
1.28827
1.28827
1.28827
1.28827
1.28827
1.28827
1.28827
1.28827
1.28827
1.28827
1.28827
1.28827
1.28827
1.28827
1.28827
1.28827
1.28827
1.28827
1.28827
1.28827
1.28812
1.28812
1.28812
1.28812
1.28812
1.28757
1.28757
1.28714
1.28714
1.28714
1.28714
1.28714
1.28714
1.28714
1.28714
1.28714
1.28714
1.28714
1.28714
1.28714
1.28714
1.28714
1.28714
1.28714
1.28714
1.28714
1.28714
1.28714
1.28714
1.28714
1.28714
1.28714
1.28714
1.28714
1.28714
1.28714
1.28714
1.28714
1.28714
1.28714
1.28714
1.28714
1.28714
1.28714
1.28714
1.28714
1.28714
1.28714
1.28714
1.28714
1.28714
1.28714
1.28687
1.28687
1.28687
1.28687
1.28687
1.28687
1.28687
1.28687
1.28687
1.28687
1.28687
1.28687
1.28687
1.28687
1.28687
1.28687
1.28687
1.28687
1.28687
1.28687
1.28687
1.28596
1.28596
1.28596
1.28596
1.28596
1.27889
1.27889
1.27889
1.27889
1.27889
1.27889
1.27889
1.27889
1.27889
1.27889
1.27889
1.27889
1.27889
1.27889
1.27889
1.27889
1.27889
1.27889
1.27889
1.27889
1.27588
1.27588
1.25007
1.25007
1.25007
1.25007
1.25007
1.25007
1.25007
1.25007
1.25007
1.25007
1.25007
1.25007
1.25007
1.25007
1.25007
1.25007
1.25007
1.25007
1.25007
1.25007
1.25007
1.25007
1.25007
1.25007
1.25007
1.25007
1.25007
1.25007
1.25007
1.25007
1.25007
1.25007
1.25007
1.25007
1.25007
1.25007
1.25007
1.25007
1.25007
1.25007
1.25007
1.25007
1.24443
1.24443
1.24361
1.24361
1.24361
1.24361
1.24361
1.24361
1.24361
1.24361
1.24361
1.24361
1.24361
1.24361
1.24361
1.24361
1.24361
1.24361
1.24361
1.24361
1.24331
1.24331
1.24331
1.24331
1.24331
1.24331
1.24331
1.24331
1.24331
1.24331
1.24331
1.24331
1.24213
1.24213
1.24213
1.24213
1.23482
1.23482
1.23482
1.23482
1.23482
1.23482
1.23482
1.23482
1.23451
1.23451
1.23451
1.23451
1.23451
1.23451
1.23451
1.23451
1.23451
1.23424
1.23424
1.23424
1.2299
1.2299
1.2299
1.2299
1.2299
1.22771
1.22771
1.22771
1.22771
1.22771
1.22688
1.22688
1.22688
1.22467
1.22467
1.22221
1.21978
1.21978
1.21978
1.21648
1.21648
1.21634
1.21634
1.21565
1.21565
1.2155
1.2155
1.2155
1.2155
1.21367
1.21367
1.21352
1.21352
1.21283
1.21283
1.21268
1.21268
1.21268
1.21268
1.21268
1.21268
1.20816
1.20732
1.20732
1.20732
1.20732
1.20732
1.20732
1.20732
1.20732
1.20732
1.20732
1.20732
1.20732
1.20732
1.20732
1.20732
1.20732
1.20732
1.20732
1.20732
1.20732
1.20732
1.20732
1.20732
1.20732
1.20732
1.20732
1.20732
1.20732
1.20732
1.20732
1.20732
1.20732
1.20732
1.20732
1.20732
1.20732
1.20732
1.20732
1.20732
1.20732
1.20732
1.20732
1.20732
1.20732
1.20732
1.20732
1.20732
1.20732
1.20732
1.20732
1.20732
1.20732
1.20732
1.20732
1.20732
1.20732
1.20732
1.20732
1.20732
1.20732
1.20732
1.20732
1.20732
1.20732
1.20732
1.20732
1.20732
1.20732
1.20732
1.20732
1.20732
1.20732
1.20732
1.20732
1.20732
1.20732
1.20732
1.20732
1.20732
1.20732
1.20732
1.20732
1.20732
1.20732
1.20732
1.20732
1.20732
1.20732
1.20732
1.20732
1.20556
1.19946
1.19181
1.19181
1.19181
1.19181
1.19181
1.19181
1.19181
1.19181
1.19181
1.19181
1.19181
1.19181
1.19181
1.19181
1.19181
1.19181
1.19181
1.19181
1.19181
1.19181
1.19181
1.19181
1.19181
1.19181
1.19181
1.19181
1.19181
1.19181
1.19181
1.19181
1.19181
1.19181
1.19181
1.19181
1.19181
1.19181
1.19181
1.19181
1.19181
1.19181
1.19181
1.19181
1.19181
1.19181
1.19181
1.19181
1.19181
1.19181
1.19181
1.19181
1.19181
1.19181
1.19181
1.19181
1.19181
1.19181
1.19181
1.19181
1.19181
1.19181
1.19181
1.19181
1.19181
1.19181
1.19181
1.19181
1.19181
1.19181
1.19181
1.19181
1.19181
1.19181
1.19181
1.19181
1.19181
1.19181
1.19181
1.19181
1.19181
1.19181
1.19181
1.19181
1.19181
1.19181
1.19181
1.19181
1.19181
1.19181
1.19181
1.19181
1.19181
1.19181
1.19181
1.19181
1.19181
1.19181
1.19181
1.19181
1.19181
1.19181
1.19181
1.19181
1.19181
1.19181
1.19181
1.19181
1.19181
1.19181
1.19181
1.19181
1.19181
1.19181
1.19181
1.19181
1.19181
1.19181
1.19181
1.19181
1.19181
1.19181
1.19181
1.19181
1.19181
1.19181
1.19181
1.19181
1.19181
1.19181
1.19181
1.19181
1.19181
1.19181
1.19181
1.19181
1.19181
1.19181
1.19181
1.19181
1.19181
1.19181
1.19181
1.19181
1.19181
1.19181
1.19181
1.19181
1.19181
1.19181
1.19181
1.19181
1.19181
1.19181
1.19181
1.19181
1.19181
1.19181
1.19181
1.19181
1.19181
1.19181
1.19181
1.19181
1.19181
1.19181
1.19181
1.19181
1.19181
1.19181
1.19181
1.19181
1.19181
1.19181
1.19181
1.19181
1.19181
1.19181
1.19181
1.19181
1.19181
1.19181
1.19181
1.19181
1.19181
1.19181
1.19181
1.19181
1.19181
1.19181
1.19181
1.19181
1.19181
1.19181
1.19181
1.19181
1.19181
1.19181
1.19181
1.19181
1.19181
1.19181
1.19181
1.19181
1.19181
1.19181
1.19181
1.19181
1.19181
1.19181
1.19181
1.19181
1.19181
1.19181
1.19181
1.19181
1.19181
1.19181
1.19181
1.19181
1.19181
1.19181
1.19181
1.19181
1.19181
1.19181
1.19181
1.19181
1.19181
1.19181
1.19181
1.19181
1.19181
1.19181
1.19181
1.19181
1.19181
1.19181
1.19181
1.19181
1.19181
1.19181
1.19181
1.19181
1.19181
1.19181
1.19181
1.19181
1.19181
1.19181
1.19181
1.19181
1.19181
1.19181
1.19181
1.19181
1.19181
1.19181
1.19181
1.19181
1.19181
1.19181
1.19181
1.19181
1.19181
1.19181
1.19181
1.19181
1.19181
1.19181
1.19181
1.19181
1.19181
1.19181
1.19181
1.19181
1.19181
1.19181
1.19181
1.19181
1.19181
1.19181
1.19181
1.19181
1.19181
1.19181
1.19181
1.19181
1.19181
1.19181
1.19181
1.19181
1.19181
1.19181
1.19181
1.19181
1.19181
1.19181
1.19181
1.19181
1.19181
1.19181
1.19181
1.19181
1.19181
1.19181
1.19181
1.19181
1.19181
1.19181
1.19181
1.19181
1.19181
1.19181
1.19181
1.19181
1.19181
1.19181
1.19181
1.18858
1.18858
1.18858
1.18858
1.18858
1.1885
1.1885
1.1885
1.1885
1.1885
1.1885
1.1885
1.1885
1.1885
1.1885
1.1885
1.1885
1.1885
1.1885
1.1885
1.1885
1.1885
1.1885
1.1885
1.1885
1.1885
1.1885
1.1885
1.1885
1.1885
1.1885
1.1885
1.1885
1.1885
1.1885
1.1885
1.1885
1.1885
1.1885
1.1885
1.1885
1.1885
1.1885
1.1885
1.1885
1.1885
1.1885
1.1885
1.1885
1.1885
1.1885
1.1885
1.1885
1.1885
1.1885
1.1885
1.1885
1.1885
1.18773
1.18773
1.18441
1.18441
1.18441
1.18441
1.18441
1.18441
1.18441
1.18441
1.18441
1.18441
1.18441
1.18441
1.18441
1.17973
1.17964
1.17964
1.17964
1.17964
1.17964
1.17964
1.17964
1.17964
1.17964
1.17964
1.17964
1.17964
1.17964
1.17964
1.17964
1.17964
1.17964
1.17964
1.17964
1.17964
1.17964
1.17964
1.17964
1.17964
1.17964
1.17955
1.17955
1.17955
1.17955
1.17955
1.17955
1.17955
1.17955
1.17955
1.17955
1.17955
1.17955
1.17955
1.17955
1.17955
1.17955
1.17955
1.17955
1.17955
1.17955
1.17955
1.17955
1.17848
1.17841
1.17841
1.17841
1.17806
1.17806
1.17806
1.17806
1.17806
1.17806
1.17806
1.17806
1.17806
1.17806
1.17806
1.17806
1.17806
1.17806
1.17806
1.17806
1.17806
1.17806
1.17806
1.17806
1.17806
1.17806
1.17806
1.17806
1.17806
1.17806
1.17806
1.17806
1.17806
1.17806
1.17806
1.17806
1.17806
1.17806
1.17806
1.17806
1.17806
1.17806
1.17806
1.17806
1.17806
1.17806
1.17806
1.17806
1.17806
1.17806
1.17806
1.17806
1.17806
1.17806
1.17806
1.17806
1.17806
1.17806
1.17806
1.17806
1.17806
1.17431
1.17431
1.17431
1.17431
1.17431
1.17431
1.17431
1.17431
1.17431
1.17431
1.17431
1.17431
1.17431
1.17431
1.17431
1.17431
1.17431
1.17431
1.17431
1.17431
1.17431
1.17431
1.17431
1.17431
1.17431
1.17431
1.17431
1.17431
1.17431
1.17431
1.17431
1.17431
1.17431
1.17431
1.17431
1.17431
1.17431
1.17431
1.17431
1.17431
1.17431
1.17431
1.17431
1.17431
1.17431
1.17431
1.17431
1.17431
1.17431
1.17431
1.17431
1.17431
1.17431
1.17431
1.17431
1.17431
1.17431
1.17431
1.17431
1.17431
1.17431
1.17431
1.17431
1.17431
1.17431
1.17431
1.17431
1.17431
1.17431
1.17431
1.17431
1.17431
1.17431
1.17431
1.17431
1.17431
1.17431
1.17431
1.17431
1.17431
1.17431
1.17431
1.17431
1.17431
1.17431
1.17431
1.17431
1.17431
1.17431
1.17431
1.17431
1.17431
1.17431
1.17431
1.17431
1.17431
1.17431
1.17431
1.17431
1.17431
1.17431
1.17431
1.17431
1.17431
1.17431
1.17431
1.17431
1.17431
1.17431
1.17431
1.17431
1.17431
1.17431
1.17431
1.17431
1.17431
1.17431
1.17431
1.17431
1.17431
1.17431
1.17431
1.17431
1.17431
1.17431
1.17431
1.17431
1.17431
1.17431
1.17431
1.17431
1.17431
1.17431
1.17431
1.17431
1.17431
1.17431
1.17431
1.17431
1.17431
1.17431
1.17431
1.17431
1.17431
1.17431
1.17431
1.17431
1.17431
1.17431
1.17431
1.17431
1.17431
1.17431
1.17431
1.17431
1.17431
1.17431
1.17431
1.17431
1.17431
1.17431
1.17431
1.17431
1.17431
1.17431
1.17431
1.17431
1.17431
1.17431
1.17431
1.17431
1.17431
1.17431
1.17431
1.17431
1.17431
1.17431
1.17431
1.17431
1.17431
1.17431
1.17431
1.17431
1.17431
1.17431
1.17431
1.17431
1.17431
1.17431
1.17431
1.17431
1.17431
1.17431
1.17431
1.17431
1.17431
1.17431
1.17431
1.17431
1.17431
1.17431
1.17431
1.17431
1.17431
1.17431
1.17431
1.17431
1.17431
1.17431
1.17431
1.17431
1.17431
1.17431
1.17431
1.17431
1.17431
1.17431
1.17431
1.17431
1.17431
1.17431
1.17431
1.17431
1.17431
1.17431
1.17431
1.17431
1.17431
1.17431
1.17431
1.17431
1.17431
1.17431
1.17431
1.17431
1.17431
1.17431
1.17431
1.17431
1.17431
1.17431
1.17431
1.17431
1.17431
1.17431
1.17431
1.17431
1.17431
1.17431
1.17431
1.17431
1.17431
1.17431
1.17431
1.17431
1.17431
1.17431
1.17431
1.17431
1.17431
1.17431
1.17431
1.17431
1.17431
1.17431
1.17431
1.17431
1.17431
1.17431
1.17431
1.17431
1.17431
1.17431
1.17431
1.17431
1.17431
1.17431
1.17431
1.17431
1.17431
1.17431
1.17431
1.17431
1.17431
1.17431
1.17431
1.17431
1.17431
1.17431
1.17431
1.17401
1.17401
1.17401
1.17401
1.17401
1.17401
1.1712
1.1712
1.1712
1.1712
1.1712
1.1712
1.1712
1.1712
1.1712
1.1712
1.1712
1.1712
1.1712
1.1712
1.1712
1.1712
1.1712
1.1712
1.1712
1.1712
1.1712
1.1712
1.1712
1.1712
1.1712
1.1712
1.1712
1.1712
1.1712
1.1712
1.1712
1.1712
1.1712
1.1712
1.1712
1.1712
1.1712
1.1712
1.1709
1.1709
1.1709
1.1709
1.1709
1.1709
1.1709
1.1709
1.1709
1.1709
1.1709
1.1709
1.1709
1.1709
1.1709
1.1709
1.1709
1.1709
1.1709
1.1709
1.1709
1.1709
1.1709
1.1709
1.1709
1.1709
1.1709
1.1709
1.1709
1.1709
1.1709
1.1709
1.1709
1.1709
1.1709
1.1709
1.1709
1.1709
1.16431
1.16431
1.16431
1.16431
1.16431
1.16431
1.16431
1.16431
1.16431
1.16431
1.16431
1.16431
1.16431
1.16431
1.16431
1.16431
1.16431
1.16431
1.16431
1.16431
1.16431
1.16431
1.16431
1.16431
1.16431
1.16431
1.16431
1.16431
1.16431
1.16431
1.16431
1.16431
1.16431
1.16431
1.16431
1.16431
1.16431
1.16431
1.16431
1.16431
1.16431
1.16431
1.16431
1.16431
1.16431
1.16431
1.16431
1.16431
1.16431
1.16431
1.16431
1.16431
1.16431
1.16431
1.16431
1.16431
1.16431
1.16431
1.16431
1.16431
1.16431
1.16431
1.16431
1.16431
1.16431
1.16431
1.16431
1.16431
1.16431
1.16431
1.16431
1.16431
1.16431
1.16431
1.16431
1.16431
1.16431
1.16431
1.16431
1.16431
1.16431
1.16431
1.16431
1.16431
1.16431
1.16431
1.16431
1.16431
1.16431
1.16431
1.16431
1.16431
1.16431
1.16431
1.16431
1.16431
1.16431
1.16431
1.16431
1.16431
1.16431
1.16431
1.16431
1.16431
1.16431
1.16431
1.16431
1.16431
1.16431
1.16431
1.16431
1.16431
1.16431
1.16431
1.16431
1.16431
1.16431
1.16431
1.16431
1.16431
1.16431
1.16431
1.16431
1.16431
1.16431
1.16431
1.16431
1.16431
1.16431
1.16431
1.16431
1.16431
1.16431
1.16431
1.16431
1.16431
1.16431
1.16431
1.16431
1.16431
1.16431
1.16431
1.16431
1.16431
1.16431
1.16431
1.16431
1.16431
1.16431
1.16431
1.16431
1.16431
1.16431
1.16431
1.16431
1.16431
1.16431
1.16431
1.16431
1.16431
1.16431
1.16431
1.16431
1.16431
1.16431
1.16431
1.16431
1.16431
1.16431
1.16431
1.16431
1.16431
1.16431
1.16431
1.16431
1.16431
1.16431
1.16431
1.16431
1.16431
1.16431
1.16431
1.16431
1.16431
1.16431
1.16431
1.16431
1.16431
1.16431
1.16431
1.16431
1.16431
1.16431
1.16431
1.16431
1.16431
1.16431
1.16431
1.16431
1.16431
1.16431
1.16431
1.16431
1.16431
1.16431
1.16431
1.16431
1.16431
1.16431
1.16431
1.16431
1.16431
1.16431
1.16431
1.16431
1.16431
1.16431
1.16431
1.16431
1.16431
1.16431
1.16431
1.16431
1.16431
1.16431
1.16431
1.16431
1.16431
1.16431
1.16431
1.16431
1.16431
1.16431
1.16431
1.16431
1.16431
1.16431
1.16431
1.16431
1.16431
1.16431
1.16431
1.16431
1.16431
1.16431
1.16431
1.16431
1.16431
1.16431
1.16431
1.16431
1.16431
1.16431
1.16431
1.16431
1.16431
1.16431
1.16431
1.16431
1.16431
1.16431
1.16431
1.16431
1.16431
1.16431
1.16431
1.16431
1.16431
1.16431
1.16431
1.16431
1.16431
1.16431
1.16431
1.16431
1.16431
1.16431
1.16431
1.16431
1.16431
1.16431
1.16431
1.16431
1.16431
1.16431
1.16431
1.16431
1.16431
1.16431
1.16431
1.16431
1.16431
1.16431
1.16431
1.16431
1.16431
1.16431
1.16431
1.16431
1.16431
1.16431
1.16431
1.16431
1.16431
1.16431
1.16431
1.16431
1.16431
1.16431
1.16431
1.16431
1.16431
1.16431
1.16431
1.16431
1.16431
1.16431
1.16431
1.16431
1.16431
1.16431
1.16431
1.16431
1.16431
1.16431
1.16431
1.16431
1.16431
1.16431
1.16431
1.16431
1.16431
1.16431
1.16431
1.16431
1.16431
1.16431
1.16431
1.16431
1.16431
1.16431
1.16431
1.16431
1.16431
1.16431
1.16431
1.16431
1.16431
1.16431
1.16431
1.16431
1.16431
1.16431
1.16431
1.16431
1.16431
1.16431
1.16431
1.16431
1.16431
1.16431
1.16431
1.16431
1.16431
1.16431
1.16431
1.16431
1.16431
1.16431
1.16431
1.16431
1.16431
1.16431
1.16431
1.16431
1.16431
1.16431
1.16431
1.16431
1.16431
1.16431
1.16431
1.16431
1.16431
1.16431
1.16431
1.16431
1.16431
1.16431
1.16431
1.16431
1.16431
1.16431
1.16431
1.16431
1.16431
1.16431
1.16431
1.16431
1.16431
1.16431
1.16431
1.16431
1.16431
1.16431
1.16431
1.16431
1.16431
1.16431
1.16431
1.16431
1.16431
1.16431
1.16431
1.16431
1.16431
1.16431
1.16431
1.16431
1.16431
1.16431
1.16431
1.16431
1.16431
1.16431
1.16431
1.16431
1.16431
1.16431
1.16431
1.16431
1.16431
1.16431
1.16431
1.16431
1.16431
1.16431
1.16431
1.16431
1.16431
1.16431
1.16431
1.16431
1.16431
1.16431
1.16431
1.16431
1.16431
1.16431
1.16431
1.16431
1.16431
1.16431
1.16431
1.16431
1.16431
1.16431
1.16431
1.16431
1.16431
1.16431
1.16431
1.16431
1.16431
1.16431
1.16431
1.16431
1.16431
1.16431
1.16431
1.16431
1.16431
1.16431
1.16431
1.16431
1.16431
1.16431
1.16431
1.16431
1.16431
1.16431
1.16431
1.16431
1.16431
1.16431
1.16431
1.16431
1.16431
1.16431
1.16431
1.16431
1.16431
1.16431
1.16431
1.16431
1.16431
1.16144
1.16144
1.16144
1.16144
1.15976
1.15976
1.15976
1.15976
1.15976
1.15976
1.15976
1.15976
1.15976
1.15976
1.15976
1.15976
1.15976
1.15976
1.15976
1.15976
1.15976
1.15976
1.15976
1.15976
1.15976
1.15976
1.15976
1.15976
1.15976
1.15976
1.15976
1.15976
1.15976
1.15976
1.15976
1.15976
1.15976
1.15976
1.15976
1.15976
1.15976
1.15976
1.15976
1.15976
1.15976
1.15976
1.15976
1.15976
1.15976
1.15976
1.15976
1.15976
1.15976
1.15976
1.15976
1.15976
1.15976
1.15976
1.15976
1.15976
1.15976
1.15976
1.15976
1.15976
1.15976
1.15976
1.15976
1.15976
1.15976
1.15976
1.15976
1.15976
1.15976
1.15976
1.15976
1.15976
1.15976
1.15976
1.15976
1.15976
1.15976
1.15976
1.15976
1.15976
1.15976
1.15976
1.15976
1.15976
1.15976
1.15976
1.15976
1.15976
1.15976
1.15976
1.15976
1.15976
1.15976
1.15976
1.15976
1.15976
1.15976
1.15976
1.15976
1.15976
1.15976
1.15976
1.15976
1.15976
1.15976
1.15976
1.15976
1.15976
1.15976
1.15976
1.15976
1.15976
1.15976
1.15976
1.15976
1.1595
1.1595
1.1595
1.1595
1.1595
1.1595
1.1595
1.1595
1.1595
1.1595
1.1595
1.1595
1.15876
1.15876
1.15876
1.15876
1.15876
1.15876
1.15876
1.15876
1.15876
1.15876
1.15876
1.15876
1.15876
1.15876
1.15876
1.15864
1.15864
1.15864
1.15864
1.15864
1.15864
1.15864
1.15751
1.15751
1.15751
1.15751
1.15751
1.15751
1.15751
1.15751
1.15751
1.15751
1.15751
1.15751
1.15751
1.15751
1.15751
1.15751
1.15751
1.15751
1.15751
1.15751
1.15751
1.15751
1.15751
1.15751
1.15751
1.15751
1.15751
1.15751
1.15751
1.15751
1.15751
1.15751
1.15751
1.15751
1.15751
1.15751
1.15751
1.15751
1.15751
1.15751
1.15751
1.15751
1.15751
1.15751
1.15751
1.15751
1.15751
1.15751
1.15751
1.15751
1.15751
1.15751
1.15751
1.15751
1.15751
1.15751
1.15751
1.15751
1.15751
1.15751
1.15751
1.15751
1.15751
1.15751
1.15751
1.15751
1.15751
1.15751
1.15751
1.15751
1.15751
1.15751
1.15751
1.15751
1.15751
1.15751
1.15751
1.15751
1.15751
1.15751
1.15751
1.15751
1.15751
1.15751
1.15751
1.15751
1.15751
1.15751
1.15751
1.15751
1.15751
1.15751
1.15751
1.15751
1.15751
1.15751
1.15751
1.15751
1.15751
1.15751
1.15751
1.15751
1.15751
1.15751
1.15751
1.15751
1.15751
1.15751
1.15751
1.15751
1.15751
1.15751
1.15751
1.15751
1.15751
1.15751
1.15751
1.15751
1.15751
1.15751
1.15751
1.15751
1.15751
1.15751
1.15751
1.15751
1.15751
1.15751
1.15751
1.15751
1.15751
1.15751
1.15751
1.15751
1.15751
1.15751
1.15751
1.15751
1.15751
1.15751
1.15751
1.15751
1.15751
1.15751
1.15751
1.15751
1.15751
1.15751
1.15751
1.15751
1.15751
1.15751
1.15751
1.15751
1.15751
1.15751
1.15751
1.15751
1.15751
1.15751
1.15751
1.15751
1.15751
1.15751
1.15751
1.15751
1.15751
1.15751
1.15751
1.15751
1.15751
1.15751
1.15751
1.15751
1.15751
1.15751
1.15751
1.15751
1.15751
1.15751
1.15751
1.15751
1.15751
1.15751
1.15751
1.15751
1.15751
1.15751
1.15751
1.15751
1.15751
1.15751
1.15751
1.15751
1.15751
1.15751
1.15751
1.15751
1.15751
1.15751
1.15751
1.15751
1.15751
1.15751
1.15751
1.15751
1.15751
1.15751
1.15751
1.15751
1.15751
1.15751
1.15751
1.15751
1.15751
1.15751
1.15751
1.15751
1.15751
1.15751
1.15751
1.15751
1.15751
1.15751
1.15751
1.15751
1.15751
1.15751
1.15751
1.15751
1.15751
1.15751
1.15751
1.15751
1.15751
1.15751
1.15751
1.15751
1.15751
1.15751
1.15751
1.15751
1.15751
1.15751
1.15751
1.15751
1.15751
1.15751
1.15751
1.15751
1.15751
1.15751
1.15751
1.15751
1.15751
1.15751
1.15751
1.15751
1.15751
1.15751
1.15751
1.15751
1.15751
1.15751
1.15751
1.15751
1.15751
1.15751
1.15751
1.15751
1.15751
1.15751
1.15751
1.15751
1.15751
1.15751
1.15751
1.15751
1.15751
1.15751
1.15751
1.15751
1.15709
1.15709
1.15709
1.15709
1.15709
1.15709
1.15709
1.15709
1.15709
1.15709
1.15709
1.15709
1.15709
1.15709
1.15709
1.15709
1.15709
1.15709
1.15709
1.15709
1.15709
1.15709
1.15709
1.15709
1.15709
1.15709
1.15709
1.15709
1.15709
1.15709
1.15709
1.15709
1.15709
1.15709
1.15709
1.15709
1.15709
1.15709
1.15709
1.15709
1.15709
1.15709
1.15709
1.15709
1.15709
1.15709
1.15709
1.15709
1.15709
1.15709
1.15709
1.15709
1.15709
1.15709
1.15709
1.15709
1.15709
1.15709
1.15709
1.15709
1.15709
1.15709
1.15709
1.15709
1.15709
1.15709
1.15709
1.15709
1.15709
1.15709
1.15709
1.15709
1.15709
1.15709
1.15709
1.15709
1.15709
1.15709
1.15709
1.15709
1.15709
1.15709
1.15709
1.15709
1.15709
1.15709
1.15709
1.15709
1.15709
1.15709
1.15709
1.15709
1.15709
1.15709
1.15709
1.15709
1.15709
1.15709
1.15709
1.15709
1.15709
1.15709
1.15709
1.15709
1.15709
1.15709
1.15709
1.15709
1.15709
1.15709
1.15709
1.15709
1.15709
1.15709
1.15709
1.15709
1.15709
1.15709
1.15709
1.15709
1.15709
1.15709
1.15709
1.15709
1.15709
1.15709
1.15709
1.15709
1.15709
1.15709
1.15709
1.15709
1.15709
1.15709
1.15709
1.15709
1.15709
1.15709
1.15709
1.15709
1.15709
1.15709
1.15709
1.15709
1.15709
1.15709
1.15709
1.15709
1.15709
1.15709
1.15709
1.15709
1.15709
1.15709
1.15709
1.15709
1.15709
1.15709
1.15709
1.15709
1.15709
1.15709
1.15709
1.15709
1.15709
1.15709
1.15709
1.15709
1.15709
1.15709
1.15709
1.15709
1.15709
1.15709
1.15709
1.15709
1.15709
1.15709
1.15709
1.15709
1.15709
1.15709
1.15709
1.15709
1.15709
1.15709
1.15709
1.15709
1.15709
1.15709
1.15709
1.15709
1.15709
1.15709
1.15709
1.15709
1.15709
1.15709
1.15709
1.15709
1.15709
1.15709
1.15709
1.15709
1.15709
1.15709
1.15709
1.15709
1.15709
1.15709
1.15709
1.15709
1.15709
1.15709
1.15709
1.15709
1.15709
1.15709
1.15709
1.15709
1.15709
1.15709
1.15709
1.15709
1.15709
1.15709
1.15709
1.15709
1.15709
1.15709
1.15709
1.15709
1.15709
1.15709
1.15709
1.15709
1.15709
1.15709
1.15709
1.15709
1.15709
1.15709
1.15709
1.15709
1.15709
1.15709
1.15709
1.15709
1.15709
1.15709
1.15709
1.15709
1.15709
1.15709
1.15709
1.15709
1.15709
1.15709
1.15709
1.15709
1.15709
1.15709
1.15709
1.15709
1.15709
1.15709
1.15709
1.15709
1.15709
1.15709
1.15709
1.15709
1.15709
1.15709
1.15709
1.15709
1.15709
1.15709
1.15709
1.15709
1.15709
1.15709
1.15709
1.15709
1.15709
1.15709
1.15709
1.15709
1.15709
1.15709
1.15709
1.15709
1.15709
1.15709
1.15709
1.15709
1.15709
1.15709
1.15709
1.15709
1.15709
1.15709
1.15709
1.15709
1.15709
1.15709
1.15709
1.15709
1.15709
1.15709
1.15709
1.15709
1.15709
1.15709
1.15709
1.15709
1.15709
1.15709
1.15709
1.15709
1.15709
1.15709
1.15709
1.15709
1.15709
1.15709
1.15709
1.15709
1.15709
1.15709
1.15709
1.15709
1.15709
1.15709
1.15709
1.15709
1.15709
1.15709
1.15709
1.15709
1.15709
1.15709
1.15709
1.15709
1.15709
1.15709
1.15709
1.15709
1.15709
1.15709
1.15709
1.15709
1.15709
1.15709
1.15709
1.15709
1.15709
1.15709
1.15709
1.15709
1.15709
1.15709
1.15709
1.15709
1.15709
1.15709
1.15709
1.15709
1.15709
1.15709
1.15709
1.15709
1.15709
1.15709
1.15709
1.15709
1.15709
1.15709
1.15709
1.15709
1.15709
1.15709
1.15709
1.15709
1.15709
1.15709
1.15709
1.15709
1.15709
1.15709
1.15709
1.15709
1.15709
1.15709
1.15709
1.15709
1.15709
1.15709
1.15709
1.15709
1.15709
1.15709
1.15709
1.15709
1.15709
1.15709
1.15709
1.15709
1.15709
1.15709
1.15709
1.15709
1.15709
1.15709
1.15709
1.15709
1.15709
1.15709
1.15709
1.15709
1.15709
1.15709
1.15709
1.15709
1.15709
1.15709
1.15709
1.15709
1.15709
1.15709
1.15709
1.15709
1.15709
1.15709
1.15709
1.15709
1.15709
1.15709
1.15709
1.15709
1.15709
1.15709
1.15709
1.15709
1.15709
1.15709
1.15709
1.15709
1.15709
1.15709
1.15709
1.15709
1.15709
1.15709
1.15709
1.15709
1.15709
1.15709
1.15709
1.15709
1.15709
1.15709
1.15709
1.15709
1.15709
1.15709
1.15709
1.15709
1.15709
1.15709
1.15709
1.15709
1.15709
1.15709
1.15709
1.15709
1.15709
1.15709
1.15709
1.15709
1.15709
1.15709
1.15709
1.15709
1.15709
1.15709
1.15709
1.15709
1.15709
1.15709
1.15709
1.15709
1.15709
1.15709
1.15709
1.15709
1.15709
1.15709
1.15709
1.15709
1.15709
1.15709
1.15709
1.15709
1.15709
1.15709
1.15709
1.15709
1.15709
1.15709
1.15709
1.15709
1.15709
1.15709
1.15709
1.15709
1.15709
1.15709
1.15709
1.15709
1.15709
1.15709
1.15709
1.15709
1.15709
1.15709
1.15709
1.15709
1.15709
1.15709
1.15709
1.15709
1.15709
1.15709
1.15709
1.15709
1.15709
1.15709
1.15709
1.15709
1.15709
1.15709
1.15709
1.15709
1.15709
1.15709
1.15709
1.15709
1.15709
1.15709
1.15709
1.15709
1.15709
1.15709
1.15709
1.15709
1.15709
1.15709
1.15709
1.15709
1.15709
1.15709
1.15709
1.15709
1.15709
1.15709
1.15709
1.15709
1.15709
1.15709
1.15709
1.15709
1.15709
1.15709
1.15709
1.15709
1.15709
1.15709
1.15709
1.15709
1.15709
1.15709
1.15709
1.15709
1.15709
1.15709
1.15709
1.15709
1.15709
1.15709
1.15709
1.15709
1.15709
1.15709
1.15709
1.15709
1.15709
1.15709
1.15709
1.15709
1.15709
1.15709
1.15709
1.15709
1.15709
1.15709
1.15709
1.15709
1.15709
1.15709
1.15709
1.15709
1.15709
1.15709
1.15709
1.15709
1.15709
1.15709
1.15709
1.15709
1.15709
1.15709
1.15709
1.15709
1.15709
1.15709
1.15709
1.15709
1.15709
1.15709
1.15709
1.15709
1.15709
1.15709
1.15709
1.15709
1.15709
1.15709
1.15709
1.15709
1.15709
1.15709
1.15709
1.15709
1.15709
1.15709
1.15709
1.15709
1.15709
1.15709
1.15709
1.15709
1.15709
1.15709
1.15709
1.15709
1.15709
1.15709
1.15709
1.15709
1.15709
1.15709
1.15709
1.15709
1.15709
1.15709
1.15709
1.15709
1.15709
1.15709
1.15709
1.15709
1.15709
1.15709
1.15709
1.15709
1.15709
1.15709
1.15709
1.15709
1.15709
1.15709
1.15709
1.15709
1.15709
1.15709
1.15709
1.15709
1.15709
1.15709
1.15709
1.15709
1.15709
1.15709
1.15709
1.15709
1.15709
1.15709
1.15709
1.15709
1.15709
1.15709
1.15709
1.15709
1.15709
1.15709
1.15709
1.15709
1.15709
1.15709
1.15709
1.15709
1.15709
1.15709
1.15709
1.15709
1.15709
1.15709
1.15709
1.15709
1.15709
1.15709
1.15709
1.15709
1.15709
1.15709
1.15709
1.15709
1.15709
1.15709
1.15709
1.15709
1.15709
1.15709
1.15709
1.15709
1.15709
1.15709
1.15709
1.15709
1.15709
1.15709
1.15709
1.15709
1.15709
1.15709
1.15709
1.15709
1.15709
1.15709
1.15709
1.15709
1.15709
1.15709
1.15709
1.15709
1.15709
1.15709
1.15709
1.15709
1.15709
1.15709
1.15709
1.15709
1.15709
1.15709
1.15709
1.15709
1.15709
1.15709
1.15709
1.15709
1.15709
1.15709
1.15709
1.15709
1.15709
1.15709
1.15709
1.15709
1.15709
1.15709
1.15709
1.15709
1.15709
1.15709
1.15709
1.15709
1.15709
1.15709
1.15709
1.15709
1.15709
1.15709
1.15709
1.15709
1.15709
1.15709
1.15709
1.15709
1.15709
1.15709
1.15709
1.15709
1.15709
1.15709
1.15709
1.15709
1.15709
1.15709
1.15709
1.15709
1.15709
1.15709
1.15709
1.15709
1.15709
1.15709
1.15709
1.15709
1.15709
1.15709
1.15709
1.15709
1.15709
1.15709
1.15709
1.15709
1.15709
1.15709
1.15709
1.15709
1.15709
1.15709
1.15709
1.15709
1.15709
1.15709
1.15709
1.15709
1.15709
1.15709
1.15709
1.15709
1.15709
1.15709
1.15709
1.15709
1.15709
1.15709
1.15709
1.15709
1.15709
1.15709
1.15709
1.15709
1.15709
1.15709
1.15709
1.15709
1.15709
1.15709
1.15709
1.15709
1.15709
1.15709
1.15709
1.15709
1.15709
1.15709
1.15709
1.15709
1.15709
1.15709
1.15709
1.15709
1.15709
1.15709
1.15709
1.15709
1.15709
1.15709
1.15709
1.15709
1.15709
1.15709
1.15709
1.15709
1.15709
1.15709
1.15709
1.15709
1.15709
1.15709
1.15709
1.15709
1.15709
1.15709
1.15709
1.15709
1.15709
1.15709
1.15709
1.15709
1.15709
1.15709
1.15709
1.15709
1.15709
1.15709
1.15709
1.15709
1.15709
1.15709
1.15702
1.15702
1.15702
1.15702
1.15702
1.15702
1.15702
1.15702
1.15702
1.15702
1.15702
1.15702
1.15702
1.15702
1.15702
1.15702
1.15702
1.15702
1.15702
1.15702
1.15702
1.15702
1.15702
1.15702
1.15702
1.15702
1.15702
1.15702
1.15702
1.15702
1.15702
1.15702
1.15702
1.15702
1.15702
1.15702
1.15702
1.15702
1.15702
1.15702
1.15702
1.15702
1.15702
1.15702
1.15702
1.15702
1.15702
1.15702
1.15702
1.15702
1.15702
1.15702
1.15702
1.15702
1.15702
1.15702
1.15702
1.15702
1.15702
1.15702
1.15702
1.15702
1.15702
1.15702
1.15702
1.15702
1.15702
1.15702
1.15702
1.15702
1.15702
1.15702
1.15702
1.15702
1.15702
1.15702
1.15702
1.15702
1.15702
1.15702
1.15702
1.15702
1.15702
1.15702
1.15702
1.15702
1.15702
1.15702
1.15702
1.15702
1.15702
1.15702
1.15702
1.15702
1.15702
1.15702
1.15702
1.15702
1.15702
1.15702
1.15702
1.15702
1.15702
1.15702
1.15702
1.15702
1.15702
1.15702
1.15702
1.15702
1.15702
1.15702
1.15702
1.15702
1.15702
1.15702
1.15702
1.15702
1.15702
1.15702
1.15702
1.15702
1.15702
1.15702
1.15702
1.15702
1.15702
1.15702
1.15702
1.15702
1.15702
1.15702
1.15702
1.15702
1.15702
1.15702
1.15702
1.15702
1.15702
1.15702
1.15702
1.15702
1.15702
1.15702
1.15702
1.15702
1.15702
1.15702
1.15702
1.15702
1.15702
1.15702
1.15702
1.15702
1.15702
1.15702
1.15702
1.15702
1.15702
1.15702
1.15702
1.15702
1.15702
1.15702
1.15702
1.15702
1.15702
1.15702
1.15702
1.15702
1.15702
1.15702
1.15702
1.15702
1.15702
1.15702
1.15702
1.15702
1.15702
1.15702
1.15702
1.15702
1.15702
1.15702
1.15702
1.15702
1.15702
1.15702
1.15702
1.15702
1.15702
1.15702
1.15702
1.15702
1.15702
1.15702
1.15702
1.15702
1.15702
1.15702
1.15702
1.15702
1.15702
1.15702
1.15702
1.15702
1.15702
1.15702
1.15702
1.15702
1.15702
1.15702
1.15702
1.15702
1.15702
1.15702
1.15702
1.15702
1.15702
1.15702
1.15702
1.15702
1.15702
1.15702
1.15702
1.15702
1.15702
1.15702
1.15702
1.15702
1.15702
1.15702
1.15702
1.15702
1.15702
1.15702
1.15702
1.15702
1.15702
1.15702
1.15702
1.15702
1.15702
1.15702
1.15702
1.15702
1.15702
1.15702
1.15702
1.15702
1.15702
1.15702
1.15702
1.15702
1.15702
1.15702
1.15702
1.15702
1.15702
1.15702
1.15702
1.15702
1.15702
1.15702
1.15702
1.15702
1.15702
1.15702
1.15702
1.15702
1.15702
1.15702
1.15702
1.15702
1.15702
1.15702
1.15702
1.15702
1.15702
1.15702
1.15702
1.15702
1.15702
1.15702
1.15702
1.15702
1.15702
1.15702
1.15702
1.15702
1.15702
1.15702
1.15702
1.15702
1.15702
1.15702
1.15702
1.15702
1.15702
1.15702
1.15702
1.15702
1.15702
1.15702
1.15702
1.15702
1.15702
1.15702
1.15702
1.15702
1.15702
1.15702
1.15702
1.15702
1.15702
1.15702
1.15702
1.15702
1.15702
1.15702
1.15702
1.15702
1.15702
1.15702
1.15702
1.15702
1.15702
1.15702
1.15702
1.15702
1.15702
1.15702
1.15702
1.15702
1.15702
1.15702
1.15702
1.15702
1.15702
1.15702
1.15702
1.15702
1.15702
1.15702
1.15702
1.15702
1.15702
1.15702
1.15702
1.15702
1.15702
1.15702
1.15702
1.15702
1.15702
1.15702
1.15702
1.15702
1.15702
1.15702
1.15702
1.15702
1.15702
1.15702
1.15702
1.15702
1.15702
1.15702
1.15702
1.15702
1.15702
1.15702
1.15702
1.15702
1.15702
1.15702
1.15702
1.15702
1.15702
1.15702
1.15702
1.15702
1.15702
1.15702
1.15702
1.15702
1.15702
1.15702
1.15702
1.15702
1.15702
1.15702
1.15702
1.15702
1.15702
1.15702
1.15702
1.15702
1.15702
1.15702
1.15702
1.15702
1.15702
1.15702
1.15702
1.15702
1.15702
1.15702
1.15702
1.15702
1.15702
1.15702
1.15702
1.15702
1.15702
1.15702
1.15702
1.15702
1.15702
1.15702
1.15702
1.15702
1.15702
1.15702
1.15702
1.15702
1.15702
1.15702
1.15702
1.15702
1.15702
1.15702
1.15702
1.15702
1.15702
1.15702
1.15702
1.15702
1.15702
1.15702
1.15702
1.15702
1.15702
1.15702
1.15702
1.15702
1.15702
1.15702
1.15702
1.15702
1.15702
1.15702
1.15702
1.15702
1.15702
1.15702
1.15702
1.15702
1.15702
1.15702
1.15702
1.15702
1.15702
1.15702
1.15702
1.15702
1.15702
1.15702
1.15702
1.15702
1.15702
1.15702
1.15702
1.15702
1.15702
1.15702
1.15702
1.15702
1.15702
1.15702
1.15702
1.15702
1.15702
1.15702
1.15702
1.15702
1.15702
1.15702
1.15702
1.15702
1.15702
1.15702
1.15702
1.15702
1.15702
1.15702
1.15702
1.15702
1.15702
1.15702
1.15702
1.15702
1.15702
1.15702
1.15702
1.15702
1.15702
1.15702
1.15702
1.15702
1.15702
1.15702
1.15702
1.15702
1.15702
1.15702
1.15702
1.15702
1.15702
1.15702
1.15702
1.15702
1.15702
1.15702
1.15702
1.15702
1.15702
1.15702
1.15702
1.15702
1.15702
1.15702
1.15702
1.15702
1.15702
1.15702
1.15702
1.15702
1.15702
1.15702
1.15702
1.15702
1.15702
1.15702
1.15702
1.15702
1.15702
1.15702
1.15702
1.15702
1.15702
1.15702
1.15702
1.15702
1.15702
1.15702
1.15702
1.15702
1.15702
1.15702
1.15702
1.15702
1.15702
1.15702
1.15702
1.15702
1.15702
1.15702
1.15702
1.15702
1.15702
1.15702
1.15702
1.15702
1.15702
1.15702
1.15702
1.15702
1.15702
1.15702
1.15702
1.15702
1.15702
1.15702
1.15702
1.15702
1.15702
1.15702
1.15702
1.15702
1.15702
1.15702
1.15702
1.15702
1.15702
1.15702
1.15702
1.15702
1.15702
1.15702
1.15702
1.15702
1.15702
1.15702
1.15702
1.15702
1.15702
1.15702
1.15702
1.15702
1.15702
1.15702
1.15702
1.15702
1.15702
1.15702
1.15702
1.15702
1.15702
1.15702
1.15702
1.15702
1.15702
1.15702
1.15702
1.15702
1.15702
1.15702
1.15702
1.15702
1.15702
1.15702
1.15702
1.15702
1.15702
1.15702
1.15702
1.15702
1.15702
1.15702
1.15702
1.15702
1.15702
1.15702
1.15702
1.15702
1.15702
1.15702
1.15702
1.15702
1.15702
1.15702
1.15702
1.15702
1.15702
1.15702
1.15702
1.15702
1.15702
1.15702
1.15702
1.15702
1.15702
1.15702
1.15702
1.15702
1.15702
1.15702
1.15702
1.15702
1.15702
1.15702
1.15702
1.15702
1.15702
1.15702
1.15702
1.15702
1.15702
1.15702
1.15702
1.15702
1.15702
1.15702
1.15702
1.15702
1.15702
1.15702
1.15702
1.15702
1.15702
1.15702
1.15702
1.15702
1.15702
1.15702
1.15702
1.15702
1.15702
1.15702
1.15702
1.15702
1.15702
1.15702
1.15702
1.15702
1.15702
1.15702
1.15702
1.15702
1.15702
1.15702
1.15702
1.15702
1.15702
1.15702
1.15702
1.15702
1.15702
1.15702
1.15702
1.15702
1.15702
1.15702
1.15702
1.15702
1.15702
1.15702
1.15702
1.15702
1.15702
1.15702
1.15702
1.15702
1.15702
1.15702
1.15702
1.15702
1.15702
1.15702
1.15702
1.15702
1.15702
1.15702
1.15702
1.15702
1.15702
1.15702
1.15702
1.15702
1.15702
1.15702
1.15702
1.15702
1.15702
1.15702
1.15702
1.15702
1.15702
1.15702
1.15702
1.15702
1.15702
1.15702
1.15702
1.15702
1.15702
1.15702
1.15702
1.15702
1.15702
1.15702
1.15702
1.15702
1.15702
1.15702
1.15702
1.15702
1.15702
1.15702
1.15702
1.15702
1.15702
1.15702
1.15702
1.15702
1.15702
1.15702
1.15702
1.15702
1.15702
1.15702
1.15702
1.15702
1.15702
1.15702
1.15702
1.15702
1.15702
1.15702
1.15702
1.15702
1.15702
1.15702
1.15702
1.15702
1.15702
1.15702
1.15702
1.15702
1.15702
1.15702
1.15702
1.15702
1.15702
1.15702
1.15702
1.15702
1.15702
1.15702
1.15702
1.15702
1.15702
1.15702
1.15702
1.15702
1.15702
1.15702
1.15702
1.15702
1.15702
1.15702
1.15702
1.15702
1.15702
1.15702
1.15702
1.15702
1.15702
1.15702
1.15702
1.15702
1.15702
1.15702
1.15702
1.15702
1.15702
1.15702
1.15702
1.15702
1.15702
1.15702
1.15702
1.15702
1.15702
1.15702
1.15702
1.15702
1.15702
1.15702
1.15702
1.15702
1.15702
1.15702
1.15702
1.15702
1.15702
1.15702
1.15702
1.15702
1.15702
1.15702
1.15702
1.15702
1.15702
1.15702
1.15702
1.15702
1.15702
1.15702
1.15702
1.15702
1.15702
1.15702
1.15702
1.15702
1.15702
1.15702
1.15702
1.15702
1.15702
1.15702
1.15702
1.15702
1.15702
1.15702
1.15702
1.15702
1.15702
1.15702
1.15702
1.15702
1.15702
1.15702
1.15702
1.15702
1.15702
1.15702
1.15702
1.15702
1.15702
1.15702
1.15702
1.15702
1.15702
1.15702
1.15702
1.15702
1.15702
1.15702
1.15702
1.15702
1.15702
1.15702
1.15702
1.15702
1.15702
1.15702
1.15702
1.15702
1.15702
1.15702
1.15702
1.15702
1.15702
1.15702
1.15702
1.15702
1.15702
1.15702
1.15702
1.15702
1.15702
1.15702
1.15702
1.15702
1.15702
1.15702
1.15702
1.15702
1.15702
1.15702
1.15702
1.15702
1.15702
1.15702
1.15702
1.15702
1.15702
1.15702
1.15702
1.15702
1.15702
1.15702
1.15702
1.15702
1.15702
1.15702
1.15702
1.15702
1.15702
1.15702
1.15702
1.15702
1.15702
1.15702
1.15702
1.15702
1.15702
1.15702
1.15702
1.15702
1.15702
1.15702
1.15702
1.15702
1.15702
1.15702
1.15702
1.15702
1.15702
1.15702
1.15702
1.15702
1.15702
1.15702
1.15702
1.15702
1.15702
1.15702
1.15702
1.15702
1.15702
1.15702
1.15702
1.15702
1.15702
1.15702
1.15702
1.15702
1.15702
1.15702
1.15702
1.15702
1.15702
1.15702
1.15702
1.15702
1.15702
1.15702
1.15702
1.15702
1.15702
1.15702
1.15702
1.15702
1.15702
1.15702
1.15702
1.15702
1.15702
1.15702
1.15702
1.15702
1.15702
1.15702
1.15702
1.15702
1.15702
1.15702
1.15702
1.15702
1.15702
1.15702
1.15702
1.15702
1.15702
1.15702
1.15702
1.15702
1.15702
1.15702
1.15702
1.15702
1.15702
1.15702
1.15702
1.15702
1.15702
1.15702
1.15702
1.15702
1.15702
1.15702
1.15702
1.15702
1.15702
1.15702
1.15702
1.15702
1.15702
1.15702
1.15702
1.15702
1.15702
1.15702
1.15702
1.15702
1.15702
1.15702
1.15702
1.15702
1.15702
1.15702
1.15702
1.15702
1.15702
1.15702
