4.73133
4.52719
4.37146
4.3661
4.18838
4.04663
4.04663
3.77684
3.74219
3.71795
3.59706
3.52356
3.52356
3.35435
3.35435
3.35435
3.35435
3.23063
3.23063
3.19492
3.19492
3.19492
3.16902
3.14108
3.14108
3.12386
3.03301
3.03301
2.99222
2.94033
2.94033
2.91542
2.86696
2.86618
2.85152
2.6065
2.6065
2.6065
2.6065
2.6065
2.59506
2.58704
2.58704
2.58704
2.57706
2.52929
2.49685
2.49685
2.43358
2.43358
2.37235
2.31501
2.28637
2.28637
2.28637
2.25242
2.25242
2.19904
2.19003
2.14667
2.14667
2.14667
2.11857
2.11857
2.04937
2.04937
2.04446
2.02725
2.02725
2.02725
1.99904
1.95397
1.95162
1.95162
1.93493
1.92305
1.91074
1.88639
1.88639
1.78952
1.78952
1.78952
1.78952
1.78952
1.78952
1.74991
1.74991
1.73595
1.73595
1.73419
1.73419
1.73327
1.73327
1.72457
1.72457
1.72457
1.72349
1.71501
1.7121
1.71051
1.70863
1.70863
1.70569
1.69534
1.69346
1.69174
1.68827
1.68133
1.67121
1.67121
1.65604
1.65478
1.64623
1.63766
1.6311
1.6311
1.6311
1.6311
1.63056
1.63056
1.61747
1.61687
1.61687
1.61687
1.61687
1.61687
1.61687
1.60701
1.60054
1.60054
1.59705
1.59276
1.57609
1.57609
1.57609
1.56141
1.56141
1.55587
1.52189
1.50634
1.50634
1.50634
1.4971
1.49504
1.49156
1.48781
1.48812
1.48045
1.47279
1.47279
1.47279
1.4718
1.45509
1.44358
1.44105
1.44105
1.44105
1.43638
1.43638
1.42811
1.42075
1.40287
1.40287
1.40287
1.40287
1.40287
1.39928
1.39928
1.39703
1.39703
1.3963
1.39237
1.39237
1.39237
1.39237
1.39237
1.39237
1.39237
1.37349
1.37349
1.37349
1.37349
1.37349
1.37349
1.37349
1.37349
1.37349
1.37349
1.37349
1.37349
1.37349
1.37349
1.37349
1.37349
1.37349
1.37349
1.37349
1.37349
1.37349
1.37349
1.37349
1.37349
1.37349
1.37349
1.37349
1.37349
1.37349
1.36843
1.36843
1.36616
1.36616
1.36616
1.36616
1.36616
1.36561
1.36561
1.35142
1.34636
1.3409
1.33357
1.33357
1.33357
1.33357
1.33357
1.33357
1.33357
1.33357
1.33357
1.33357
1.33357
1.33357
1.33357
1.33357
1.33357
1.33357
1.32656
1.32656
1.32656
1.32656
1.32656
1.32656
1.32656
1.32656
1.32656
1.32656
1.32656
1.32656
1.32656
1.32656
1.32656
1.32656
1.32656
1.32656
1.32656
1.32656
1.32656
1.32656
1.32656
1.32656
1.28406
1.28406
1.28406
1.28406
1.28406
1.28406
1.28406
1.28406
1.28406
1.28406
1.28406
1.28406
1.28406
1.28406
1.28406
1.28406
1.28406
1.28406
1.28061
1.28061
1.28061
1.28061
1.28061
1.28061
1.28061
1.28061
1.28061
1.28061
1.28061
1.28061
1.28061
1.28061
1.28061
1.28061
1.28061
1.28061
1.28061
1.28061
1.28061
1.28061
1.28061
1.28061
1.28061
1.28061
1.28061
1.28061
1.28061
1.28061
1.28061
1.28061
1.28061
1.28061
1.28061
1.28061
1.28061
1.28061
1.28061
1.28061
1.28061
1.28061
1.28061
1.28061
1.28061
1.28061
1.28061
1.28061
1.28061
1.28061
1.28061
1.28061
1.28061
1.28061
1.28061
1.28061
1.28061
1.28061
1.28061
1.28061
1.28061
1.28061
1.28061
1.28061
1.28061
1.28061
1.28061
1.28061
1.28061
1.28061
1.28061
1.28061
1.28061
1.28061
1.28061
1.28061
1.28061
1.28061
1.28061
1.28061
1.28061
1.28061
1.28061
1.27566
1.27566
1.27566
1.27566
1.27566
1.27566
1.27566
1.27566
1.27566
1.27566
1.27566
1.27566
1.27566
1.27566
1.27566
1.27566
1.27566
1.27566
1.27566
1.27566
1.27566
1.27566
1.27566
1.27566
1.27566
1.27566
1.27566
1.27566
1.27566
1.27149
1.27149
1.27149
1.27149
1.27149
1.27149
1.27149
1.27149
1.27149
1.27149
1.27149
1.27149
1.27149
1.27149
1.27149
1.27149
1.25293
1.22835
1.22835
1.22835
1.22835
1.22835
1.22835
1.22835
1.22835
1.22835
1.22835
1.22835
1.22835
1.22542
1.22542
1.22542
1.22542
1.22542
1.22542
1.22542
1.22542
1.22542
1.22542
1.22542
1.22542
1.22542
1.22542
1.22542
1.22542
1.22542
1.22542
1.22542
1.22542
1.22542
1.22542
1.22542
1.22542
1.22542
1.22542
1.22542
1.22542
1.22542
1.22542
1.22542
1.22542
1.22513
1.22513
1.22513
1.21531
1.21531
1.21531
1.21531
1.21531
1.21531
1.21531
1.21531
1.21531
1.2145
1.2145
1.2145
1.2145
1.2145
1.21291
1.21291
1.21291
1.21291
1.21291
1.21291
1.21291
1.21291
1.21291
1.21291
1.21291
1.21291
1.21291
1.21291
1.21291
1.21291
1.21291
1.21291
1.21291
1.21291
1.21291
1.21291
1.21291
1.21291
1.21291
1.21291
1.21291
1.21291
1.21291
1.21291
1.21291
1.21291
1.21291
1.21291
1.21291
1.21291
1.21291
1.21291
1.21291
1.21291
1.21291
1.21291
1.21291
1.21291
1.21291
1.21291
1.21291
1.21291
1.21291
1.21291
1.21291
1.21291
1.21291
1.21291
1.21291
1.21291
1.21291
1.21291
1.21291
1.21291
1.21291
1.21291
1.21291
1.21291
1.20802
1.20802
1.20802
1.20802
1.20802
1.20802
1.20802
1.20067
1.20067
1.20067
1.20067
1.20067
1.20067
1.20067
1.20067
1.20067
1.20067
1.20067
1.20067
1.20067
1.20067
1.20067
1.20067
1.20067
1.20067
1.20067
1.20067
1.19932
1.19932
1.19932
1.19843
1.19843
1.19843
1.19843
1.19843
1.19843
1.19843
1.19843
1.19843
1.19843
1.19843
1.19843
1.19843
1.19843
1.19843
1.19843
1.19843
1.18108
1.18108
1.18108
1.18108
1.18108
1.1802
1.1802
1.1802
1.1802
1.1802
1.17929
1.17929
1.17929
1.17929
1.17929
1.17929
1.17929
1.17929
1.17929
1.17929
1.17929
1.17929
1.17929
1.17929
1.17929
1.17929
1.17929
1.16159
1.16159
1.16159
1.14612
1.14612
1.14469
1.14469
1.14469
1.14469
1.14469
1.14469
1.14469
1.14469
1.14469
1.14469
1.14469
1.14469
1.14469
1.14469
1.14469
1.14469
1.14469
1.14469
1.14469
1.14469
1.14469
1.14469
1.14469
1.14469
1.14469
1.14469
1.14469
1.14469
1.14469
1.14469
1.14469
1.13595
1.13595
1.13595
1.12977
1.12977
1.12977
1.12977
1.12977
1.12977
1.12977
1.12977
1.12977
1.12977
1.12977
1.12977
1.12977
1.12977
1.12977
1.12977
1.12977
1.12977
1.12977
1.12977
1.12977
1.12977
1.12977
1.12977
1.12977
1.12977
1.12977
1.12977
1.12977
1.12977
1.12977
1.12977
1.12977
1.12977
1.12977
1.12977
1.12977
1.12977
1.12977
1.12977
1.12977
1.12977
1.12977
1.12977
1.12977
1.12977
1.12977
1.12977
1.12977
1.12977
1.12977
1.12977
1.12977
1.12977
1.12977
1.12977
1.12977
1.12977
1.12977
1.12977
1.12977
1.12977
1.12977
1.12977
1.12977
1.12977
1.12977
1.12977
1.12977
1.12977
1.12977
1.12977
1.12977
1.12977
1.12977
1.12977
1.12977
1.12977
1.12977
1.12977
1.12977
1.12977
1.12977
1.12977
1.12977
1.12977
1.12977
1.12977
1.12977
1.12977
1.12977
1.12977
1.12977
1.12977
1.12977
1.12977
1.12977
1.12977
1.12977
1.12977
1.12977
1.12977
1.12977
1.12977
1.12977
1.12977
1.12977
1.12977
1.12977
1.12977
1.12977
1.12977
1.12977
1.12977
1.12977
1.12977
1.12977
1.12977
1.12977
1.12977
1.12977
1.12977
1.12977
1.12977
1.12977
1.12977
1.12977
1.12977
1.12977
1.12977
1.12977
1.12977
1.12977
1.12977
1.12977
1.12977
1.12977
1.12977
1.12977
1.12977
1.12977
1.12977
1.12977
1.12977
1.12977
1.12977
1.12977
1.12977
1.12977
1.12977
1.12977
1.12977
1.12977
1.12977
1.12977
1.12977
1.12977
1.12977
1.12977
1.12977
1.12977
1.12977
1.12977
1.12977
1.12977
1.12977
1.12977
1.12977
1.12977
1.12977
1.12977
1.12977
1.12977
1.12977
1.12977
1.12977
1.12977
1.12977
1.12977
1.12977
1.12977
1.12977
1.12977
1.12977
1.12977
1.12977
1.12977
1.12977
1.12977
1.12977
1.12977
1.12977
1.12977
1.12977
1.12977
1.12977
1.12977
1.12977
1.12977
1.12977
1.12977
1.12977
1.12977
1.12977
1.12977
1.12977
1.12977
1.12977
1.12977
1.12977
1.12977
1.12977
1.12977
1.12977
1.12977
1.12977
1.12977
1.12977
1.12977
1.12977
1.12977
1.12977
1.12977
1.12977
1.12977
1.12977
1.12977
1.12977
1.12977
1.12977
1.12977
1.12977
1.12977
1.12977
1.12977
1.12977
1.12977
1.12977
1.12977
1.12977
1.12977
1.12977
1.12977
1.12977
1.12977
1.12977
1.12977
1.12977
1.12977
1.12977
1.12977
1.12977
1.12977
1.12977
1.12977
1.12977
1.12977
1.12977
1.12977
1.12977
1.12977
1.12977
1.12977
1.12977
1.12977
1.12977
1.12977
1.12977
1.12977
1.12977
1.12977
1.12977
1.12977
1.12977
1.12977
1.12977
1.12977
1.12977
1.12977
1.12977
1.12977
1.12977
1.12977
1.12977
1.12977
1.12977
1.12977
1.12977
1.12977
1.12977
1.12977
1.12977
1.12977
1.12977
1.12977
1.12977
1.12977
1.12977
1.12977
1.12977
1.12977
1.12977
1.12977
1.12977
1.12977
1.12977
1.12977
1.12977
1.12977
1.12977
1.12977
1.12977
1.12977
1.12977
1.12977
1.12977
1.12977
1.12977
1.12977
1.12977
1.12977
1.12977
1.12977
1.12977
1.12977
1.12977
1.12977
1.12977
1.12977
1.12977
1.12977
1.12977
1.12977
1.12977
1.12977
1.12977
1.12977
1.12977
1.12977
1.12977
1.12977
1.12977
1.12977
1.12977
1.12977
1.12977
1.12977
1.12977
1.12977
1.12977
1.12977
1.12977
1.12977
1.12977
1.12977
1.12977
1.12977
1.12977
1.12977
1.12977
1.12977
1.12977
1.12977
1.12977
1.12977
1.12977
1.12977
1.12977
1.12977
1.12977
1.12977
1.12977
1.12977
1.12977
1.12977
1.12977
1.12977
1.12977
1.12977
1.12977
1.12977
1.12977
1.12977
1.12977
1.12977
1.12977
1.12977
1.12977
1.12977
1.12977
1.12977
1.12977
1.12977
1.12977
1.12977
1.12977
1.12977
1.12977
1.12977
1.12977
1.12977
1.12977
1.12977
1.12977
1.12977
1.12977
1.12977
1.12977
1.12977
1.12977
1.12977
1.12977
1.12977
1.12977
1.12977
1.12977
1.12977
1.12977
1.12977
1.12977
1.12977
1.12977
1.12977
1.12977
1.12977
1.12977
1.12977
1.12977
1.12977
1.12977
1.12977
1.12977
1.12977
1.12977
1.12977
1.12977
1.12977
1.12977
1.12977
1.12977
1.12977
1.12977
1.12977
1.12977
1.12977
1.12977
1.12977
1.12977
1.12977
1.12977
1.12977
1.12977
1.12977
1.12977
1.12977
1.12977
1.12977
1.12977
1.12977
1.12977
1.12977
1.12977
1.12977
1.12977
1.12977
1.12977
1.12977
1.12977
1.12977
1.12977
1.12977
1.12977
1.12977
1.12977
1.12977
1.12977
1.12977
1.12977
1.12977
1.12977
1.12977
1.12977
1.12977
1.12977
1.12977
1.12977
1.12977
1.12977
1.12977
1.12977
1.12977
1.12977
1.12977
1.12977
1.12977
1.12977
1.12977
1.12977
1.12977
1.12977
1.12977
1.12977
1.12977
1.12977
1.12977
1.12977
1.12977
1.12977
1.12977
1.12977
1.12977
1.12977
1.12977
1.12977
1.12977
1.12977
1.12977
1.12977
1.12977
1.12977
1.12977
1.12977
1.12977
1.12977
1.12977
1.12977
1.12977
1.12977
1.12977
1.12977
1.12977
1.12977
1.12977
1.12977
1.12977
1.12977
1.12977
1.12977
1.12977
1.12977
1.12977
1.12977
1.12977
1.12977
1.12977
1.12977
1.12977
1.12977
1.12977
1.12977
1.12977
1.12977
1.12977
1.12977
1.12977
1.12977
1.12977
1.12977
1.12977
1.12977
1.12977
1.12977
1.12977
1.12977
1.12977
1.12977
1.12977
1.12977
1.12977
1.12977
1.12977
1.12977
1.12977
1.12977
1.12977
1.12977
1.12977
1.12977
1.12977
1.12977
1.12977
1.12977
1.12977
1.12977
1.12977
1.12977
1.12977
1.12977
1.12977
1.12977
1.12977
1.12977
1.12977
1.12977
1.12977
1.12977
1.12977
1.12977
1.12977
1.12977
