3.34489
3.34489
3.16424
3.0719
2.77326
2.77326
2.73643
2.72632
2.6836
2.68242
2.65593
2.53281
2.51784
2.47664
2.34319
2.32578
2.32578
2.26508
2.21136
2.18542
2.07566
2.04779
2.04779
2.03973
2.0375
2.01187
2.00275
1.94569
1.93976
1.91974
1.87643
1.87643
1.86982
1.85476
1.84964
1.83381
1.80702
1.80136
1.80136
1.76969
1.76537
1.75618
1.75618
1.75618
1.75186
1.7231
1.7231
1.70824
1.71076
1.71076
1.69373
1.69373
1.67632
1.66281
1.66281
1.64516
1.64516
1.64516
1.63166
1.63166
1.61288
1.6106
1.6106
1.6106
1.56118
1.56118
1.56118
1.52055
1.48951
1.48099
1.48099
1.48099
1.46466
1.46466
1.46466
1.46466
1.46466
1.46466
1.46466
1.46466
1.46466
1.46237
1.45386
1.4521
1.44456
1.44456
1.4428
1.4428
1.4428
1.4428
1.43328
1.42398
1.42398
1.41499
1.41499
1.41324
1.41324
1.41324
1.40668
1.39944
1.39769
1.39769
1.39769
1.39769
1.3905
1.3905
1.3905
1.3905
1.3905
1.3905
1.3905
1.3905
1.3905
1.3905
1.3905
1.38508
1.38508
1.38508
1.38508
1.38508
1.38508
1.38508
1.38508
1.38508
1.38508
1.38508
1.38508
1.38508
1.38508
1.37735
1.37735
1.37735
1.37735
1.37735
1.37735
1.37735
1.37735
1.37735
1.37735
1.37735
1.37735
1.37735
1.37735
1.36775
1.36775
1.36775
1.36775
1.36775
1.36775
1.36775
1.36775
1.36525
1.34777
1.34777
1.34777
1.34235
1.34235
1.34235
1.34235
1.34235
1.34235
1.34235
1.34235
1.34235
1.33807
1.33807
1.33807
1.33807
1.33807
1.33807
1.31013
1.31013
1.31013
1.31013
1.31013
1.31013
1.31013
1.31013
1.31013
1.31013
1.31013
1.30779
1.30779
1.30779
1.30445
1.30445
1.30445
1.30445
1.30445
1.30445
1.30244
1.30244
1.30244
1.30244
1.28758
1.28758
1.28557
1.28557
1.28557
1.28557
1.28557
1.28557
1.28557
1.28557
1.28557
1.28557
1.2845
1.2845
1.2845
1.2845
1.2845
1.2845
1.2845
1.2845
1.2845
1.2845
1.2845
1.2845
1.28066
1.28066
1.28066
1.28066
1.28066
1.28066
1.28066
1.28066
1.28066
1.27903
1.27903
1.27903
1.27903
1.27903
1.27903
1.27389
1.27389
1.27389
1.27389
1.27389
1.27389
1.27389
1.27389
1.27389
1.27389
1.27389
1.27389
1.27389
1.27389
1.27389
1.27389
1.27389
1.27389
1.27389
1.27389
1.27389
1.27381
1.27381
1.27381
1.27381
1.27381
1.27381
1.27381
1.27381
1.27381
1.27381
1.27381
1.27381
1.27381
1.27381
1.27381
1.27381
1.27381
1.27381
1.27381
1.27381
1.27381
1.27381
1.27381
1.27381
1.27381
1.27381
1.27381
1.27381
1.27381
1.27381
1.27381
1.27381
1.27381
1.27381
1.27381
1.27381
1.27381
1.27381
1.27381
1.27381
1.27381
1.27381
1.27381
1.27381
1.27381
1.27381
1.27381
1.27381
1.27381
1.27381
1.27381
1.27381
1.27381
1.27381
1.27381
1.27381
1.27381
1.27381
1.27381
1.27381
1.27381
1.27381
1.27381
1.27381
1.27381
1.27381
1.26481
1.26481
1.26481
1.26481
1.26481
1.26481
1.26481
1.26481
1.25996
1.25996
1.25996
1.25996
1.25996
1.25996
1.25996
1.25996
1.25996
1.25996
1.25996
1.25996
1.25996
1.25996
1.25996
1.25996
1.25996
1.25996
1.25996
1.25996
1.25996
1.25996
1.25996
1.25996
1.25996
1.25996
1.25996
1.25996
1.25996
1.25996
1.25996
1.25996
1.25996
1.25996
1.25996
1.25996
1.25996
1.25996
1.25996
1.25996
1.25996
1.25996
1.25996
1.25996
1.25996
1.25996
1.25996
1.25996
1.25996
1.25996
1.25996
1.25996
1.25996
1.25996
1.25996
1.25996
1.25996
1.25996
1.25996
1.25996
1.25996
1.25996
1.25996
1.25996
1.25996
1.25996
1.25996
1.25996
1.25996
1.25996
1.25996
1.25996
1.25996
1.25996
1.25996
1.25996
1.25996
1.25996
1.25996
1.25996
1.25996
1.25996
1.25996
1.25996
1.25996
1.25996
1.25996
1.25996
1.25996
1.25996
1.25996
1.25996
1.25996
1.25996
1.25996
1.25996
1.25996
1.25996
1.25996
1.25996
1.25996
1.25996
1.25996
1.25996
1.25996
1.25996
1.25996
1.25996
1.25996
1.25996
1.25996
1.25996
1.25996
1.25996
1.25996
1.25996
1.25996
1.25996
1.25996
1.25996
1.25996
1.25996
1.25996
1.25996
1.25996
1.25996
1.25996
1.25996
1.25996
1.25996
1.25996
1.25996
1.25996
1.25996
1.25996
1.25996
1.25996
1.25996
1.25996
1.25996
1.25996
1.25996
1.25996
1.25996
1.25996
1.25996
1.25996
1.25996
1.25996
1.25996
1.25996
1.25996
1.25996
1.25996
1.25996
1.25996
1.25996
1.25996
1.25996
1.25996
1.25996
1.25996
1.25996
1.25996
1.25996
1.25996
1.25996
1.25996
1.25996
1.25996
1.25996
1.25996
1.25996
1.25996
1.25996
1.25996
1.25996
1.25996
1.25996
1.25996
1.25996
1.25996
1.25996
1.25996
1.25996
1.25996
1.25996
1.25996
1.25996
1.25996
1.25996
1.25996
1.25996
1.25996
1.25996
1.25996
1.25996
1.25996
1.25996
1.25996
1.25996
1.25996
1.25996
1.25996
1.25996
1.25996
1.25996
1.25996
1.25996
1.25996
1.25996
1.25996
1.25996
1.25996
1.25996
1.25996
1.25996
1.25996
1.25996
1.25996
1.25996
1.25996
1.25996
1.25996
1.25996
1.25996
1.25996
1.25996
1.25996
1.25996
1.25996
1.25996
1.25996
1.25996
1.25996
1.25996
1.25996
1.25996
1.25996
1.25996
1.25996
1.25996
1.25996
1.25996
1.25996
1.25996
1.25996
1.25996
1.25996
1.25996
1.25996
1.25996
1.25996
1.25996
1.25996
1.25996
1.25996
1.25996
1.25996
1.25996
1.25996
1.25996
1.25996
1.25996
1.25996
1.25996
1.25996
1.25996
1.25996
1.25996
1.25996
1.25996
1.25996
1.25996
1.25996
1.25996
1.25996
1.25996
1.25996
1.25996
1.25996
1.25996
1.25996
1.25996
1.25996
1.25996
1.25996
1.25996
1.25996
1.25996
1.25996
1.25996
1.25996
1.25996
1.25996
1.25996
1.25996
1.24385
1.24385
1.24385
1.24385
1.24385
1.24385
1.24385
1.24385
1.24385
1.2414
1.2414
1.2414
1.2414
1.2414
1.2414
1.2414
1.2414
1.2414
1.2414
1.2414
1.2414
1.2414
1.2414
1.2414
1.2414
1.2414
1.2414
1.2414
1.2414
1.2414
1.2414
1.2414
1.2414
1.2414
1.2414
1.2414
1.2414
1.2414
1.2414
1.2414
1.2414
1.2414
1.2414
1.2414
1.2414
1.2414
1.2414
1.2414
1.2414
1.2414
1.2414
1.2414
1.2414
1.2414
1.2414
1.2414
1.2414
1.2414
1.2414
1.2414
1.2414
1.2414
1.2414
1.2414
1.2414
1.2414
1.2414
1.2414
1.23129
1.23129
1.23129
1.23129
1.23129
1.23129
1.23129
1.23129
1.23129
1.23129
1.23129
1.23129
1.23129
1.23129
1.23129
1.23129
1.22701
1.22701
1.22701
1.22701
1.22701
1.22701
1.22701
1.22701
1.22701
1.22701
1.22701
1.22701
1.22701
1.22701
1.22701
1.22701
1.22701
1.22701
1.22701
1.22701
1.22701
1.22701
1.22701
1.22701
1.22701
1.22701
1.22701
1.22701
1.22701
1.22701
1.22701
1.22701
1.22701
1.22701
1.22701
1.22701
1.22701
1.22701
1.22701
1.22701
1.22701
1.22701
1.22701
1.22701
1.22701
1.22129
1.22129
1.22129
1.22129
1.22129
1.20543
1.20543
1.20543
1.20543
1.20543
1.20543
1.20543
1.20543
1.20543
1.20543
1.20543
1.20543
1.20543
1.20543
1.20543
1.20543
1.20543
1.20543
1.20543
1.20543
1.20543
1.20543
1.20543
1.20543
1.20543
1.20543
1.20543
1.20543
1.20543
1.20543
1.20543
1.20543
1.20543
1.20543
1.20543
1.20543
1.20543
1.20543
1.20543
1.20543
1.20543
1.20543
1.20543
1.20543
1.20543
1.20543
1.20543
1.20543
1.20543
1.20543
1.20543
1.20543
1.20543
1.20543
1.20543
1.20543
1.20543
1.20543
1.20543
1.20543
1.20543
1.20543
1.20543
1.20543
1.20543
1.20543
1.20543
1.20543
1.20543
1.20543
1.20543
1.20543
1.20543
1.20543
1.20543
1.20543
1.20543
1.20543
1.20543
1.20543
1.20543
1.20543
1.20543
1.20543
1.20543
1.20543
1.20543
1.20543
1.20543
1.20543
1.20543
1.20543
1.20543
1.20543
1.20543
1.20543
1.20543
1.20543
1.20543
1.20543
1.20543
1.20543
1.20543
1.20543
1.20543
1.20543
1.20543
1.20543
1.20543
1.20543
1.20543
1.20543
1.20543
1.20543
1.20543
1.20543
1.20543
1.20543
1.20543
1.20543
1.20543
1.20543
1.20543
1.20543
1.20543
1.20543
1.20543
1.20543
1.20543
1.20543
1.20543
1.20543
1.20543
1.20543
1.20543
1.20543
1.20543
1.20543
1.20543
1.20543
1.20543
1.20543
1.20543
1.20543
1.20543
1.20543
1.20543
1.20543
1.20543
1.20543
1.20543
1.20543
1.20543
1.20543
1.20543
1.20543
1.20543
1.20543
1.20543
1.20543
1.20543
1.20543
1.20543
1.20543
1.20543
1.20543
1.20543
1.20543
1.20543
1.20543
1.20543
1.20543
1.20373
1.20373
1.20373
1.20373
1.20373
1.20373
1.20373
1.20373
1.20373
1.20373
1.20373
1.20373
1.20373
1.20373
1.20373
1.20373
1.20373
1.20373
1.20373
1.20373
1.20373
1.20373
1.20373
1.20373
1.20373
1.20373
1.20373
1.20373
1.20373
1.20373
1.20373
1.20373
1.20373
1.20373
1.20373
1.20373
1.20373
1.20373
1.20373
1.20373
1.20373
1.20373
1.20373
1.20373
1.20373
1.20373
1.20373
1.20373
1.20373
1.20373
1.20373
1.20373
1.20373
1.20373
1.20373
1.20373
1.20373
1.20373
1.20373
1.20373
1.20373
1.20373
1.20373
1.20373
1.20373
1.20373
1.20373
1.20373
1.20373
1.20373
1.20373
1.20373
1.20373
1.20373
1.20373
1.20373
1.20373
1.19695
1.19695
1.19695
1.19695
1.19695
1.19695
1.19695
1.19695
1.19474
1.19474
1.19474
1.19474
1.19474
1.19474
1.19474
1.19474
1.19474
1.19474
1.19474
1.19474
1.19474
1.19474
1.19474
1.19474
1.19474
1.19474
1.19474
1.19474
1.19474
1.19474
1.19474
1.19474
1.19121
1.19121
1.19121
1.19121
1.19121
1.19121
1.19121
1.19121
1.19121
1.19121
1.19121
1.19121
1.19121
1.19121
1.19121
1.19121
1.19121
1.19121
1.19121
1.19121
1.19121
1.19121
1.19121
1.19121
1.19121
1.19121
1.19005
1.19005
1.19005
1.19005
1.19005
1.19005
1.19005
1.19005
1.19005
1.19005
1.19005
1.19005
1.19005
1.19005
1.19005
1.19005
1.19005
1.19005
1.19005
1.19005
1.19005
1.1846
1.18087
1.18087
1.18087
1.17425
1.16654
1.16654
1.16654
1.16654
1.16654
1.16654
1.16654
1.16654
1.16654
1.16654
1.16654
1.16654
1.16654
1.16654
1.16654
1.16654
1.16654
1.16654
1.16654
1.16654
1.16654
1.16654
1.16654
1.16654
1.16654
1.16654
1.16654
1.16654
1.16654
1.16654
1.16654
1.16654
1.16654
1.16654
1.16654
1.16654
1.16654
1.16654
1.16654
1.16654
1.16654
1.16654
1.16654
1.16654
1.16654
1.16654
1.16654
1.16654
1.16654
1.16654
1.16654
1.16654
1.16654
1.16654
1.16654
1.16654
1.16654
1.16654
1.16654
1.16654
1.16654
1.16654
1.16654
1.16654
1.16654
1.16654
1.16654
1.16654
1.16654
1.16654
1.16654
1.16654
1.16654
1.1659
1.16389
1.16389
1.16389
1.16389
1.16389
1.16389
1.16389
1.16389
1.16389
1.16389
1.16389
1.16389
1.16389
1.16389
1.16389
1.16389
1.16389
1.16389
1.16389
1.16389
1.16389
1.16389
1.16389
1.16389
1.16389
1.16389
1.16389
1.16389
1.16389
1.16389
1.16389
1.14026
1.14026
1.14026
1.13825
1.13825
1.13825
1.13825
1.13825
1.13825
1.13825
1.13825
1.13825
1.13825
1.13825
1.13825
1.13825
1.13825
1.13825
1.13825
1.13825
1.13825
1.13825
1.13825
1.13825
1.13825
1.13825
1.13825
1.13825
1.13825
1.13825
1.13825
1.13825
1.13825
1.13825
1.13825
1.13825
1.13734
1.13734
1.13734
1.13734
1.13734
1.13734
1.13734
1.13734
1.13734
1.13734
1.13734
1.13734
1.13734
1.13734
1.13734
1.13734
1.13734
1.13734
1.13734
1.13734
1.13734
1.13734
1.13734
1.13734
1.13734
1.13734
1.13734
1.13734
1.13734
1.13734
1.13734
1.13734
1.13734
1.13734
1.13734
1.13734
1.13734
1.13734
1.13734
1.13734
1.13734
1.13734
1.13734
1.13734
1.13734
1.13734
1.13734
1.13734
1.13734
1.13734
1.13734
1.13734
1.13734
1.13734
1.13734
1.13734
1.13734
1.13734
1.13734
1.13734
1.13734
1.13734
1.13734
1.13734
1.13734
1.13734
1.13734
1.13734
1.13734
1.13734
1.13734
1.13734
1.13734
1.13734
1.13734
1.13734
1.13734
1.13734
1.13734
1.13734
1.13734
1.13734
1.13734
1.13734
1.13734
1.13734
1.13734
1.13734
1.13734
1.13734
1.13734
1.13734
1.13734
1.13734
1.13734
1.13734
1.13734
1.13734
1.13734
1.13734
1.13734
1.13734
1.13734
1.13734
1.13734
1.13734
1.13734
1.13734
1.13734
1.13618
1.13618
1.13618
1.13618
1.13618
1.13618
1.13618
1.13618
1.13618
1.13618
1.13618
1.13618
1.13618
1.13618
1.13618
1.13618
1.13618
1.13618
1.13618
1.13618
1.13618
1.13618
1.13618
1.13618
1.13618
1.13618
1.13618
1.13618
1.13618
1.13618
1.13618
1.13618
1.13618
1.1307
1.12955
1.12955
1.12955
1.12955
1.12955
1.12955
1.12955
1.12955
1.12955
1.12955
1.12955
1.12955
1.12955
1.12955
1.12955
1.12955
1.12955
1.12955
1.12955
1.12955
1.12955
1.12955
1.12955
1.12955
1.12955
1.12955
1.12955
1.12955
1.12955
1.12955
1.12955
1.12955
1.12602
1.12602
1.12602
1.12602
1.12602
1.12602
1.12602
1.12602
1.12602
1.12602
1.12602
1.12602
1.12602
1.12602
1.12602
1.12602
1.12602
1.12602
1.12602
1.12602
1.12602
1.12602
1.12602
1.12602
1.12602
1.12602
1.12602
1.12602
1.12602
1.12602
1.12602
1.12602
1.12602
1.12602
1.12602
1.12602
1.12602
1.12602
1.12602
1.12602
1.12602
1.12602
1.12602
1.12602
1.11451
1.11451
1.11451
1.11451
1.11451
1.11451
1.11451
1.11451
1.11451
1.11451
1.11451
1.11451
1.11451
1.11451
1.11451
1.11451
1.11451
1.11138
1.11138
1.11138
1.11138
1.11022
1.11022
1.11022
1.11022
1.11022
1.11022
1.11022
1.11022
1.11022
1.11022
1.11022
1.11022
1.11022
1.11022
1.11022
1.11022
1.11022
1.11022
1.11022
1.11022
1.11022
1.11022
1.11022
1.11022
1.11022
1.11022
1.11022
1.11022
1.11022
1.11022
1.11022
1.11022
1.11022
1.11022
1.11022
1.11022
1.11022
1.11022
1.11022
1.11022
1.11022
1.11022
1.11022
1.11022
1.11022
1.11022
1.11022
1.11022
1.11022
1.11022
1.11022
1.11022
1.11022
1.11022
1.11022
1.11022
1.11022
1.11022
1.11022
1.11022
1.11022
1.11022
1.11022
1.11022
1.11022
1.11022
1.11022
1.11022
1.11022
1.11022
1.11022
1.11022
1.11022
1.11022
1.11022
1.11022
1.11022
1.11022
1.11022
1.11022
1.11022
1.11022
1.11022
1.11022
1.11022
1.11022
1.11022
1.11022
1.11022
1.11022
1.11022
1.11022
1.11022
1.11022
1.11022
1.11022
1.11022
1.11022
1.11022
1.11022
1.11022
1.11022
1.11022
1.11022
1.11022
1.11022
1.11022
1.11022
1.11022
1.11022
1.11022
1.11022
1.11022
1.11022
1.11022
1.11022
1.11022
1.11022
1.11022
1.11022
1.11022
1.11022
1.11022
1.11022
1.11022
1.11022
1.11022
1.11022
1.11022
1.11022
1.11022
1.11022
1.11022
1.11022
1.11022
1.11022
1.11022
1.11022
1.11022
1.11022
1.11022
1.11022
1.11022
1.11022
1.11022
1.11022
1.11022
1.11022
1.11022
1.11022
1.11022
1.11022
1.11022
1.11022
1.11022
1.11022
1.11022
1.11022
1.11022
1.11022
1.11022
1.11022
1.11022
1.11022
1.11022
1.11022
1.11022
1.11022
1.11022
1.11022
1.11022
1.11022
1.11022
1.11022
1.11022
1.11022
1.11022
1.11022
1.11022
1.11022
1.11022
1.11022
1.11022
1.11022
1.11022
1.11022
1.11022
1.11022
1.11022
1.11022
1.11022
1.1063
1.1063
1.1063
1.1063
1.10514
1.10514
1.10514
1.10514
1.10514
1.10514
1.10514
1.10514
1.10514
1.10514
1.10514
1.10514
1.10514
1.10514
1.10514
1.10514
1.10514
1.10514
1.10514
1.10514
1.10514
1.10514
1.10514
1.10514
1.10514
1.10514
1.10514
1.10514
1.10514
1.10514
1.10514
1.10514
1.10514
1.10514
1.10514
1.10514
1.10514
1.10514
1.10514
1.10514
1.10514
1.10514
1.10514
1.10264
1.10264
1.10148
1.08282
1.08282
1.08282
1.08282
1.08282
1.08282
1.08282
1.08282
1.08282
1.08282
1.08282
1.08282
1.08282
1.08282
1.08282
1.08282
1.08282
1.08282
1.08282
1.08282
1.08282
1.08282
1.08282
1.08282
1.08282
1.08282
1.08282
1.08282
1.08282
1.08282
1.08282
1.08282
1.08282
1.08282
1.08282
1.08282
1.08282
1.08282
1.08282
1.08282
1.08282
1.08282
1.08282
1.08282
1.08282
1.08282
1.08282
1.08282
1.08282
1.08282
1.08282
1.08282
1.08282
1.08282
1.08282
1.08282
1.08282
1.08282
1.08282
1.08282
1.08282
1.08282
1.08282
1.08282
1.08282
1.08282
1.08282
1.08282
1.08282
1.08282
1.08282
1.08282
1.08282
1.08282
1.08282
1.08282
1.08282
1.08282
1.08282
1.08282
1.08282
1.08282
1.08282
1.08282
1.08282
1.08282
1.08282
1.08282
1.08282
1.08282
1.08282
1.08282
1.08282
1.08282
1.08282
1.08282
1.08282
1.08282
1.08282
1.08282
1.08282
1.08282
1.08282
1.08282
1.08282
1.08282
1.08282
1.08282
1.08282
1.08282
1.08282
1.08282
1.08282
1.08282
1.08282
1.08282
1.08282
1.08282
1.08282
1.08282
1.08282
1.08282
1.08282
1.08282
1.08282
1.08282
1.08282
1.08282
1.08282
1.08282
1.08282
1.08282
1.08282
1.08282
1.08282
1.08282
1.08282
1.08282
1.08282
1.08282
1.08282
1.08282
1.08282
1.08282
1.08282
1.08282
1.08282
1.08282
1.08282
1.08282
1.08282
1.08282
1.08282
1.08282
1.08282
1.08282
1.08282
1.08282
1.08282
1.08282
1.08282
1.08282
1.08282
1.08282
1.08282
1.08282
1.08282
1.08282
1.08282
1.08282
1.08282
1.08282
1.08282
1.08282
1.08282
1.08282
1.08282
1.08282
1.08282
1.08282
1.08282
1.08282
1.08282
1.08282
1.08282
1.08282
1.08282
1.08282
1.08282
1.08282
1.08282
1.08282
1.08282
1.08282
1.08282
1.08282
1.08282
1.08282
1.08282
1.08282
1.08282
1.08282
1.08282
1.08282
1.08282
1.08282
1.08282
1.08282
1.08282
1.08282
1.08282
1.08282
1.08282
1.08282
1.08282
1.08282
1.08282
1.08282
1.08282
1.08282
1.08282
1.08282
1.08282
1.08282
1.08282
1.08282
1.08282
1.08282
1.08282
1.08282
1.08282
1.08282
1.08282
1.08282
1.08282
1.08282
1.08282
1.08282
1.08282
1.08282
1.08282
1.08282
1.08282
1.08282
1.08282
1.08282
1.08282
1.08282
1.08282
1.08282
1.08282
1.08282
1.08282
1.08282
1.08282
1.08282
1.08282
1.08282
1.08282
1.08282
1.08282
1.08282
1.08282
1.08282
1.08282
1.08282
1.08282
1.08282
1.08282
1.08282
1.08282
1.08282
1.08282
1.08282
1.08282
1.08282
1.08282
1.08282
1.08282
1.08282
1.08282
1.08282
1.08282
1.08282
1.08282
1.08282
1.08282
1.08282
1.08282
1.08282
1.08282
1.08282
1.08282
1.08282
1.08282
1.08282
1.08282
1.08282
1.08282
1.08282
1.08282
1.08282
1.08282
1.08282
1.08282
1.08282
1.08282
1.08282
1.08282
1.08282
1.08282
1.08282
1.08282
1.08282
1.08282
1.08282
1.08282
1.08282
1.08282
1.08282
1.08282
1.08282
1.08282
1.08282
1.08282
1.08282
1.08282
1.08282
1.08282
1.08282
1.08282
1.08282
1.08282
1.08282
1.08282
1.08282
1.08282
1.08282
1.08282
1.08282
1.08282
1.08282
1.08282
1.08282
1.08282
1.08282
1.08282
1.08282
1.08282
1.08282
1.08282
1.08282
1.08282
1.08282
1.08282
1.08282
1.08282
1.08282
1.08282
1.08282
1.08282
1.08282
1.08282
1.08282
1.08282
1.08282
1.08282
1.08282
1.08282
1.08282
1.08282
1.08282
1.08282
1.08282
1.08282
1.08282
1.08282
1.08282
1.08282
1.08282
1.08282
1.08282
1.08282
1.08282
1.08282
1.08282
1.08282
1.08282
1.08282
1.08282
1.08282
1.08282
1.08282
1.08282
1.08282
1.08282
1.08282
1.08282
1.08282
1.08282
1.08282
1.08282
1.08282
1.08282
1.08282
1.08282
1.08282
1.08282
1.08282
1.08282
1.08282
1.08282
1.08282
1.08282
1.08282
1.08282
1.08282
1.08282
1.08282
1.08282
1.08282
1.08282
1.08282
1.08282
1.08282
1.08282
1.08282
1.08282
1.08282
1.08282
1.08282
1.08282
1.08282
1.08282
1.08282
1.08282
1.08282
1.08282
1.08282
1.08282
1.08282
1.08282
1.08282
1.08282
1.08282
1.08282
1.08282
1.08282
1.08282
1.08282
1.08282
1.08282
1.08282
1.08282
1.08282
1.08282
1.08282
1.08282
1.08282
1.08282
1.08282
1.08282
1.08282
1.08282
1.08282
1.08282
1.08282
1.08282
1.08282
1.08282
1.08282
1.08282
1.08282
1.08282
1.08282
1.08282
1.08282
1.08282
1.08282
1.08282
1.08282
1.08282
1.08282
1.06538
1.06538
1.06538
1.06423
1.06423
1.06423
1.06423
1.06423
1.06423
1.06423
1.06423
1.06423
1.06423
1.06423
1.06423
1.06423
1.06423
1.06423
1.06423
1.06423
1.06423
1.06423
1.06423
1.06423
1.06423
1.06423
1.06423
1.06423
1.06423
1.06423
1.06423
1.06423
1.06423
1.06423
1.06423
1.06423
1.06423
1.06423
1.06423
1.06423
1.06423
1.06423
1.06423
1.06423
1.06423
1.06423
1.06423
1.06423
1.06423
1.06423
1.06423
1.06423
1.06423
1.06423
1.06423
1.06423
1.06362
1.06362
1.06362
1.06362
1.06362
1.06362
1.06362
1.06362
1.06362
1.06362
1.06362
1.06362
1.06362
1.06362
1.06362
1.06362
1.06362
1.06362
1.06362
1.06362
1.06362
1.06362
1.06362
1.06362
1.06362
1.06362
1.06362
1.06362
1.06362
1.06362
1.06362
1.06362
1.06362
1.06362
1.06362
1.06362
1.06362
1.06362
1.06362
1.06362
1.06362
1.06362
1.06362
1.06362
1.06362
1.06362
1.06362
1.06362
1.06362
1.06362
1.06362
1.06362
1.06362
1.06362
1.06362
1.06362
1.06362
1.06362
1.06362
1.06362
1.06362
1.06362
1.06362
1.06362
1.06362
1.06362
1.06362
1.06362
1.06362
1.06362
1.06362
1.06362
1.06362
1.06362
1.06362
1.06362
1.06362
1.06362
1.06362
1.06362
1.06362
1.06362
1.06362
1.06362
1.06362
1.06362
1.06362
1.06362
1.06362
1.06362
1.06362
1.06362
1.06362
1.06362
1.06362
1.06362
1.06362
1.06362
1.06362
1.06362
1.06362
1.06362
1.06362
1.06362
1.06362
1.06362
1.06362
1.06362
1.06362
1.06362
1.06362
1.06362
1.06362
1.06362
1.06362
1.06362
1.06362
1.06362
1.06362
1.06362
1.06362
1.06362
1.06362
1.06362
1.06362
1.06362
1.06362
1.06362
1.06362
1.06362
1.06362
1.06362
1.06362
1.06362
1.06362
1.06362
1.06362
1.06362
1.06362
1.06362
1.06362
1.06362
1.06362
1.06362
1.06362
1.06362
1.06362
1.06362
1.06362
1.06362
1.06362
1.06362
1.06362
1.06362
1.06362
1.06362
1.06362
1.06362
1.06362
1.06362
1.06362
1.06362
1.06362
1.06362
1.06362
1.06362
1.06362
1.06362
1.06362
1.06362
1.06362
1.06362
1.06362
1.06362
1.06362
1.06362
1.06362
1.06362
1.06362
1.06362
1.06362
1.06362
1.06362
1.06362
1.06362
1.06362
1.06362
1.06362
1.06362
1.06362
1.06362
1.06362
1.06362
1.06362
1.06362
1.06362
1.06362
1.06362
1.06362
1.06362
1.06362
1.06362
1.06362
1.06362
1.06362
1.06362
1.06362
1.06362
1.06362
1.06362
1.06362
1.06362
1.06362
1.06362
1.06362
1.06362
1.06362
1.06362
1.06362
1.06362
1.06362
1.06362
1.06362
1.06362
1.06362
1.06362
1.06362
1.06362
1.06362
1.06362
1.06362
1.06362
1.06362
1.06362
1.06362
1.06362
1.06362
1.06362
1.06362
1.06362
1.06362
1.06362
1.06362
1.06362
1.06362
1.06362
1.06362
1.06362
1.06362
1.06362
1.06362
1.06362
1.06362
1.06362
1.06362
1.06362
1.06362
1.06362
1.06362
1.06362
1.06362
1.06362
1.06362
1.06362
1.06362
1.06362
1.06362
1.06362
1.06362
1.06362
1.06362
1.06362
1.06362
1.06362
1.06362
1.06362
1.06362
1.06362
1.06362
1.06362
1.06362
1.06362
1.06362
1.06362
1.06362
1.06362
1.06362
1.06362
1.06362
1.06362
1.06362
1.06362
1.06362
1.06362
1.06362
1.06362
1.06362
1.06362
1.06362
1.06362
1.06362
1.06362
1.06362
1.06362
1.06362
1.06362
1.06362
1.06362
1.06362
1.06362
1.06362
1.06362
1.06362
1.06362
1.06362
1.06362
1.06362
1.06362
1.06362
1.06362
1.06362
1.06362
1.06362
1.06362
1.06362
1.06362
1.06362
1.06362
1.06362
1.06362
1.06362
1.06362
1.06362
1.06362
1.06362
1.06362
1.06362
1.06362
1.06362
1.06362
1.06362
1.06362
1.06362
1.06362
1.06362
1.06362
1.06362
1.06362
1.06362
1.06362
1.06362
1.06362
1.06362
1.06362
1.06362
1.06362
1.06362
1.06362
1.06362
1.06362
1.06362
1.06362
1.06362
1.06362
1.06362
1.06362
1.06362
1.06362
1.06362
1.06362
1.06362
1.06362
1.06362
1.06362
1.06362
1.06362
1.06362
1.06362
1.06362
1.06362
1.06362
1.06362
1.06362
1.06362
1.06362
1.06362
1.06362
1.06362
1.06362
1.06362
1.06362
1.06362
1.06362
1.06362
1.06362
1.06362
1.06362
1.06362
1.06362
1.06362
1.06362
1.06362
1.06362
1.06362
1.06362
1.06362
1.06362
1.06362
1.06362
1.06362
1.06362
1.06362
1.06362
1.06362
1.06362
1.06362
1.06362
1.06362
1.06362
1.06362
1.06362
1.06362
1.06362
1.06362
1.06362
1.06362
1.06362
1.06362
1.06362
1.06362
1.06362
1.06362
1.06362
1.06362
1.06362
1.06362
1.06362
1.06362
1.06362
1.06362
1.06362
1.06362
1.06362
1.06362
1.06362
1.06362
1.06362
1.06362
1.06362
1.06362
1.06362
1.06362
1.06362
1.06362
1.06362
1.06362
1.06362
1.06362
1.06362
1.06362
1.06362
1.06362
1.06362
1.06362
1.06362
1.06362
1.06362
1.06362
1.06362
1.06362
1.06362
1.06362
1.06362
1.06362
1.06362
1.06362
1.06362
1.06362
1.06362
1.06362
1.06362
1.06362
1.06362
1.06362
1.06362
1.06362
1.06362
1.06362
1.06362
1.06362
1.06362
1.06362
1.06362
1.06362
1.05609
1.05609
1.05609
1.05609
1.05609
1.05609
1.05609
1.05609
1.05609
1.05609
1.05609
1.05609
1.05609
1.05609
1.05609
1.05609
1.05609
1.05609
1.05609
1.05609
1.05609
1.05609
1.05609
1.05609
1.05609
1.05609
1.05609
1.05609
1.05609
1.05609
1.05609
1.05609
1.05609
1.05609
1.05609
1.05609
1.05609
1.05609
1.05609
1.05609
1.05609
1.05609
1.05609
1.05609
1.05609
1.05609
1.05609
1.05609
1.05609
1.05609
1.05609
1.05609
1.05609
1.05609
1.05609
1.05609
1.05609
1.05609
1.05609
1.05609
1.05609
1.05609
1.05609
1.05609
1.04813
1.04813
1.04813
1.04813
1.04813
1.04813
1.04813
1.04813
1.04813
1.04813
1.04813
1.04813
1.04813
1.04813
1.04813
1.04813
1.04813
1.04813
1.04813
1.04813
1.04813
1.04813
1.04813
1.04813
1.04813
1.04813
1.04813
1.04813
1.04813
1.04813
1.04813
1.04813
1.04813
1.04813
1.04813
1.04813
1.04813
1.04813
1.04813
1.04813
1.04813
1.04813
1.04813
1.04813
1.04813
1.04813
1.04813
1.04813
1.04813
1.04813
1.04813
1.04813
1.04813
1.04813
1.04813
1.04813
1.04813
1.04813
1.04813
1.04813
1.04813
1.04813
1.04813
1.04813
1.04813
1.04813
1.04813
1.04813
1.04813
1.04813
1.04813
1.04813
1.04813
1.04813
1.04813
1.04813
1.04813
1.04813
1.04813
1.04813
1.04813
1.04813
1.04813
1.04813
1.04813
1.04813
1.04813
1.04813
1.04813
1.04813
1.04813
1.04813
1.04813
1.04813
1.04813
1.04813
1.04813
1.04813
1.04813
1.04813
1.04813
1.04813
1.04813
1.04813
1.04813
1.04813
1.04813
1.04813
1.04813
1.04813
1.04813
1.04813
1.04813
1.04813
1.04813
1.04813
1.04813
1.04813
1.04813
1.04813
1.04813
1.04813
1.04813
1.04813
1.04813
1.04813
1.04813
1.04813
1.04813
1.04813
1.04813
1.04813
1.04813
1.04813
1.04813
1.04813
1.04813
1.04813
1.04813
1.04813
1.04813
1.04813
1.04813
1.04813
1.04813
1.04813
1.04813
1.04813
1.04813
1.04813
1.04813
1.04813
1.04813
1.04813
1.04813
1.04813
1.04813
1.04813
1.04813
1.04813
1.04813
1.04813
1.04813
1.04813
1.04813
1.04813
1.04813
1.04813
1.04813
1.04813
1.04813
1.04813
1.04813
1.04813
1.04813
1.04813
1.04582
1.04582
1.04582
1.04582
1.04582
1.04582
1.04582
1.04582
1.04582
1.04582
1.04582
1.04582
1.04582
1.04582
1.04582
1.04582
1.04582
1.04582
1.04582
1.04582
1.04582
1.04582
1.04582
1.04582
1.04582
1.04582
1.04582
1.04582
1.04582
1.04582
1.04582
1.04582
1.04582
1.04582
1.04582
1.04582
1.04582
1.04582
1.04582
1.04582
1.04582
1.04582
1.04582
1.04582
1.04582
1.04582
1.04582
1.04582
1.04582
1.04582
1.04582
1.04582
1.04582
1.04582
1.04582
1.04582
1.04582
1.04582
1.04582
1.04582
1.04582
1.04582
1.04582
1.04582
1.04582
1.04582
1.04582
1.04582
1.04582
1.04582
1.04582
1.04582
1.04582
1.04582
1.04582
1.04582
1.04582
1.04582
1.04582
1.04582
1.04582
1.04582
1.04582
1.04582
1.04582
1.04582
1.04582
1.04582
1.04582
1.04582
1.04582
1.04582
1.04582
1.04582
1.04582
1.04582
1.04582
1.04582
1.04582
1.04582
1.04582
1.04582
1.04582
1.04582
1.04582
1.04582
1.04582
1.04582
1.04582
1.04582
1.04582
1.04582
1.04582
1.04582
1.04582
1.04582
1.04582
1.04582
1.04582
1.04582
1.04582
1.04582
1.04582
1.04582
1.04582
1.04582
1.04582
1.04582
1.04582
1.04582
1.04582
1.04582
1.04582
1.04582
1.04582
1.04582
1.04582
1.04582
1.04582
1.04582
1.04582
1.04582
1.04582
1.04582
1.04582
1.04582
1.04582
1.04582
1.04582
1.04582
1.04582
1.04582
1.04582
1.04582
1.04582
1.04582
1.04582
1.04582
1.04582
1.04582
1.04582
1.04582
1.04582
1.04582
1.04582
1.04582
1.04582
1.04582
1.04582
1.04582
1.04582
1.04582
1.04582
1.04582
1.04582
1.04582
1.04582
1.04582
1.04582
1.04582
1.04582
1.04582
1.04582
1.04582
1.04582
1.04582
1.04582
1.04582
1.04582
1.04582
1.04582
1.04582
1.04582
1.04582
1.04582
1.04582
1.04582
1.04582
1.04582
1.04582
1.04582
1.04582
1.04582
1.04582
1.04582
1.04582
1.04582
1.04582
1.04582
1.04582
1.04582
1.04582
1.04582
1.04582
1.04582
1.04582
1.04582
1.04582
1.04582
1.04582
1.04582
1.04582
1.04582
1.04582
1.04582
1.04582
1.04582
1.04582
1.04582
1.04582
1.04582
1.04582
1.04582
1.04582
1.04582
1.04582
1.04582
1.04582
1.04582
1.04582
1.04582
1.04582
1.04582
1.04582
1.04582
1.04582
1.04582
1.04582
1.04582
1.04582
1.04582
1.04582
1.04582
1.04582
1.04582
1.04582
1.04582
1.04582
1.04582
1.04582
1.04582
1.04582
1.04582
1.04582
1.04582
1.04582
1.04582
1.04582
1.04582
1.04582
1.04582
1.04582
1.04582
1.04582
1.04582
1.04582
1.04582
1.04582
1.04582
1.04582
1.04582
1.04582
1.04582
1.04582
1.04582
1.04582
1.04582
1.04582
1.04582
1.04582
1.04582
1.04582
1.04582
1.04582
1.04582
1.04582
1.04582
1.04582
1.04582
1.04582
1.04582
1.04582
1.04582
1.04582
1.04582
1.04582
1.04582
1.04582
1.04582
1.04582
1.04582
1.04582
1.04582
1.04582
1.04582
1.04582
1.04582
1.04582
1.04582
1.04582
1.04582
1.04582
1.04582
1.04582
1.04582
1.04582
1.04582
1.04582
1.04582
1.04582
1.04582
1.04582
1.04582
1.04582
1.04582
1.04582
1.04582
1.04582
1.04582
1.04582
1.04582
1.04582
1.04582
1.04582
1.04582
1.04582
1.04582
1.04582
1.04582
1.04582
1.04582
1.04582
1.04582
1.04582
1.04582
1.04582
1.04582
1.04582
1.04582
1.04582
1.04582
1.04582
1.04582
1.04582
1.04582
1.04582
1.04582
1.04582
1.04582
1.04582
1.04582
1.04582
1.04582
1.04582
1.04582
1.04582
1.04582
1.04582
1.04582
1.04582
1.04582
1.04582
1.04582
1.04582
1.04582
1.04582
1.04582
1.04582
1.04582
1.04582
1.04582
1.04582
1.04582
1.04582
1.04582
1.04582
1.04582
1.04582
1.04582
1.04582
1.04582
1.04582
1.04582
1.04582
1.04582
1.04582
1.04582
1.04582
1.04582
1.04582
1.04582
1.04582
1.04582
1.04582
1.04582
1.04582
1.04582
1.04582
1.04582
1.04582
1.04582
1.04582
1.04582
1.04582
1.04582
1.04582
1.04582
1.04582
1.04582
1.04582
1.04582
1.04582
1.04582
1.04582
1.04582
1.04582
1.04582
1.04582
1.04582
1.04582
1.04582
1.04582
1.04582
1.04582
1.04582
1.04582
1.04582
1.04582
1.04582
1.04582
1.04582
1.04582
1.04582
1.04582
1.04582
1.04582
1.04582
1.04582
1.04582
1.04582
1.04582
1.04582
1.04582
1.04582
1.04582
1.04582
1.04582
1.04582
1.04582
1.04582
1.04582
1.04582
1.04582
1.04582
1.04582
1.04582
1.04582
1.04582
1.04582
1.04582
1.04582
1.04582
1.04582
1.04582
1.04582
1.04582
1.04582
1.04582
1.04582
1.04582
1.04582
1.04582
1.04582
1.04582
1.04582
1.04582
1.04582
1.04582
1.04582
1.04582
1.04582
1.04582
1.04582
1.04582
1.04582
1.04582
1.04582
1.04582
1.04582
1.04582
1.04582
1.04582
1.04582
1.04582
1.04582
1.04582
1.04582
1.04582
1.04582
1.04582
1.04582
1.04582
1.04582
1.04582
1.04582
1.04582
1.04582
1.04582
1.04582
1.04582
1.04582
1.04582
1.04582
1.04582
1.04582
1.04582
1.04582
1.04582
1.04582
1.04582
1.04582
1.04582
1.04582
1.04582
1.04582
1.04582
1.04582
1.04582
1.04582
1.04582
1.04582
1.04582
1.04582
1.04582
1.04582
1.04582
1.04582
1.04582
1.04582
1.04582
1.04582
1.04582
1.04582
1.04582
1.04582
1.04582
1.04582
1.04582
1.04582
1.04582
1.04582
1.04582
1.04582
1.04582
1.04582
1.04582
1.04582
1.04582
1.04582
1.04582
1.04582
1.04582
1.04582
1.04582
1.04582
1.04582
1.04582
1.04582
1.04582
1.04582
1.04582
1.04582
1.04582
1.04582
1.04582
1.04582
1.04582
1.04582
1.04582
1.04582
1.04582
1.04582
1.04582
1.04582
1.04582
1.04582
1.04582
1.04582
1.04582
1.04582
1.04582
1.04582
1.04582
1.04582
1.04582
1.04582
1.04582
1.04582
1.04582
1.04582
1.04582
1.04582
1.04582
1.04582
1.04582
1.04582
1.04582
1.04582
1.04582
1.04582
1.04582
1.04582
1.04582
1.04582
1.04582
1.04582
1.04582
1.04582
1.04582
1.04582
1.04582
1.04582
1.04582
1.04582
1.04582
1.04582
1.04582
1.04582
1.04582
1.04582
1.04582
1.04582
1.04582
1.04582
1.04582
1.04582
1.04582
1.04582
1.04582
1.04582
1.04582
1.04582
1.04582
1.04582
1.04582
1.04582
1.04582
1.04582
1.04582
1.04582
1.04582
1.04582
1.04582
1.04582
1.04582
1.04582
1.04582
1.04582
1.04582
1.04582
1.04582
1.04582
1.04582
1.04582
1.04582
1.04582
1.04582
1.04582
1.04582
1.04582
1.04582
1.04582
1.04582
1.04582
1.04582
1.04582
1.04582
1.04582
1.04582
1.04582
