2.50213
2.37553
2.33627
2.30372
2.08441
1.91046
1.91046
1.86439
1.73689
1.72075
1.71992
1.67155
1.61678
1.57911
1.57178
1.55591
1.43589
1.43589
1.41373
1.39569
1.38205
1.34758
1.34243
1.34243
1.3266
1.3266
1.31624
1.31624
1.30041
1.30026
1.2942
1.29122
1.29122
1.27278
1.26768
1.26619
1.25446
1.25446
1.24983
1.22808
1.22671
1.18311
1.18173
1.18173
1.17953
1.17815
1.17815
1.17815
1.17815
1.17815
1.17815
1.17815
1.13883
1.13883
1.13339
1.13339
1.12582
1.12582
1.12582
1.12582
1.12582
1.12582
1.11932
1.09913
1.09913
1.09913
1.09913
1.09913
1.09913
1.09913
1.09913
1.09913
1.09913
1.09913
1.09913
1.09913
1.09913
1.09913
1.09048
1.09048
1.09048
1.09048
1.09048
1.08209
1.08209
1.08209
1.08209
1.08209
1.08209
1.08209
1.08209
1.08209
1.08209
1.08209
1.08209
1.08209
1.08209
1.08209
1.08209
1.08209
1.08209
1.08209
1.08209
1.08209
1.08209
1.08209
1.08209
1.08209
1.08209
1.08209
1.08209
1.08209
1.08209
1.08209
1.08209
1.0794
1.0794
1.0794
1.0794
1.0794
1.0794
1.0794
1.0794
1.07744
1.07744
1.07744
1.07744
1.07744
1.07744
1.07744
1.07744
1.07744
1.07744
1.07744
1.07744
1.07744
1.07744
1.07744
1.07744
1.07744
1.07744
1.07744
1.07744
1.07744
1.07744
1.07744
1.07744
1.07744
1.07744
1.07744
1.07744
1.07744
1.07744
1.07744
1.07744
1.07744
1.07744
1.07744
1.07744
1.07744
1.07744
1.07744
1.07744
1.07744
1.07744
1.07744
1.07744
1.07744
1.07744
1.07744
1.07744
1.07744
1.07744
1.07744
1.07744
1.07744
1.07744
1.07744
1.07744
1.07744
1.07744
1.07744
1.07744
1.07744
1.07744
1.07744
1.07744
1.07744
1.07744
1.07744
1.07744
1.07744
1.07744
1.07744
1.07744
1.07744
1.07744
1.07744
1.07744
1.07744
1.07744
1.07744
1.07744
1.07744
1.07744
1.07744
1.07744
1.07744
1.07744
1.07744
1.07744
1.07744
1.07744
1.07744
1.07744
1.07744
1.07744
1.07744
1.07744
1.07744
1.07744
1.07744
1.07744
1.07744
1.07744
1.07744
1.07744
1.07744
1.07744
1.07744
1.07744
1.07744
1.07744
1.07744
1.07744
1.07744
1.07744
1.07744
1.07744
1.07744
1.07744
1.07744
1.07744
1.07744
1.07744
1.07744
1.07744
1.07744
1.07744
1.07744
1.07744
1.07744
1.07744
1.07744
1.07744
1.07744
1.07744
1.07744
1.07744
1.07744
1.07744
1.07744
1.07744
1.07744
1.07744
1.07744
1.07744
1.07744
1.07744
1.07744
1.07744
1.07744
1.07744
1.07744
1.07744
1.07744
1.07744
1.07744
1.07744
1.07744
1.07744
1.07744
1.07744
1.07744
1.07744
1.07744
1.07744
1.07744
1.07744
1.07744
1.07744
1.07744
1.07744
1.07744
1.07744
1.07744
1.07744
1.07744
1.07744
1.07744
1.07744
1.07744
1.07744
1.07744
1.07744
1.07744
1.07744
1.07744
1.07744
1.07744
1.07744
1.07744
1.07744
1.07744
1.07744
1.07744
1.07744
1.07744
1.07744
1.07744
1.07744
1.07744
1.07744
1.07744
1.07744
1.07744
1.07744
1.07744
1.07744
1.07744
1.07744
1.07744
1.07744
1.07744
1.07744
1.07744
1.07744
1.07744
1.07744
1.07744
1.07744
1.07744
1.07744
1.07744
1.07744
1.07744
1.07744
1.07744
1.07744
1.07744
1.07744
1.07744
1.07744
1.07744
1.07744
1.07744
1.07744
1.07744
1.07744
1.07744
1.07744
1.07744
1.07744
1.07744
1.07744
1.07744
1.07744
1.07744
1.07744
1.07744
1.07744
1.07744
1.07744
1.07744
1.07744
1.07744
1.07744
1.07744
1.07744
1.07744
1.07744
1.07744
1.07744
1.07744
1.07744
1.07744
1.07744
1.07744
1.07744
1.07744
1.07744
1.07744
1.07744
1.07744
1.07744
1.07744
1.07744
1.07744
1.07744
1.07744
1.07744
1.07744
1.07744
1.07744
1.07744
1.07744
1.07744
1.07744
1.07744
1.07744
1.07744
1.07744
1.07744
1.07744
1.07744
1.07744
1.07744
1.07744
1.07744
1.07744
1.07744
1.07744
1.07744
1.07744
1.07744
1.07744
1.07744
1.07744
1.07744
1.07744
1.07744
1.07744
1.07744
1.07744
1.07744
1.07744
1.07744
1.07744
1.07744
1.07744
1.07744
1.07744
1.07744
1.07744
1.07744
1.07744
1.07744
1.07744
1.07744
1.07744
1.07744
1.07744
1.07744
1.07744
1.07744
1.07744
1.07744
1.07744
1.07744
1.07744
1.07744
1.07744
1.07744
1.07744
1.07744
1.07744
1.07744
1.07744
1.07744
1.07744
1.07744
1.07744
1.07744
1.07744
1.07744
1.07744
1.07744
1.07744
1.07744
1.07744
1.07744
1.07744
1.07744
1.07744
1.07744
1.07744
1.07744
1.07744
1.07744
1.07744
1.07744
1.07744
1.07744
1.07744
1.07744
1.07744
1.07744
1.07744
1.07744
1.07744
1.07744
1.07744
1.07744
1.07744
1.07744
1.07744
1.07744
1.07744
1.07744
1.07744
1.07744
1.07744
1.07744
1.07744
1.07744
1.07744
1.07744
1.07744
1.07744
1.07744
1.07744
1.07744
1.07744
1.07744
1.07744
1.07744
1.07744
1.07744
1.07744
1.07744
1.07744
1.07744
1.07744
1.07744
1.07744
1.07744
1.07744
1.07744
1.07744
1.07744
1.07744
1.07744
1.07744
1.07744
1.07744
1.07744
1.07744
1.07744
1.07744
1.07744
1.07744
1.07744
1.07744
1.07744
1.07744
1.07744
1.07744
1.07744
1.07744
1.07744
1.07744
1.07744
1.07744
1.07744
1.07744
1.07744
1.07744
1.07744
1.07744
1.07744
1.07744
1.07744
1.07744
1.07744
1.07744
1.07744
1.07744
1.07744
1.07744
1.07744
1.07744
1.07744
1.07744
1.07744
1.07744
1.07744
1.07744
1.07744
1.07744
1.07744
1.07744
1.07744
1.07744
1.07744
1.07744
1.07744
1.07744
1.07744
1.07744
1.07744
1.07744
1.07744
1.07744
1.07744
1.07744
1.07744
1.07744
1.07744
1.07744
1.07744
1.07744
1.07744
1.07744
1.07744
1.07744
1.07744
1.07744
1.07744
1.07744
1.07744
1.07744
1.07744
1.07744
1.07744
1.07744
1.07744
1.07744
1.07744
1.07744
1.07744
1.07744
1.07744
1.07744
1.07744
1.07744
1.07744
1.07744
1.07744
1.07744
1.07744
1.07744
1.07744
1.07744
1.07744
1.07744
1.07744
1.07744
1.07744
1.07744
1.07744
1.07744
1.07744
1.07744
1.07744
1.07744
1.07744
1.07744
1.07744
1.07744
1.07744
1.07744
1.07744
1.07744
1.07744
1.07744
1.07744
1.07744
1.07744
1.07744
1.07744
1.07744
1.07744
1.07744
1.07744
1.07744
1.07744
1.07744
1.07744
1.07744
1.07744
1.07744
1.07744
1.07744
1.07744
1.07744
1.07744
1.07744
1.07744
1.07744
1.07744
1.07744
1.07744
1.07744
1.07744
1.07744
1.07744
1.07744
1.07744
1.07744
1.07744
1.07744
1.07744
1.07744
1.07744
1.07744
1.07744
1.07744
1.07744
1.07744
1.07744
1.07744
1.07744
1.07744
1.07744
1.07744
1.07744
1.07744
1.07744
1.07744
1.07744
1.07744
1.07744
1.07744
1.07744
1.07744
1.07744
1.07744
1.07744
1.07744
1.07744
1.07744
1.07744
1.07744
1.07744
1.07744
1.07744
1.07744
1.07744
1.07744
1.07744
1.07744
1.07744
1.07744
1.07744
1.07744
1.07744
1.07744
1.07744
1.07744
1.07744
1.07744
1.07744
1.07744
1.07744
1.07744
1.07744
1.07744
1.07744
1.07744
1.07744
1.07744
1.07744
1.07744
1.07744
1.07744
1.07744
1.07744
1.07744
1.07744
1.07744
1.07744
1.07744
1.07744
1.07744
1.07744
1.07744
1.07744
1.07744
1.07744
1.07744
1.07744
1.07744
1.07744
1.07744
1.07744
1.07744
1.07744
1.07744
1.07744
1.07744
1.07744
1.07744
1.07744
1.07744
1.07744
1.07744
1.07744
1.07744
1.07744
1.07744
1.07744
1.07744
1.07744
1.07744
1.07744
1.07744
1.07744
1.07744
1.07744
1.07744
1.07744
1.07744
1.07744
1.07744
1.07744
1.07744
1.07744
1.07744
1.07744
1.07744
1.07744
1.07744
1.07744
