1.21808
1.21808
1.21808
1.20429
1.19918
1.1883
1.18539
1.18063
1.15937
1.15937
1.15937
1.14046
1.14046
1.1354
1.1354
1.12949
1.12949
1.12949
1.12949
1.12949
1.12949
1.12443
1.12443
1.12355
1.12355
1.11763
1.11763
1.11763
1.11763
1.11169
1.11169
1.11122
1.11035
1.11035
1.10442
1.09849
1.09849
1.09849
1.09849
1.09849
1.09782
1.09364
1.09364
1.09123
1.09077
1.09077
1.08351
1.08351
1.08351
1.08351
1.08351
1.08351
1.08351
1.07986
1.07986
1.07807
1.07807
1.07807
1.0753
1.0753
1.07442
1.07442
1.06986
1.06621
1.06621
1.06621
1.06621
1.06621
1.06621
1.06621
1.06621
1.06621
1.06621
1.06621
1.06621
1.06621
1.06621
1.06621
1.06621
1.06621
1.06095
1.06095
1.06095
1.06095
1.06095
1.06095
1.06095
1.06095
1.06095
1.06095
1.06095
1.06095
1.06095
1.06095
1.06095
1.06095
1.06095
1.05903
1.05903
1.05903
1.05903
1.05903
1.05903
1.05903
1.05903
1.05903
1.05903
1.05903
1.05903
1.05903
1.05903
1.05903
1.05903
1.05903
1.05903
1.05903
1.05903
1.05903
1.05903
1.05903
1.05903
1.05903
1.05903
1.05903
1.05903
1.05903
1.05903
1.05903
1.05903
1.05903
1.05903
1.05903
1.05903
1.05903
1.05903
1.05903
1.05903
1.05903
1.05903
1.05903
1.05903
1.05903
1.05903
1.05903
1.05903
1.05903
1.05903
1.05903
1.05903
1.05903
1.05903
1.05903
1.05903
1.05903
1.05903
1.05903
1.05903
1.05903
1.05903
1.05903
1.05903
1.05903
1.05903
1.05903
1.05903
1.05903
1.05903
1.05903
1.05903
1.05903
1.05903
1.05903
1.05903
1.05903
1.05903
1.05903
1.05903
1.05903
1.05903
1.05903
1.05903
1.05903
1.05903
1.05903
1.05903
1.05903
1.05903
1.05903
1.05903
1.05903
1.05903
1.05903
1.05903
1.05903
1.05903
1.05903
1.05903
1.05903
1.05903
1.05903
1.05903
1.05903
1.05903
1.05903
1.05903
1.05903
1.05903
1.05903
1.05903
1.05903
1.05903
1.05903
1.05903
1.05903
1.05903
1.05903
1.05903
1.05903
1.05903
1.05903
1.05903
1.05903
1.05903
1.05903
1.05903
1.05903
1.05903
1.05903
1.05903
1.05903
1.05903
1.05903
1.05903
1.05903
1.05903
1.05903
1.05903
1.05903
1.05903
1.05903
1.05903
1.05903
1.05903
1.05903
1.05903
1.05903
1.05903
1.05903
1.05903
1.05903
1.05903
1.05903
1.05903
1.05903
1.05903
1.05903
1.05903
1.05903
1.05903
1.05903
1.05903
1.05903
1.05903
1.05903
1.05903
1.05903
1.05903
1.05903
1.05903
1.05903
1.05903
1.05903
1.05903
1.05903
1.05903
1.05903
1.05903
1.05903
1.05903
1.05903
1.05903
1.05903
1.05903
1.05903
1.05903
1.05903
1.05903
1.05903
1.05903
1.05903
1.05903
1.05903
1.05903
1.05903
1.05903
1.05903
1.05903
1.05903
1.05903
1.05903
1.05903
1.05903
1.05903
1.05903
1.05903
1.05903
1.05903
1.05903
1.05903
1.05903
1.05903
1.05903
1.05903
1.05903
1.05903
1.05903
1.05903
1.05903
1.05903
1.05903
1.05903
1.05903
1.05903
1.05903
1.05903
1.05903
1.05903
1.05903
1.05903
1.05903
1.05903
1.05903
1.05903
1.05903
1.05903
1.05903
1.05903
1.05903
1.05903
1.05903
1.05903
1.05903
1.05903
1.05903
1.05903
1.05903
1.05903
1.05903
1.05903
1.05903
1.05903
1.05903
1.04441
1.04441
1.04441
1.04441
1.04441
1.04441
1.04441
1.04441
1.04441
1.04441
1.04441
1.04441
1.04441
1.04441
1.04441
1.04441
1.04441
1.04441
1.04441
1.04441
1.04441
1.04441
1.04441
1.04441
1.04441
1.04441
1.04441
1.04441
1.04441
1.04441
1.04441
1.04441
1.04441
1.04441
1.04441
1.04441
1.04441
1.04441
1.04441
1.04441
1.04441
1.04441
1.04441
1.04441
1.04441
1.04441
1.04441
1.04441
1.04441
1.04441
1.04441
1.04441
1.04441
1.04441
1.04441
1.04441
1.04441
1.04441
1.04441
1.04441
1.04441
1.04441
1.04441
1.04441
1.04441
1.04441
1.04441
1.04441
1.04441
1.04441
1.04441
1.04441
1.04441
1.04441
1.04441
1.04441
1.04441
1.04441
1.04441
1.04441
1.04441
1.04441
1.04441
1.04441
1.04441
1.04441
1.04441
1.04441
1.04441
1.04441
1.04441
1.04441
1.04441
1.04441
1.04441
1.04441
1.04441
1.04441
1.04441
1.04441
1.04441
1.04441
1.04441
1.04441
1.04441
1.04441
1.04441
1.04441
1.04441
1.04441
1.04441
1.04441
1.04441
1.04441
1.04441
1.04441
1.04441
1.04441
1.04441
1.04441
1.04441
1.04441
1.04441
1.04441
1.04441
1.04441
1.04441
1.04441
1.04441
1.04441
1.04441
1.04441
1.04441
1.04441
1.04441
1.04441
1.04441
1.04441
1.04441
1.04441
1.04441
1.04441
1.04441
1.04441
1.04441
1.04441
1.04441
1.04441
1.04441
1.04441
1.04441
1.04441
1.04441
1.04441
1.04441
1.04441
1.04441
1.04441
1.04441
1.04441
1.04441
1.04441
1.04441
1.04441
1.04441
1.04441
1.04441
1.04441
1.04441
1.04441
1.04441
1.04441
1.04441
1.04441
1.04441
1.04441
1.04441
1.04441
1.04441
1.04441
1.04441
1.04441
1.04441
1.04441
1.04441
1.04441
1.04441
1.04441
1.04441
1.04441
1.04441
1.04441
1.04441
1.04441
1.04441
1.04441
1.04441
1.04441
1.04441
1.04441
1.04441
1.04441
1.04441
1.04441
1.04441
1.04441
1.04441
1.04441
1.04441
1.04441
1.04441
1.04441
1.04441
1.04441
1.04441
1.04441
1.04441
1.04441
1.04441
1.04441
1.04441
1.04441
1.04441
1.04441
1.04441
1.04441
1.04441
1.04441
1.04441
1.04441
1.04441
1.04441
1.04441
1.04441
1.04441
1.04441
1.04441
1.04441
1.04441
1.04441
1.04441
1.04441
1.04441
1.04441
1.04441
1.04441
1.04441
1.04441
1.04441
1.04441
1.04441
1.04441
1.04441
1.04441
1.04441
1.04441
1.04441
1.04441
1.04441
1.04441
1.04441
1.04441
1.04441
1.04441
1.04441
1.04441
1.04441
1.04441
1.04441
1.04441
1.04441
1.04441
1.04441
1.04441
1.04441
1.04441
1.04441
1.04441
1.04441
1.04441
1.04441
1.04441
1.04441
1.04441
1.04441
1.04441
1.04441
1.04441
1.04441
1.04441
1.04441
1.04441
1.04441
1.04441
1.04441
1.04441
1.04441
1.04441
1.04441
1.04441
1.04441
1.04441
1.04441
1.04441
1.04441
1.04441
1.04441
1.04441
1.04441
1.04441
1.04441
1.04441
1.04441
1.04441
1.04441
1.04441
1.04441
1.04441
1.04441
1.04441
1.04441
1.04441
1.04441
1.04441
1.04441
1.04441
1.04441
1.04441
1.04441
1.04441
1.04441
1.04441
1.04441
1.04441
1.04441
1.04441
1.04441
1.04441
1.04441
1.04441
1.04441
1.04441
1.04441
1.04441
1.04441
1.04441
1.04441
1.04441
1.04441
1.04441
1.04441
1.04441
1.04441
1.04441
1.04441
1.04441
1.04441
1.04441
1.04441
1.04441
1.04441
1.04441
1.04441
1.04441
1.04441
1.04441
1.04441
1.04441
1.04441
1.04441
1.04441
1.04441
1.04441
1.04441
1.04441
1.04441
1.04441
1.04441
1.04441
1.04441
1.04441
1.04441
1.04441
1.04441
1.04441
1.04441
1.04441
1.04441
1.04441
1.04441
1.04441
1.04441
1.04441
1.04441
1.04441
1.04441
1.04441
1.04441
1.04441
1.04441
1.04441
1.04441
1.04441
1.04441
1.04441
1.04441
1.04441
1.04441
1.04441
1.04441
1.04441
1.04441
1.04441
1.04441
1.04441
1.04441
1.04441
1.04441
1.04441
1.04441
1.04441
1.04441
1.04441
1.04441
1.04441
1.04441
1.04441
1.04441
1.04441
1.04441
1.04441
1.04441
1.04441
1.04441
1.04441
1.04441
1.04441
1.04441
1.04441
1.04441
1.04441
1.04441
1.04441
1.04441
1.04441
1.04441
1.04441
1.04441
1.04441
1.04441
1.04441
1.04441
1.04441
1.04441
1.04441
1.04441
1.04441
1.04441
1.04441
1.04441
1.04441
1.04441
1.04441
1.04441
1.04441
1.04441
1.04441
1.04441
1.04441
1.04441
1.04441
1.04441
1.04441
1.04441
1.04441
1.04441
1.04441
1.04441
1.04441
1.04441
1.04441
1.04441
1.04441
1.04441
1.04441
1.04441
1.04441
1.04441
1.04441
1.04441
1.04441
1.04441
1.04441
1.04441
1.04441
1.04441
1.04441
1.04441
1.04441
1.04441
1.04441
1.04441
1.04441
1.04441
1.04441
1.04441
1.04441
1.04441
1.04441
1.04441
1.04441
1.04441
1.04441
1.04441
1.04441
1.04441
1.04441
1.04441
1.04441
1.04441
1.04441
1.04441
1.04441
1.04441
1.04441
1.04441
1.04441
1.04441
1.04441
1.04441
1.04441
1.04441
1.04441
1.04441
1.04441
1.04441
1.04441
1.04441
1.04441
1.04441
1.04441
1.04441
1.04441
1.04441
1.04441
1.04441
1.04441
1.04441
1.04441
1.04441
1.04441
1.04441
1.04441
1.04441
1.04441
1.04441
1.04441
1.04441
1.04441
1.04441
1.04441
1.04441
1.04441
1.04441
1.04441
1.04441
1.04441
1.04441
1.04441
1.04441
1.04441
1.04441
1.04441
1.04441
1.04441
1.04441
1.04441
1.04441
1.04441
1.04441
1.04441
1.04441
1.04441
1.04441
1.04441
1.04441
1.04441
1.04441
1.04441
1.04441
1.04441
1.04441
1.04441
1.04441
1.04441
1.04441
1.04441
1.04441
1.04441
1.04441
