
/*---------------------------贪心算法思想下解的说明------------------------------*/

算法思想：以当前所在的点为参考选择离自己最近的点作为下一站，走过的点不在经过


贪心思想只能求得每一步只能求得局部最短路径，因此最终结果是近似最优解

贪心算法求解的最短路程的长度为：27462.7
实际的最短路径为：22068
此算法和最优解的近似度为:1.24446
time = 0.004s
/*---------------------------贪心算法思想下解的说明------------------------------*/



/*---------------------------遗传算法2思想下解的说明------------------------------*/

算法思想：随机生成一个路线序列，路线路径长度短的会更可能遗传下去，所以经过多次代际迭代，最终的结果会趋近于最优解


代际更迭次数越多，越接近最优解。这种算法最终结果是近似最优解

遗传算法求解的最短路程的长度为：27822
实际的最短路径为：22068
此算法和最优解的近似度为:1.26074
time = 248.222s
这个算法迭代终止条件是前后 800 代最优个体一样
这个算法中共计迭代 7458次
其中每一代个体数为 200   交叉遗传的概率为 0.8   变异的概率为 0.1

迭代过程中 交叉遗传次数为596777  其中变异次数为145346

以下是迭代过程中每一代中最好的个体所对应的路先长度变化（每20代输出一次）

110240 95889.9 81842.7 68339.4 62475.5 55594.5 50109 47918.5 45889.6 43143.1 41724.7 41198.6 40041.9 39121.9 38618.9 37713.1 37704 37613 37120.6 36825.5 
36043.8 35605.2 34980.3 34978.6 34669.1 34669.1 34669.1 34669.1 34388.4 34388.4 34380.3 34260.6 34104.6 34059.3 33964.7 33827.7 33659.2 33659.2 33197.9 33186.3 
32752.7 32726.5 32351.3 32351.3 32351.3 32351.3 32351.3 32351.3 32351.3 32239.9 32008.2 32008.2 31990.3 31939.6 31939 31868.5 31844.7 31844.7 31844.7 31844.7 
31844.7 31844.7 31844.7 31844.7 31844.7 31844.7 31844.7 31844.7 31844.7 31594.1 31371.3 31344.1 31344.1 31344.1 31344.1 31243.4 31243.4 31243.4 31243.4 31243.4 
31243.4 31243.4 31243.4 31243.4 31243.4 31243.4 31243.4 31243.4 31243.4 31243.4 31243.4 31243.4 31243.4 31243.4 31243.4 31243.4 31243.4 31243.4 31243.4 31243.4 
31243.4 31243.4 31243.4 31243.4 31243.4 31243.4 31243.4 31243.4 31243.4 31243.4 31243.4 31243.4 31243.4 31243.4 31243.4 31126.9 31126.9 31126.9 31126.9 31126.9 
31126.9 31126.9 31126.9 31126.9 31126.9 31126.9 31126.9 31126.9 31126.9 31126.9 31126.9 31126.9 31126.9 31126.9 31126.9 31126.9 31126.9 31046.1 31046.1 31046.1 
31046.1 31046.1 31046.1 31046.1 31046.1 31046.1 31046.1 31046.1 31046.1 31046.1 31046.1 31046.1 31046.1 31046.1 31046.1 31046.1 31044.7 30897.8 30897.8 30897.8 
30897.8 30897.8 30897.8 30897.8 30897.8 30897.8 30764 30764 30711.6 30614.2 30614.2 30614.2 30614.2 30614.2 30614.2 30614.2 30614.2 30614.2 30614.2 30614.2 
30614.2 30614.2 30614.2 30614.2 30614.2 30614.2 30614.2 30614.2 30614.2 30614.2 30614.2 30614.2 30614.2 30614.2 30614.2 30229.7 30229.7 30113.7 30113.7 30113.7 
30113.7 30113.7 30113.7 30113.7 30113.7 30113.7 30113.7 30113.7 30113.7 30113.7 30113.7 30113.7 30113.7 30089.6 29831.8 29807.7 29676.4 29483.6 29483.6 29483.6 
29450.6 29450.6 29450.6 29450.6 29450.6 29450.6 29450.6 29450.6 29450.6 29450.6 29450.6 29450.6 29450.6 29450.6 29450.6 29450.6 29414 29414 29414 29386.7 
29386.7 29386.7 29386.7 29386.7 29386.7 29386.7 29386.7 29386.7 29386.7 29386.7 29386.7 29386.7 29386.7 29386.7 29386.7 29386.7 29270 29270 29270 29270 
29228.3 29194.6 29152.9 29122.7 28894.5 28828.2 28762.3 28762.3 28514.4 28514.4 28514.4 28372.6 28343.7 28343.7 28343.7 28343.7 28343.7 28343.7 28343.7 28343.7 
28343.7 28343.7 28343.7 28343.7 28343.7 28343.7 28343.7 28343.7 28310.2 28310.2 28310.2 28289.9 28202.8 28202.8 28202.8 28202.8 28202.8 28202.8 28202.8 28202.8 
28202.8 28113.8 28113.8 28113.8 28113.8 28051.1 28051.1 28010.4 28010.4 28010.4 28010.4 28010.4 28010.4 28010.4 28010.4 28010.4 28010.4 27929.4 27929.4 27929.4 
27929.4 27929.4 27929.4 27929.4 27929.4 27929.4 27929.4 27929.4 27929.4 27929.4 27929.4 27929.4 27822 27822 27822 27822 27822 27822 27822 27822 
27822 27822 27822 27822 27822 27822 27822 27822 27822 27822 27822 27822 27822 27822 27822 27822 27822 27822 27822 27822 
27822 27822 27822 27822 27822 27822 27822 27822 27822 27822 27822 27822 
/*---------------------------遗传算法2思想下解的说明------------------------------*/


