4.66178
4.66178
4.39537
4.20759
4.20759
4.01218
3.9174
3.9043
3.82235
3.77187
3.75524
3.58833
3.58833
3.58833
3.58833
3.58497
3.42481
3.42477
3.42477
3.24454
3.24454
3.18926
3.17142
3.17142
3.05832
3.05832
3.04547
2.95916
2.95916
2.95916
2.9497
2.9497
2.9398
2.86997
2.86997
2.84106
2.8252
2.7978
2.78534
2.77853
2.77472
2.7498
2.73707
2.72051
2.71814
2.6882
2.6882
2.6435
2.6435
2.59848
2.56917
2.52449
2.52188
2.49582
2.49158
2.47687
2.47687
2.47687
2.4386
2.42586
2.4117
2.39903
2.39419
2.39419
2.38
2.37868
2.37181
2.3698
2.36689
2.3519
2.3519
2.34806
2.33246
2.32226
2.32226
2.3115
2.30191
2.30191
2.28655
2.28479
2.28387
2.27932
2.27248
2.27248
2.26702
2.26702
2.26453
2.24669
2.24669
2.24669
2.24669
2.24669
2.23668
2.23668
2.23668
2.22531
2.20734
2.20734
2.20734
2.20723
2.20723
2.18757
2.18509
2.17654
2.15594
2.13198
2.13198
2.13198
2.13097
2.13097
2.12087
2.12087
2.12068
2.09672
2.06851
2.06851
2.05852
2.05148
2.05148
2.04008
2.04008
2.03126
2.03126
2.0244
2.0244
2.01735
1.98793
1.98793
1.98793
1.98069
1.98069
1.98049
1.98049
1.98049
1.97344
1.97344
1.96557
1.96557
1.96474
1.96474
1.95863
1.95863
1.95343
1.95343
1.95343
1.95343
1.949
1.94513
1.91772
1.91772
1.91772
1.908
1.908
1.89381
1.87193
1.87193
1.87113
1.87113
1.86473
1.84509
1.84509
1.84509
1.84262
1.82465
1.82465
1.82323
1.81448
1.81448
1.78648
1.78648
1.77321
1.77321
1.77321
1.77321
1.77321
1.77321
1.77321
1.77321
1.77321
1.77321
1.77313
1.77313
1.76733
1.76733
1.76693
1.76693
1.76693
1.75544
1.75544
1.7516
1.7516
1.7516
1.7516
1.7516
1.73815
1.73815
1.73815
1.73815
1.73815
1.73815
1.73815
1.73815
1.7374
1.7313
1.72741
1.72741
1.72545
1.72491
1.72296
1.70967
1.70725
1.69891
1.69891
1.69891
1.69671
1.6881
1.6881
1.6881
1.68432
1.68432
1.68432
1.68432
1.68432
1.68272
1.68272
1.68272
1.68272
1.667
1.667
1.667
1.667
1.66251
1.65855
1.65406
1.65406
1.65406
1.64576
1.64576
1.64576
1.64539
1.63731
1.63245
1.63245
1.63245
1.63245
1.63245
1.63093
1.63093
1.63093
1.63093
1.63093
1.63093
1.63093
1.63093
1.63093
1.63093
1.63093
1.63093
1.62976
1.62976
1.62976
1.62976
1.62976
1.62976
1.62976
1.62976
1.62976
1.62976
1.62513
1.62513
1.62513
1.62513
1.62513
1.61386
1.61386
1.61386
1.60924
1.60924
1.60231
1.60231
1.60231
1.60231
1.60231
1.60231
1.60231
1.60231
1.60231
1.58354
1.58354
1.58354
1.58354
1.58354
1.58354
1.5829
1.5829
1.5829
1.5829
1.5829
1.5829
1.5829
1.5829
1.57642
1.57578
1.57578
1.56576
1.56576
1.56367
1.56367
1.56367
1.56367
1.53834
1.53834
1.53834
1.53427
1.51484
1.51484
1.49607
1.49607
1.49607
1.49607
1.49607
1.49607
1.49208
1.49208
1.49208
1.48937
1.48937
1.48937
1.48937
1.48031
1.47309
1.47309
1.47309
1.47309
1.47309
1.47309
1.47309
1.47309
1.47309
1.47309
1.47309
1.47309
1.47309
1.47309
1.47309
1.47309
1.47309
1.47309
1.47251
1.47251
1.47251
1.47251
1.46521
1.46521
1.46521
1.46521
1.46463
1.46463
1.46463
1.46463
1.46463
1.46463
1.46463
1.46463
1.46463
1.46463
1.46086
1.46086
1.46086
1.45934
1.45934
1.45934
1.45934
1.45934
1.45934
1.45934
1.45934
1.45934
1.45934
1.45934
1.45934
1.45934
1.45934
1.45638
1.45638
1.45638
1.45487
1.45314
1.45314
1.45314
1.4476
1.44609
1.44609
1.44609
1.44609
1.44609
1.44495
1.44495
1.44495
1.43864
1.43303
1.43303
1.43151
1.43151
1.43151
1.43151
1.42616
1.42616
1.42616
1.42616
1.42616
1.42616
1.42616
1.42616
1.42616
1.42616
1.42555
1.42555
1.42555
1.42555
1.42555
1.42555
1.42555
1.42555
1.42555
1.42555
1.42106
1.42106
1.42106
1.42106
1.42106
1.42097
1.42097
1.42097
1.41821
1.41821
1.41363
1.41363
1.41315
1.41315
1.41315
1.41306
1.41306
1.41306
1.41306
1.41306
1.41306
1.41306
1.41306
1.41306
1.41306
1.41306
1.41306
1.41306
1.41306
1.41306
1.41306
1.41306
1.41306
1.41306
1.41306
1.41306
1.41306
1.41306
1.41306
1.41306
1.41306
1.41306
1.41306
1.41306
1.41306
1.41306
1.41306
1.41306
1.41306
1.41306
1.41306
1.41306
1.41306
1.41306
1.41306
1.41306
1.41306
1.41306
1.41306
1.41306
1.41306
1.41306
1.41306
1.41306
1.41306
1.41306
1.41306
1.41306
1.41306
1.41306
1.41306
1.41306
1.41306
1.41306
1.41306
1.41306
1.41306
1.40808
1.40808
1.40808
1.40808
1.40808
1.40808
1.40808
1.40808
1.40808
1.40808
1.40808
1.40808
1.40808
1.40808
1.40808
1.40808
1.40808
1.40808
1.40808
1.40808
1.40808
1.40808
1.40808
1.40808
1.40679
1.40679
1.40679
1.40679
1.40679
1.40679
1.40679
1.40679
1.40679
1.40679
1.40679
1.40679
1.40679
1.40679
1.40679
1.40679
1.40679
1.40679
1.40679
1.40679
1.40679
1.40679
1.40679
1.40679
1.40679
1.40679
1.40679
1.40679
1.40679
1.40679
1.40679
1.40679
1.40679
1.40679
1.40679
1.40679
1.40679
1.40679
1.40679
1.40679
1.40679
1.40679
1.40679
1.40679
1.40679
1.40679
1.40679
1.40679
1.40679
1.40679
1.40679
1.40679
1.40679
1.40679
1.40679
1.40679
1.40679
1.40679
1.40679
1.40679
1.40679
1.40679
1.40679
1.40679
1.40679
1.40679
1.40679
1.40679
1.40679
1.40679
1.40679
1.40679
1.40679
1.40051
1.40051
1.40051
1.40051
1.40051
1.40051
1.40051
1.40051
1.39918
1.39918
1.39918
1.39918
1.39918
1.39918
1.39918
1.39918
1.39918
1.39918
1.39918
1.39918
1.39918
1.39918
1.39918
1.39918
1.39918
1.39918
1.39918
1.39918
1.39918
1.39918
1.39918
1.39918
1.39918
1.39918
1.39918
1.39918
1.39918
1.39918
1.39214
1.39214
1.39129
1.39057
1.39057
1.39057
1.39057
1.39057
1.39057
1.39057
1.39057
1.39057
1.39057
1.39057
1.39057
1.39057
1.39057
1.39038
1.39038
1.39038
1.39038
1.39038
1.39038
1.39038
1.39038
1.39012
1.39012
1.39012
1.39012
1.39012
1.39012
1.39012
1.39012
1.37806
1.37806
1.37806
1.37806
1.37806
1.37806
1.37806
1.37806
1.37806
1.37806
1.37806
1.37806
1.37806
1.37806
1.37806
1.37806
1.37806
1.37806
1.37806
1.37806
1.37806
1.37806
1.37806
1.37806
1.37806
1.37806
1.37806
1.37806
1.37806
1.37806
1.37806
1.37806
1.37806
1.37806
1.37806
1.37806
1.37806
1.37806
1.37806
1.37806
1.37806
1.37806
1.37806
1.37806
1.37806
1.37806
1.37806
1.37806
1.37806
1.37806
1.37806
1.37806
1.37806
1.37806
1.37806
1.37806
1.37806
1.37806
1.37806
1.37806
1.37806
1.37806
1.37806
1.37806
1.36988
1.36988
1.3694
1.3694
1.3694
1.3694
1.3694
1.3694
1.3694
1.3694
1.3694
1.3694
1.3694
1.3694
1.36557
1.36557
1.36557
1.36509
1.36509
1.36295
1.36295
1.36247
1.36247
1.36247
1.36247
1.36247
1.36247
1.36247
1.36247
1.36247
1.36247
1.36247
1.36247
1.36247
1.36247
1.36247
1.36247
1.36247
1.36247
1.36247
1.36247
1.36165
1.36165
1.36165
1.36117
1.36117
1.36117
1.36117
1.36117
1.36117
1.36117
1.36117
1.36117
1.36117
1.36035
1.36035
1.36035
1.36035
1.36035
1.36035
1.36035
1.36035
1.36035
1.36035
1.35888
1.35888
1.35888
1.35758
1.35758
1.35758
1.35758
1.35758
1.35758
1.35758
1.35758
1.35758
1.35758
1.35758
1.35758
1.35758
1.35758
1.35758
1.35758
1.35758
1.35758
1.35758
1.35758
1.35758
1.35758
1.35758
1.35758
1.35758
1.35758
1.35758
1.35758
1.35758
1.35758
1.35758
1.35758
1.35758
1.35758
1.35758
1.35758
1.35758
1.35758
1.35758
1.35758
1.35758
1.35758
1.35758
1.35758
1.35758
1.35758
1.35758
1.35758
1.35758
1.35758
1.35758
1.35758
1.35758
1.35758
1.35758
1.35758
1.35758
1.35758
1.35758
1.35758
1.35758
1.35758
1.35758
1.35758
1.35758
1.35758
1.35758
1.35758
1.35758
1.35758
1.35758
1.35485
1.35485
1.35485
1.35485
1.35485
1.35485
1.35485
1.35485
1.35485
1.35485
1.35485
1.35485
1.35485
1.35485
1.35485
1.35485
1.35485
1.35485
1.35485
1.35485
1.35485
1.35485
1.35485
1.35485
1.35485
1.35485
1.35485
1.35485
1.35485
1.35485
1.35485
1.35485
1.35485
1.35485
1.35485
1.35485
1.35485
1.35485
1.35485
1.35485
1.35485
1.35485
1.35485
1.35485
1.35485
1.35485
1.35485
1.35485
1.35485
1.35485
1.35485
1.35485
1.35485
1.35485
1.35485
1.35485
1.35485
1.35485
1.35485
1.35485
1.35485
1.35485
1.35485
1.35485
1.35485
1.35485
1.35485
1.35485
1.35485
1.35485
1.35485
1.35485
1.35485
1.35485
1.35485
1.35485
1.35485
1.35485
1.35485
1.35485
1.35485
1.35485
1.35485
1.35485
1.35485
1.35485
1.35485
1.35485
1.35485
1.35485
1.35485
1.35485
1.35485
1.35485
1.35485
1.35485
1.35485
1.35364
1.35364
1.35364
1.35364
1.35364
1.35364
1.35364
1.35364
1.35364
1.35364
1.35364
1.35364
1.35364
1.35364
1.35364
1.35364
1.35364
1.35364
1.35364
1.35364
1.35364
1.35364
1.35364
1.35364
1.35364
1.35364
1.35364
1.35364
1.35364
1.35364
1.35364
1.35364
1.35364
1.35364
1.35364
1.35364
1.35364
1.35364
1.35364
1.35364
1.35364
1.35364
1.35364
1.35364
1.35364
1.35364
1.35364
1.35364
1.35364
1.35364
1.35364
1.35364
1.35364
1.35364
1.35364
1.35364
1.35364
1.35364
1.35364
1.35364
1.35354
1.35354
1.35354
1.35354
1.35354
1.35354
1.35354
1.35354
1.35354
1.35354
1.35354
1.35354
1.35354
1.35354
1.35354
1.35354
1.35354
1.35354
1.35354
1.35348
1.35348
1.35348
1.35348
1.35348
1.35348
1.35338
1.35338
1.35338
1.35338
1.35338
1.35338
1.35338
1.35338
1.35338
1.35338
1.35338
1.35338
1.35338
1.35338
1.35338
1.35338
1.35338
1.35338
1.35338
1.35338
1.35338
1.35338
1.35338
1.35338
1.35338
1.35338
1.35338
1.35338
1.35338
1.35338
1.35338
1.35338
1.35338
1.35338
1.35338
1.35338
1.35338
1.35338
1.35338
1.35338
1.35338
1.35338
1.35338
1.35338
1.35338
1.35338
1.35338
1.35338
1.35338
1.35338
1.35338
1.35338
1.35338
1.35338
1.35338
1.35338
1.35338
1.35338
1.35338
1.35338
1.35338
1.35338
1.35338
1.35338
1.35338
1.35338
1.35338
1.35338
1.35338
1.35338
1.35338
1.35338
1.35338
1.35338
1.35338
1.35338
1.35338
1.35338
1.35338
1.35338
1.35338
1.35338
1.35338
1.35338
1.35338
1.35338
1.35338
1.35338
1.35338
1.35338
1.35338
1.35338
1.35338
1.35338
1.35338
1.35338
1.35338
1.35338
1.35338
1.35338
1.35338
1.35338
1.35338
1.34987
1.34987
1.34987
1.34653
1.34653
1.34653
1.34653
1.34653
1.34653
1.34653
1.34651
1.34651
1.34651
1.34651
1.3464
1.3464
1.3464
1.3464
1.3464
1.3464
1.3464
1.3464
1.3464
1.3464
1.3464
1.3464
1.3464
1.3464
1.3464
1.3464
1.3464
1.3464
1.3464
1.3464
1.3464
1.3464
1.3464
1.3464
1.3464
1.3464
1.3464
1.3464
1.3464
1.3464
1.3464
1.3464
1.3464
1.3464
1.3464
1.3464
1.3464
1.3464
1.3464
1.3464
1.3464
1.3464
1.3464
1.3464
1.3464
1.3464
1.3464
1.3464
1.3464
1.3464
1.3464
1.3464
1.3464
1.3464
1.3464
1.3464
1.3464
1.3464
1.3464
1.3464
1.3464
1.3464
1.3464
1.3464
1.3464
1.3464
1.34145
1.34145
1.34145
1.34145
1.34145
1.34145
1.33796
1.33796
1.33796
1.33796
1.33796
1.33796
1.33796
1.33796
1.33796
1.33796
1.33796
1.33796
1.33796
1.33796
1.33796
1.33796
1.33796
1.33796
1.33796
1.33796
1.33796
1.33796
1.33796
1.33796
1.33796
1.33796
1.33796
1.33796
1.33796
1.33796
1.33796
1.33796
1.33796
1.33796
1.33796
1.33796
1.33796
1.33796
1.33796
1.33796
1.33796
1.33796
1.33796
1.33796
1.33796
1.33796
1.33796
1.33796
1.33796
1.33796
1.33796
1.33796
1.33796
1.33796
1.33796
1.33796
1.33796
1.33796
1.33796
1.33796
1.33796
1.33796
1.33796
1.33796
1.33796
1.33574
1.33574
1.33574
1.33574
1.33574
1.33574
1.33574
1.33574
1.33574
1.33574
1.33574
1.33574
1.33574
1.33574
1.33574
1.33574
1.33574
1.33574
1.33574
1.33574
1.33574
1.33574
1.33574
1.33574
1.33574
1.33574
1.33574
1.33574
1.33574
1.33574
1.33574
1.33574
1.33574
1.33574
1.33574
1.33574
1.33574
1.33574
1.33574
1.33574
1.33574
1.33559
1.33559
1.33559
1.33559
1.33559
1.33559
1.33559
1.33559
1.33559
1.33559
1.33559
1.33559
1.33559
1.33559
1.33559
1.33559
1.33559
1.33559
1.33559
1.33559
1.33526
1.33526
1.33526
1.33526
1.33526
1.33526
1.33526
1.33526
1.33526
1.33526
1.33526
1.33526
1.33526
1.33526
1.33526
1.33526
1.33526
1.33526
1.33526
1.33526
1.33526
1.33526
1.33526
1.33526
1.33525
1.33525
1.33525
1.33525
1.33525
1.33525
1.33525
1.33525
1.33525
1.33525
1.33525
1.33525
1.33525
1.33525
1.33525
1.33525
1.33525
1.33525
1.33525
1.33525
1.33525
1.33525
1.33525
1.33525
1.33525
1.33525
1.33525
1.33525
1.33525
1.33525
1.33525
1.33525
1.33525
1.33525
1.33525
1.33525
1.33525
1.33525
1.33525
1.33525
1.33525
1.33525
1.33525
1.33525
1.33525
1.33525
1.33525
1.33525
1.33525
1.33525
1.33525
1.33525
1.33525
1.33525
1.33525
1.33525
1.33525
1.33525
1.33525
1.33525
1.33525
1.33525
1.33525
1.33525
1.33525
1.33525
1.33525
1.33525
1.33086
1.33086
1.33086
1.33086
1.33086
1.33086
1.33086
1.33086
1.33086
1.33086
1.33086
1.33086
1.33086
1.33086
1.33086
1.33086
1.33086
1.33086
1.33086
1.33086
1.33086
1.33086
1.33086
1.33086
1.33086
1.33086
1.33086
1.33086
1.33086
1.33086
1.33086
1.33086
1.33086
1.33086
1.33086
1.33086
1.33086
1.33086
1.33086
1.33086
1.33086
1.33086
1.33086
1.33086
1.33086
1.33086
1.33086
1.33086
1.33086
1.33086
1.33086
1.33086
1.33086
1.33086
1.33086
1.33086
1.33086
1.33086
1.33086
1.33086
1.33086
1.33086
1.32681
1.32681
1.32681
1.32681
1.32681
1.32681
1.32681
1.32681
1.32681
1.32681
1.32681
1.32681
1.32681
1.32681
1.32681
1.32681
1.32681
1.32681
1.32681
1.32681
1.32681
1.32681
1.32681
1.32681
1.32681
1.32681
1.32681
1.32681
1.32681
1.32681
1.32681
1.32681
1.32681
1.32681
1.32681
1.32681
1.32681
1.32681
1.32681
1.32681
1.32681
1.32681
1.32681
1.32681
1.32681
1.32681
1.32681
1.32681
1.32681
1.32681
1.32681
1.32681
1.32681
1.32681
1.32681
1.32681
1.32681
1.32681
1.32681
1.32681
1.32681
1.3231
1.3231
1.3231
1.3231
1.32178
1.32178
1.32178
1.32178
1.32178
1.32178
1.32178
1.32178
1.32178
1.32178
1.32178
1.32178
1.32178
1.32178
1.32178
1.32178
1.32178
1.32178
1.32178
1.32178
1.32178
1.32178
1.32178
1.32178
1.32178
1.32178
1.32178
1.32178
1.32178
1.32178
1.32178
1.32178
1.32178
1.32178
1.32178
1.32178
1.32178
1.32178
1.32178
1.32178
1.32178
1.32178
1.32178
1.32178
1.32178
1.32178
1.32178
1.32178
1.32178
1.32178
1.32178
1.32178
1.32178
1.32178
1.32178
1.32178
1.32178
1.32178
1.32178
1.32178
1.32178
1.32178
1.32178
1.32178
1.32178
1.32178
1.32178
1.32178
1.32178
1.32178
1.32178
1.32178
1.32178
1.32178
1.32178
1.32178
1.32178
1.32178
1.32178
1.32178
1.32178
1.32178
1.32178
1.32178
1.32178
1.32178
1.32178
1.32178
1.32178
1.32178
1.32178
1.32178
1.32178
1.32178
1.32178
1.32178
1.32178
1.32178
1.32178
1.32178
1.32178
1.32178
1.32178
1.32178
1.32178
1.32178
1.32178
1.32178
1.32178
1.32178
1.32178
1.32178
1.32178
1.32178
1.32178
1.32178
1.32178
1.32178
1.32178
1.32178
1.32178
1.32178
1.32178
1.32178
1.32178
1.32178
1.32178
1.32178
1.32178
1.32178
1.32178
1.32178
1.32178
1.32178
1.32178
1.32178
1.32178
1.32178
1.32178
1.32178
1.32178
1.32178
1.32178
1.32178
1.32178
1.32178
1.32178
1.32178
1.32178
1.32178
1.32178
1.32178
1.32178
1.32178
1.32178
1.32178
1.32178
1.32178
1.32178
1.32178
1.32178
1.32178
1.32178
1.32178
1.32178
1.32178
1.32178
1.32178
1.32178
1.32178
1.32178
1.32178
1.32178
1.32178
1.32178
1.32178
1.32178
1.32178
1.32178
1.32178
1.32178
1.32178
1.32178
1.32178
1.32178
1.32178
1.32178
1.32178
1.32178
1.32178
1.32178
1.32178
1.32178
1.32178
1.32178
1.32178
1.32178
1.32178
1.32178
1.319
1.319
1.319
1.319
1.319
1.319
1.319
1.319
1.319
1.319
1.319
1.319
1.319
1.319
1.319
1.319
1.319
1.319
1.319
1.319
1.319
1.319
1.319
1.319
1.319
1.319
1.319
1.319
1.319
1.319
1.319
1.319
1.319
1.319
1.319
1.319
1.319
1.319
1.319
1.319
1.319
1.319
1.319
1.319
1.319
1.319
1.319
1.319
1.319
1.319
1.319
1.319
1.319
1.319
1.319
1.319
1.319
1.319
1.319
1.319
1.319
1.319
1.319
1.319
1.319
1.319
1.319
1.319
1.319
1.319
1.319
1.319
1.319
1.319
1.319
1.319
1.319
1.319
1.319
1.319
1.319
1.319
1.319
1.319
1.319
1.319
1.319
1.319
1.319
1.319
1.319
1.319
1.319
1.319
1.319
1.319
1.319
1.319
1.319
1.319
1.319
1.319
1.319
1.319
1.319
1.319
1.319
1.319
1.319
1.319
1.319
1.319
1.319
1.319
1.319
1.319
1.319
1.319
1.319
1.319
1.319
1.319
1.319
1.319
1.319
1.319
1.319
1.319
1.319
1.319
1.319
1.319
1.319
1.319
1.319
1.319
1.319
1.319
1.319
1.319
1.319
1.319
1.319
1.319
1.319
1.319
1.319
1.319
1.319
1.319
1.319
1.319
1.319
1.319
1.319
1.319
1.319
1.319
1.319
1.319
1.319
1.30449
1.30449
1.30449
1.30449
1.30449
1.30449
1.30434
1.30434
1.30434
1.30434
1.30434
1.30434
1.30434
1.30434
1.30434
1.30434
1.30434
1.30434
1.30434
1.30434
1.30434
1.30434
1.30434
1.30434
1.30434
1.30434
1.30434
1.29986
1.29986
1.28936
1.28936
1.28936
1.28936
1.28936
1.28936
1.28936
1.28936
1.28936
1.28936
1.28936
1.28936
1.28936
1.28706
1.28706
1.28706
1.28706
1.28706
1.28706
1.28706
1.28706
1.28706
1.28706
1.28706
1.28706
1.28706
1.28706
1.28706
1.28706
1.28706
1.28706
1.28706
1.28706
1.28706
1.28706
1.28706
1.28706
1.28706
1.28706
1.28706
1.28706
1.28706
1.28706
1.28706
1.28706
1.28706
1.28706
1.28706
1.28706
1.28706
1.28706
1.28706
1.28706
1.28706
1.28706
1.28706
1.28706
1.28706
1.28706
1.28706
1.28706
1.28706
1.28706
1.28706
1.28706
1.28706
1.28706
1.28706
1.28706
1.27422
1.26835
1.26835
1.26835
1.26835
1.26835
1.26835
1.26835
1.252
1.252
1.252
1.252
1.2513
1.2513
1.2513
1.2513
1.2513
1.2513
1.2505
1.2505
1.2505
1.24985
1.24612
1.24612
1.24612
1.24612
1.24612
1.24612
1.2402
1.2402
1.2402
1.2402
1.2402
1.2298
1.2298
1.2298
1.2298
1.2298
1.2298
1.22676
1.22604
1.22604
1.22604
1.22604
1.22604
1.22604
1.22604
1.22604
1.22604
1.22604
1.22604
1.22592
1.22592
1.22592
1.22592
1.22592
1.22592
1.22592
1.22592
1.22592
1.22592
1.22592
1.22592
1.22592
1.22592
1.22592
1.22592
1.22592
1.22592
1.22592
1.22592
1.22592
1.22592
1.22592
1.22592
1.22592
1.22592
1.22592
1.22592
1.22592
1.22592
1.22592
1.22592
1.22592
1.22592
1.22592
1.22592
1.22592
1.22592
1.22592
1.22592
1.22592
1.22592
1.22592
1.22592
1.22592
1.22592
1.22592
1.22592
1.22592
1.22592
1.22592
1.22592
1.22592
1.22592
1.22592
1.22592
1.22592
1.22592
1.22592
1.22592
1.22592
1.22592
1.22592
1.22592
1.22592
1.22592
1.22592
1.22592
1.22592
1.22592
1.22592
1.22592
1.22592
1.22592
1.22592
1.22592
1.22592
1.22592
1.22592
1.22592
1.22592
1.22592
1.22592
1.22592
1.22592
1.22592
1.22592
1.22592
1.22592
1.22592
1.22592
1.22592
1.22592
1.22592
1.22592
1.22592
1.22592
1.22592
1.22592
1.22592
1.22592
1.22592
1.22592
1.22592
1.22592
1.22592
1.22592
1.22592
1.22592
1.22592
1.22592
1.22592
1.22592
1.22592
1.22592
1.22592
1.22592
1.22592
1.22592
1.22592
1.22592
1.22592
1.22592
1.22592
1.22592
1.22592
1.22592
1.22592
1.22592
1.22592
1.22592
1.22592
1.22592
1.22592
1.22592
1.22592
1.22592
1.22592
1.22592
1.22592
1.22592
1.22592
1.22592
1.22592
1.22592
1.22592
1.22592
1.22592
1.22592
1.22592
1.22592
1.22592
1.22592
1.22562
1.22562
1.22562
1.22562
1.22562
1.22562
1.22562
1.22562
1.22562
1.22562
1.22562
1.22562
1.22562
1.22562
1.22562
1.22562
1.22562
1.22562
1.22562
1.22562
1.22562
1.22562
1.22562
1.22562
1.22562
1.22562
1.22562
1.22562
1.22562
1.22538
1.22538
1.22538
1.22538
1.22538
1.22538
1.22538
1.22538
1.22538
1.22538
1.22538
1.22538
1.22538
1.22538
1.22538
1.22538
1.22538
1.22538
1.22538
1.22538
1.22538
1.22538
1.22538
1.22538
1.22538
1.22538
1.22538
1.22538
1.22538
1.22538
1.22538
1.22538
1.22538
1.22538
1.22538
1.22538
1.22538
1.22538
1.22538
1.22538
1.22538
1.22538
1.22538
1.22538
1.22538
1.22538
1.22538
1.22538
1.22538
1.22538
1.22538
1.20366
1.19692
1.19692
1.19692
1.19692
1.19692
1.19692
1.19692
1.19692
1.19692
1.19692
1.19692
1.19692
1.19692
1.19692
1.19692
1.19692
1.19692
1.19692
1.19692
1.19692
1.19692
1.19692
1.19274
1.19274
1.19274
1.19274
1.19274
1.19274
1.19274
1.19274
1.19274
1.19274
1.19274
1.19274
1.19274
1.19274
1.19274
1.19274
1.19274
1.19274
1.19274
1.19274
1.19274
1.19274
1.19274
1.19274
1.19274
1.19274
1.19274
1.19274
1.19274
1.19274
1.19274
1.19274
1.19274
1.19274
1.19274
1.19274
1.19274
1.19274
1.19274
1.19274
1.19274
1.19274
1.19274
1.19274
1.19274
1.19274
1.19274
1.19274
1.19274
1.19274
1.19274
1.19274
1.19274
1.19274
1.19274
1.19274
1.19274
1.19274
1.19274
1.19274
1.19274
1.19274
1.19274
1.19274
1.19274
1.19274
1.19274
1.19274
1.19274
1.19274
1.19274
1.19274
1.19274
1.18639
1.18639
1.18639
1.18639
1.18639
1.18639
1.18639
1.18639
1.18639
1.18639
1.18639
1.18639
1.18639
1.18639
1.18639
1.18639
1.18639
1.18639
1.18639
1.18639
1.18639
1.18639
1.18639
1.18639
1.18639
1.18639
1.18639
1.18639
1.18639
1.18639
1.18639
1.18639
1.18639
1.18639
1.18639
1.18639
1.18639
1.18639
1.18639
1.18639
1.18639
1.18639
1.18639
1.18639
1.18639
1.18639
1.18639
1.18639
1.18639
1.18639
1.18639
1.18639
1.18639
1.18639
1.18639
1.18639
1.18639
1.18639
1.18639
1.18639
1.18639
1.18639
1.18639
1.18639
1.18639
1.18639
1.18639
1.18639
1.18639
1.18639
1.18639
1.18639
1.18639
1.18639
1.18639
1.18639
1.18639
1.18639
1.18639
1.18639
1.18639
1.18639
1.18639
1.18639
1.18639
1.18639
1.18639
1.18639
1.18639
1.18639
1.18639
1.18639
1.18639
1.18639
1.18639
1.18639
1.18639
1.18639
1.18639
1.18639
1.18639
1.18639
1.18639
1.18639
1.18639
1.18639
1.18639
1.18639
1.18639
1.18639
1.18639
1.18639
1.18639
1.18639
1.18639
1.18639
1.18639
1.18639
1.18639
1.18639
1.18639
1.18639
1.18639
1.18639
1.18639
1.18639
1.18639
1.18639
1.18639
1.18639
1.18639
1.18639
1.18639
1.18639
1.18639
1.18639
1.18639
1.18639
1.18639
1.18639
1.18639
1.18639
1.18639
1.18639
1.18639
1.18639
1.18639
1.18639
1.18639
1.18639
1.18639
1.18639
1.18639
1.18639
1.18639
1.18639
1.18639
1.18639
1.18639
1.18639
1.18639
1.18639
1.18639
1.18639
1.18639
1.18639
1.18639
1.18639
1.18639
1.18639
1.18639
1.18639
1.18639
1.18639
1.18639
1.18639
1.18639
1.18639
1.18639
1.18639
1.18639
1.18639
1.18639
1.18639
1.18639
1.18639
1.18639
1.18639
1.18639
1.18639
1.18639
1.18639
1.18639
1.18639
1.18639
1.18639
1.18639
1.18639
1.18639
1.18639
1.18639
1.18639
1.18639
1.18639
1.18639
1.18639
1.18639
1.18639
1.18639
1.18639
1.18639
1.18639
1.18639
1.18639
1.18639
1.18639
1.18639
1.18639
1.18639
1.18639
1.18639
1.18639
1.18639
1.18639
1.18639
1.18639
1.18639
1.18639
1.18639
1.18639
1.18639
1.18639
1.18639
1.18639
1.18639
1.18639
1.18639
1.18639
1.18639
1.18639
1.18639
1.18639
1.18639
1.18639
1.18639
1.18639
1.18639
1.18639
1.18639
1.18639
1.18639
1.18639
1.18639
1.18639
1.18639
1.18639
1.18639
1.18639
1.18639
1.18639
1.18639
1.18639
1.18639
1.18639
1.18639
1.18639
1.18639
1.18639
1.18639
1.18639
1.18639
1.18639
1.18639
1.18639
1.18639
1.18639
1.18639
1.18639
1.18639
1.18639
1.18639
1.18639
1.18639
1.18639
1.18639
1.18639
1.18639
1.18639
1.18639
1.18639
1.18639
1.18639
1.18639
1.18639
1.18639
1.18639
1.18639
1.18639
1.18639
1.18639
1.18639
1.18639
1.18639
1.18639
1.18639
1.18639
1.18639
1.18639
1.18639
1.18639
1.18639
1.18639
1.18639
1.18639
1.18639
1.18639
1.18639
1.18639
1.18639
1.18639
1.18639
1.18639
1.18639
1.18639
1.18639
1.18639
1.18639
1.18639
1.18639
1.18639
1.18639
1.18639
1.18639
1.18639
1.18639
1.18639
1.18639
1.18639
1.18639
1.18639
1.18639
1.18639
1.18639
1.18639
1.18639
1.18639
1.18639
1.18639
1.18639
1.18639
1.18639
1.18639
1.18639
1.18639
1.18639
1.18639
1.18639
1.18639
1.18639
1.18639
1.18639
1.18639
1.18639
1.18639
1.18639
1.18639
1.18639
1.18639
1.18639
1.18639
1.18639
1.18639
1.18639
1.18639
1.18639
1.18639
1.18639
1.18639
1.18639
1.18639
1.18639
1.18639
1.18639
1.18639
1.18639
1.18639
1.18639
1.18639
1.18639
1.18639
1.18639
1.18639
1.18639
1.18639
1.18639
1.18639
1.18639
1.18639
1.18639
1.18639
1.18639
1.18639
1.18639
1.18639
1.18639
1.18639
1.18639
1.18639
1.18639
1.18639
1.18639
1.18639
1.18639
1.18639
1.18639
1.18639
1.18639
1.18639
1.18639
1.18639
1.18639
1.18639
1.18639
1.18639
1.18639
1.18639
1.18639
1.18639
1.18639
1.18639
1.18639
1.18639
1.18639
1.18639
1.18639
1.18639
1.18639
1.18639
1.18639
1.18639
1.18639
1.18639
1.18639
1.18639
1.18639
1.18639
1.18639
1.18639
1.18639
1.18639
1.18639
1.18639
1.18639
1.18639
1.18639
1.18639
1.18639
1.18639
1.18639
1.18639
1.18639
1.18639
1.18639
1.18639
1.18639
1.18639
1.18639
1.18639
1.18639
1.18639
1.18639
1.18639
1.18639
1.18639
1.18639
1.18639
1.18639
1.18639
1.18639
1.18639
1.18639
1.18639
1.18639
1.18639
1.18639
1.18639
1.18639
1.18639
1.18639
1.18639
1.18639
1.18639
1.18639
1.18639
1.18639
1.18639
1.18639
1.18639
1.18639
1.18639
1.18639
1.18639
1.18639
1.18639
1.18639
1.18639
1.18639
1.18639
1.18639
1.18639
1.18639
1.18639
1.18639
1.18639
1.18639
1.18639
1.18639
1.18639
1.18639
1.18639
1.18639
1.18639
1.18639
1.18639
1.18639
1.18639
1.18639
1.18639
1.18639
1.18639
1.18639
1.18639
1.18639
1.18639
1.18639
1.18639
1.18639
1.18639
1.18639
1.18639
1.18639
1.18639
1.18639
1.18639
1.18639
1.18639
1.18639
1.18639
1.18639
1.18639
1.18639
1.18639
1.18639
1.18639
1.18639
1.18639
1.18639
1.18639
1.18639
1.18639
1.18639
1.18639
1.18639
1.18639
1.18639
1.18639
1.18639
1.18639
1.18639
1.18639
1.18639
1.18639
1.18639
1.18639
1.18639
1.18639
1.18639
1.18639
1.18639
1.18639
1.18639
1.18639
1.18639
1.18639
1.18639
1.18639
1.18639
1.18639
1.18639
1.18639
1.18639
1.18639
1.18639
1.18639
1.18639
1.18639
1.18639
1.18639
1.18639
1.18639
1.18639
1.18639
1.18639
1.18639
1.18639
1.18639
1.18639
1.18639
1.18639
1.18639
1.18639
1.18639
1.18639
1.18639
1.18639
1.18639
1.18639
1.18639
1.18639
1.18639
1.18639
1.18639
1.18639
1.18639
1.18639
1.18639
1.18639
1.18639
1.18639
1.18639
1.18639
1.18639
1.18639
1.18639
1.18639
1.18639
1.18639
1.18639
1.18639
1.18639
1.18639
1.18639
1.18639
1.18639
1.18639
1.18639
1.18639
1.18639
1.18639
1.18639
1.18639
1.18639
1.18639
1.18639
1.18639
1.18639
1.18639
1.18639
1.18639
1.18639
1.18639
1.18639
1.18639
1.18639
1.18639
1.18639
1.18639
1.18639
1.18639
1.18639
1.18639
1.18639
1.18639
1.18639
1.18639
1.18639
1.18639
1.18639
1.18639
1.18639
1.18639
1.18639
1.18639
1.18639
1.18639
1.18639
1.18639
1.18639
1.18639
1.18639
1.18639
1.18639
1.18639
1.18639
1.18639
1.18639
1.18639
1.18639
1.18639
1.18639
1.18639
1.18639
1.18639
1.18639
1.18639
1.18639
1.18639
1.18639
1.18639
1.18639
1.18639
1.18639
1.18639
1.18639
1.18639
1.18639
1.18639
1.18639
1.18639
1.18639
1.18639
1.18639
1.18639
1.18639
1.18639
1.18639
1.18639
1.18639
1.18639
1.18639
1.18639
1.18639
1.18639
1.18639
1.18639
1.18639
1.18639
1.18639
1.18639
1.18639
1.18639
1.18639
1.18639
1.18639
1.18639
1.18639
1.18639
1.18639
1.18639
1.18639
1.18639
1.18639
1.18639
1.18639
1.18639
1.18639
1.18639
1.18639
1.18639
1.18639
1.18639
1.18639
1.18639
1.18639
1.18639
1.18639
1.18639
1.18639
1.18639
1.18639
1.18639
1.18639
1.18639
1.18639
1.18639
1.18639
1.18639
1.18639
1.18639
1.18639
1.18639
1.18639
1.18639
1.18639
1.18639
1.18639
1.18639
1.18639
1.18639
1.18639
1.18639
1.18639
1.18639
1.18639
1.18639
1.18639
1.18639
1.18639
1.18639
1.18639
1.18639
1.18639
1.18639
1.18639
1.18639
1.18639
1.18639
1.18639
1.18639
1.18639
1.18639
1.18639
1.18639
1.18639
1.18639
1.18639
1.18639
1.18639
1.18639
1.18639
1.18639
1.18639
1.18639
1.18639
1.18639
1.18639
1.18639
1.18639
1.18639
1.18639
1.18639
1.18639
