1.31905
1.31905
1.2982
1.29876
1.2869
1.2869
1.2869
1.26606
1.26606
1.25946
1.25946
1.25806
1.25806
1.25806
1.24619
1.24619
1.24478
1.24478
1.24192
1.24192
1.24192
1.22864
1.22864
1.22864
1.22482
1.21785
1.21645
1.21645
1.20096
1.20096
1.20096
1.20096
1.17959
1.17959
1.17245
1.17245
1.14832
1.14832
1.14832
1.14832
1.14354
1.13213
1.13213
1.13213
1.11869
1.11869
1.11166
1.11166
1.11166
1.11166
1.11166
1.11166
1.10935
1.10935
1.10935
1.10826
1.10826
1.10826
1.10826
1.10826
1.10826
1.10826
1.10826
1.10826
1.10826
1.10826
1.10826
1.10826
1.10826
1.10826
1.10826
1.10826
1.10346
1.10346
1.09774
1.09774
1.09774
1.09774
1.09774
1.09293
1.09293
1.09293
1.09293
1.0936
1.0936
1.0936
1.0936
1.0936
1.0936
1.0936
1.0936
1.0936
1.0936
1.0936
1.0936
1.0936
1.0936
1.0936
1.0936
1.0936
1.0936
1.0936
1.0936
1.0936
1.0936
1.0936
1.0936
1.0936
1.0936
1.0936
1.0936
1.0936
1.0936
1.0936
1.0936
1.0936
1.0936
1.0936
1.0936
1.0936
1.0936
1.0936
1.08818
1.08818
1.08818
1.08818
1.08818
1.08818
1.08818
1.08818
1.08818
1.08818
1.08818
1.08818
1.08818
1.08818
1.08818
1.08818
1.08818
1.08818
1.08818
1.08818
1.08818
1.08818
1.08818
1.08818
1.08818
1.08818
1.08818
1.08818
1.08818
1.08818
1.08818
1.08818
1.08818
1.08818
1.08818
1.08818
1.08818
1.08818
1.08818
1.08818
1.08818
1.08818
1.08818
1.08818
1.08818
1.08818
1.08818
1.08818
1.08818
1.08818
1.08818
1.08818
1.08818
1.08818
1.08818
1.08818
1.08818
1.08818
1.08818
1.08818
1.08818
1.08818
1.08818
1.08818
1.08818
1.08818
1.08818
1.08818
1.08818
1.08818
1.08818
1.08818
1.08818
1.08818
1.08818
1.08818
1.08818
1.08818
1.08108
1.08108
1.08108
1.08108
1.08108
1.08108
1.08108
1.08108
1.08108
1.08108
1.08108
1.08108
1.08108
1.08108
1.08108
1.08108
1.08108
1.08108
1.08108
1.08108
1.08108
1.08108
1.08108
1.08108
1.08108
1.08108
1.08108
1.08108
1.08108
1.08108
1.08108
1.08108
1.08108
1.07665
1.07665
1.07665
1.07665
1.07665
1.07665
1.07665
1.07665
1.07665
1.07665
1.07665
1.07665
1.07665
1.07665
1.07665
1.07665
1.07665
1.07665
1.07665
1.07665
1.07665
1.07665
1.07665
1.07665
1.07665
1.07665
1.07665
1.07665
1.07665
1.07665
1.07665
1.07665
1.07665
1.07665
1.07665
1.07665
1.07665
1.07665
1.07665
1.07665
1.07665
1.07665
1.07665
1.07665
1.07665
1.07665
1.07665
1.07665
1.07665
1.07665
1.07665
1.07665
1.07665
1.07665
1.07665
1.07665
1.07665
1.07665
1.07665
1.07665
1.07665
1.07665
1.07665
1.07665
1.07665
1.07665
1.07665
1.07665
1.07665
1.07665
1.07665
1.07665
1.07665
1.07665
1.07665
1.07665
1.07665
1.07665
1.07665
1.07665
1.07665
1.07665
1.07665
1.07665
1.07665
1.07665
1.07665
1.07665
1.07665
1.07665
1.07665
1.07665
1.07665
1.07665
1.07665
1.07665
1.07665
1.07665
1.07665
1.07665
1.07665
1.07665
1.07665
1.07665
1.07665
1.07665
1.07665
1.07665
1.07665
1.07665
1.07665
1.07665
1.07665
1.07665
1.07665
1.07665
1.07665
1.07665
1.07665
1.07665
1.07665
1.07665
1.07665
1.07665
1.07665
1.07665
1.07665
1.07665
1.07665
1.07665
1.07665
1.07665
1.07665
1.07665
1.07665
1.07665
1.07665
1.07665
1.07665
1.07665
1.07665
1.07665
1.07665
1.07665
1.07665
1.07665
1.07665
1.07665
1.07665
1.07665
1.07665
1.07665
1.07665
1.07665
1.07665
1.07665
1.07665
1.07665
1.07665
1.07665
1.07665
1.07665
1.07665
1.07665
1.07665
1.07665
1.07665
1.07665
1.07665
1.07665
1.07665
1.07665
1.07665
1.07665
1.07665
1.07665
1.07665
1.07665
1.07665
1.07665
1.07665
1.07665
1.07665
1.07665
1.07665
1.07665
1.07665
1.07665
1.07665
1.07665
1.07665
1.07665
1.07665
1.07665
1.07665
1.07665
1.07665
1.07665
1.07665
1.07665
1.07665
1.07665
1.07665
1.07665
1.07665
1.07665
1.07665
1.07665
1.07665
1.07665
1.07665
1.07665
1.07665
1.07665
1.07665
1.07665
1.07665
1.07665
1.07665
1.07665
1.07665
1.07665
1.07665
1.07665
1.07665
1.07665
1.07665
1.07665
1.07665
1.07665
1.07665
1.07665
1.07665
1.07665
1.07665
1.07665
1.07665
1.07665
1.07665
1.07665
1.07665
1.07665
1.07665
1.07665
1.07665
1.07665
1.07665
1.07665
1.07665
1.07665
1.07665
1.07665
1.07665
1.07665
1.07665
1.07665
1.07665
1.07665
1.07665
1.07665
1.07665
1.07665
1.07665
1.07665
1.07665
1.07665
1.07665
1.07665
1.07665
1.07665
1.07665
1.07665
1.07665
1.07665
1.07665
1.07665
1.07665
1.07665
1.07665
1.07665
1.07665
1.07665
1.07665
1.07665
1.07665
1.07665
1.07665
1.07665
1.07665
1.07665
1.07665
1.07665
1.07665
1.07665
1.07665
1.07665
1.07665
1.07665
1.07665
1.07665
1.07665
1.07665
1.07665
1.07665
1.07665
1.07665
1.07665
1.07665
1.07665
1.07665
1.07665
1.07665
1.07665
1.07665
1.07665
1.07665
1.07665
1.07665
1.07665
1.07665
1.07665
1.07665
1.07665
1.07665
1.07665
1.07665
1.07665
1.07665
1.07665
1.07665
1.07665
1.07665
1.07665
1.07665
1.07665
1.07665
1.07665
1.07665
1.07665
1.07665
1.07665
1.07665
1.07665
1.07665
1.07665
1.07665
1.07665
1.07665
1.07665
1.07665
1.07665
1.07665
1.07665
1.07665
1.07665
1.07665
1.07665
1.07665
1.07665
1.07665
1.07665
1.07665
1.07665
1.07665
1.07665
1.07665
1.07665
1.07665
1.07665
1.07665
1.07665
1.07665
1.07665
1.07665
1.07665
1.07665
1.07665
1.07665
1.07665
1.07665
1.07665
1.07665
1.07665
1.07665
1.07665
1.07665
1.07665
1.07665
1.07665
1.07665
1.07665
1.07665
1.07665
1.07665
1.07665
1.07665
1.07665
1.07665
1.07665
1.07665
1.07665
1.07665
1.07665
1.07665
1.07665
1.07665
1.07665
1.07665
1.07665
1.07665
1.07665
1.07665
1.07665
1.07665
1.07665
1.07665
1.07665
1.07665
1.07665
1.07665
1.07665
1.07665
1.07665
1.07665
1.07665
1.07665
1.07665
1.07665
1.07665
1.07665
1.07665
1.07665
1.07665
1.07665
1.07665
1.07665
1.07665
1.07665
1.07665
1.07665
1.07665
1.07665
1.07665
1.07665
1.07665
1.07665
1.07665
1.07665
1.07665
1.07665
1.07665
1.07665
1.07665
1.07665
1.07665
1.07665
1.07665
1.07665
1.07665
1.07665
1.07665
1.07665
1.07665
1.07665
1.07665
1.07665
1.07665
1.07665
1.07665
1.07665
1.07665
1.07665
1.07665
1.07665
1.07665
1.07665
1.07665
1.07665
1.07665
1.07665
1.07665
1.07665
1.07665
1.07665
1.07665
1.07665
1.07665
1.07665
1.07665
1.07665
1.07665
1.07665
1.07665
1.07665
1.07665
1.07665
1.07665
1.07665
1.07665
1.07665
1.07665
1.07665
1.07665
1.07665
1.07665
1.07665
1.07665
1.07665
1.07665
1.07665
1.07665
1.07665
1.07665
1.07665
1.07665
1.07665
1.07665
1.07665
1.07665
1.07665
1.07665
1.07665
1.07665
1.07665
1.07665
1.07665
1.07665
1.07665
1.07665
1.07665
1.07665
1.07665
1.07665
1.07665
1.07665
1.07665
1.07665
1.07665
1.07665
1.07665
1.07665
1.07665
1.07665
1.07665
1.07665
1.07665
1.07665
1.07665
1.07665
1.07665
1.07665
1.07665
1.07665
1.07665
1.07665
1.07665
1.07665
1.07665
1.07665
1.07665
1.07665
1.07665
1.07665
1.07665
1.07665
1.07665
1.07665
1.07665
1.07665
1.07665
1.07665
1.07665
1.07665
1.07665
1.07665
1.07665
1.07665
1.07665
1.07665
1.07665
1.07665
1.07665
1.07665
1.07665
1.07665
1.07665
1.07665
1.07665
1.07665
1.07665
1.07665
1.07665
1.07665
1.07665
1.07665
1.07665
1.07665
1.07665
1.07665
1.07665
