
/*---------------------------贪心算法思想下解的说明------------------------------*/

算法思想：以当前所在的点为参考选择离自己最近的点作为下一站，走过的点不在经过


贪心思想只能求得每一步只能求得局部最短路径，因此最终结果是近似最优解

贪心算法求解的最短路程的长度为：29190.4
实际的最短路径为：22141
此算法和最优解的近似度为:1.31839
time = 0.004s
/*---------------------------贪心算法思想下解的说明------------------------------*/



/*---------------------------遗传算法2思想下解的说明------------------------------*/

算法思想：随机生成一个路线序列，路线路径长度短的会更可能遗传下去，所以经过多次代际迭代，最终的结果会趋近于最优解


代际更迭次数越多，越接近最优解。这种算法最终结果是近似最优解

遗传算法求解的最短路程的长度为：24741.1
实际的最短路径为：22141
此算法和最优解的近似度为:1.11743
time = 157.651s
这个算法迭代终止条件是前后 800 代最优个体一样
这个算法中共计迭代 4360次
其中每一代个体数为 200   交叉遗传的概率为 0.8   变异的概率为 0.1

迭代过程中 交叉遗传次数为348760  其中变异次数为95867

以下是迭代过程中每一代中最好的个体所对应的路先长度变化（每20代输出一次）

28043.9 27629.8 27576.9 27444.8 27441.8 27406.6 27406.6 27388.3 27388.3 27360.9 27332 27329 27215 27053.9 27053.9 27053.9 27053.9 27053.9 27053.9 27053.9 
27053.9 27053.9 27053.9 27053.9 27053.9 27053.9 27049.1 27043.2 27043.2 27043.2 27043.2 27038.3 27038.3 26771.9 26771.9 26766.1 26766.1 26766.1 26766.1 26766.1 
26766.1 26766.1 26766.1 26766.1 26766.1 26766.1 26766.1 26761.4 26731.1 26731.1 26731.1 26731.1 26731.1 26731.1 26731.1 26731.1 26731.1 26731.1 26731.1 26731.1 
26731.1 26731.1 26731.1 26731.1 26731.1 26731.1 26731.1 26731.1 26731.1 26678.6 26678.6 26678.6 26678.6 26678.6 26678.6 26678.6 26678.6 26678.6 26678.6 26678.6 
26678.6 26678.6 26678.6 26678.6 26678.6 26678.6 26678.6 26678.6 26678.6 26678.6 26678.6 26678.6 26678.6 26678.6 26678.6 26678.6 26644.7 26644.7 26644.7 26644.7 
26644.7 26488.4 26488.4 26488.4 26488.4 26488.4 26488.4 26488.4 26431.4 26431.4 26046.2 25831 25772.1 25772.1 25715.2 25703.6 25700.2 25700.2 25532.8 25507.9 
25507.9 25507.9 25507.9 25430 25430 25231.9 25181.7 25181.7 25181.7 25181.7 25181.7 25081.5 25081.5 25081.5 25081.5 25081.5 25081.5 25081.5 25081.5 25081.5 
25081.5 25081.5 25081.5 25081.5 25081.5 25081.5 24957.5 24957.5 24957.5 24957.5 24957.5 24957.5 24957.5 24957.5 24957.5 24957.5 24957.5 24957.5 24957.5 24957.5 
24957.5 24957.5 24957.5 24957.5 24957.5 24957.5 24957.5 24957.5 24957.5 24957.5 24957.5 24957.5 24957.5 24853 24744.9 24744.9 24744.9 24744.9 24741.1 24741.1 
24741.1 24741.1 24741.1 24741.1 24741.1 24741.1 24741.1 24741.1 24741.1 24741.1 24741.1 24741.1 24741.1 24741.1 24741.1 24741.1 24741.1 24741.1 24741.1 24741.1 
24741.1 24741.1 24741.1 24741.1 24741.1 24741.1 24741.1 24741.1 24741.1 24741.1 24741.1 24741.1 24741.1 24741.1 24741.1 24741.1 24741.1 24741.1 
/*---------------------------遗传算法2思想下解的说明------------------------------*/


