7.2277
6.95062
6.69926
6.62174
6.09576
6.09576
6.09576
6.09576
5.90493
5.90493
5.88571
5.78072
5.78072
5.7165
5.56671
5.56671
5.56671
5.49877
5.24929
5.24929
5.24929
5.24929
4.97177
4.97177
4.97177
4.83055
4.83055
4.83009
4.75759
4.7519
4.65703
4.65703
4.65703
4.57253
4.57253
4.57253
4.57253
4.55213
4.55213
4.49268
4.49268
4.48185
4.48185
4.48185
4.37289
4.37289
4.37289
4.35734
4.35734
4.35734
4.35734
4.30762
4.30762
4.30762
4.30762
4.22722
4.16262
4.16262
4.16262
4.09788
4.09788
3.88582
3.88582
3.81535
3.81535
3.81535
3.81535
3.75915
3.75915
3.72572
3.67226
3.67226
3.48552
3.48552
3.48552
3.48552
3.48552
3.45198
3.45198
3.45198
3.45076
3.43103
3.43103
3.43103
3.43103
3.37485
3.29263
3.29263
3.29263
3.27596
3.18284
3.16615
3.16615
3.14469
3.14469
3.12327
3.10017
3.05567
2.98425
2.97827
2.97827
2.93651
2.93651
2.92604
2.89569
2.89569
2.8867
2.86363
2.85998
2.80297
2.77938
2.74736
2.73037
2.69507
2.69507
2.69507
2.68576
2.66312
2.64523
2.64286
2.62176
2.62176
2.61024
2.59626
2.57712
2.57712
2.57556
2.56743
2.56134
2.54696
2.54432
2.53831
2.52586
2.49295
2.49295
2.44236
2.44236
2.43728
2.43728
2.43195
2.40573
2.40439
2.38589
2.37276
2.37276
2.35961
2.35633
2.33675
2.31929
2.31929
2.31439
2.28151
2.28151
2.28151
2.28014
2.26328
2.26172
2.25272
2.24608
2.22965
2.22965
2.22339
2.21767
2.21767
2.21767
2.21767
2.20755
2.20755
2.20589
2.19326
2.16161
2.16161
2.16161
2.15934
2.14588
2.14089
2.14056
2.13809
2.11799
2.11799
2.11715
2.11624
2.10324
2.10184
2.09294
2.07022
2.05566
2.05566
2.05566
2.05566
2.03496
2.02076
2.02076
2.02076
2.01778
2.01778
2.01172
2.00806
2.00276
2.00276
1.99778
1.99058
1.99058
1.99058
1.9871
1.9871
1.9871
1.9871
1.98053
1.97792
1.97792
1.97452
1.97413
1.97157
1.97157
1.95949
1.95949
1.95949
1.95857
1.95857
1.95857
1.9548
1.9548
1.95053
1.95053
1.95053
1.93959
1.93959
1.93959
1.93867
1.93867
1.9324
1.9324
1.92502
1.9149
1.9149
1.9149
1.91445
1.9081
1.90224
1.90224
1.89388
1.88036
1.87721
1.86914
1.868
1.868
1.86455
1.86308
1.86308
1.86277
1.86124
1.85001
1.84353
1.84353
1.84209
1.83701
1.83701
1.83634
1.83634
1.836
1.83421
1.83303
1.82958
1.82958
1.82909
1.82836
1.82836
1.82563
1.82563
1.82446
1.82241
1.82241
1.82241
1.82241
1.82241
1.81943
1.81943
1.81278
1.81278
1.81278
1.81278
1.81278
1.81278
1.81101
1.81101
1.80965
1.80965
1.80906
1.80788
1.80788
1.80788
1.80788
1.80788
1.80788
1.80788
1.80788
1.80788
1.7942
1.7942
1.7942
1.7942
1.79007
1.79007
1.79007
1.79007
1.79007
1.79007
1.79007
1.79007
1.79007
1.79007
1.79007
1.79007
1.78977
1.78977
1.78648
1.7827
1.7827
1.7827
1.77752
1.77752
1.77752
1.77752
1.77752
1.77752
1.77752
1.77617
1.77447
1.77447
1.77447
1.77447
1.77447
1.77344
1.77344
1.77344
1.77344
1.77344
1.77344
1.77313
1.77272
1.77272
1.77272
1.77272
1.77272
1.77149
1.76838
1.76838
1.76838
1.76838
1.76838
1.76838
1.76838
1.76838
1.7669
1.76567
1.76567
1.76567
1.76185
1.76185
1.76185
1.76061
1.76061
1.76061
1.76061
1.76061
1.76061
1.76061
1.76061
1.75989
1.7595
1.7595
1.7595
1.75715
1.75715
1.7562
1.7504
1.7504
1.7504
1.7504
1.7504
1.7504
1.7504
1.7462
1.7462
1.7462
1.7462
1.7462
1.7428
1.7428
1.7428
1.73446
1.73446
1.73446
1.73446
1.73446
1.73446
1.73446
1.72172
1.71342
1.70958
1.7086
1.70697
1.70476
1.70351
1.70351
1.70351
1.70253
1.7013
1.70035
1.70035
1.70035
1.69866
1.69866
1.69866
1.69626
1.69626
1.69626
1.69626
1.69626
1.69626
1.69626
1.69626
1.69626
1.69626
1.69626
1.69626
1.69626
1.69626
1.69626
1.69626
1.69626
1.69626
1.69569
1.69569
1.69569
1.69569
1.69569
1.69569
1.69569
1.69569
1.69569
1.69569
1.69569
1.6931
1.6931
1.6931
1.6931
1.69301
1.69301
1.69301
1.69301
1.69244
1.68984
1.68046
1.68046
1.68046
1.68046
1.68046
1.67758
1.67721
1.67721
1.67721
1.67721
1.67721
1.67721
1.67721
1.67721
1.67721
1.67721
1.67721
1.67721
1.67721
1.67461
1.67461
1.67432
1.67432
1.67432
1.67432
1.67432
1.67432
1.67432
1.67432
1.67432
1.67432
1.67432
1.67432
1.67432
1.67432
1.67432
1.67432
1.67432
1.67432
1.67432
1.67432
1.67432
1.67236
1.67236
1.67236
1.67236
1.67236
1.67236
1.67236
1.67236
1.62955
1.62955
1.62955
1.62933
1.62933
1.62933
1.62933
1.62933
1.62933
1.62933
1.62933
1.62933
1.62933
1.62933
1.62933
1.62933
1.62933
1.62933
1.62933
1.62933
1.62933
1.62933
1.62933
1.62933
1.62933
1.62933
1.62933
1.62933
1.62933
1.62933
1.62933
1.62933
1.62933
1.62933
1.62933
1.62933
1.6278
1.6277
1.6277
1.6277
1.6277
1.6277
1.6277
1.6277
1.6277
1.6277
1.6277
1.6277
1.6277
1.6277
1.6277
1.6277
1.6277
1.6277
1.6277
1.6277
1.6277
1.6277
1.6277
1.6277
1.6277
1.6277
1.6277
1.6277
1.6277
1.6277
1.6277
1.6277
1.6277
1.6277
1.6277
1.6277
1.6277
1.6277
1.6277
1.6277
1.6277
1.6277
1.6277
1.6277
1.6277
1.6277
1.6277
1.6277
1.6277
1.6277
1.6277
1.6277
1.62627
1.62627
1.62248
1.62248
1.62248
1.61984
1.61984
1.61984
1.61984
1.61984
1.61683
1.61683
1.61524
1.61524
1.61524
1.61524
1.61524
1.61524
1.61524
1.61058
1.61058
1.60682
1.60682
1.60682
1.60682
1.60682
1.60682
1.60682
1.60682
1.60682
1.60682
1.60682
1.60682
1.60682
1.60682
1.60682
1.60682
1.60682
1.60682
1.60682
1.60682
1.60682
1.60682
1.60682
1.60682
1.60682
1.60671
1.60671
1.60545
1.60545
1.60389
1.60389
1.60281
1.60281
1.60281
1.60114
1.60114
1.6
1.6
1.6
1.59598
1.59598
1.59598
1.59573
1.59573
1.59431
1.59431
1.59431
1.59431
1.59431
1.59431
1.59431
1.59431
1.59338
1.59338
1.59338
1.59338
1.59338
1.59338
1.59338
1.59338
1.59338
1.59338
1.58789
1.58684
1.58684
1.58684
1.58591
1.58591
1.58448
1.58448
1.58135
1.58135
1.58041
1.58041
1.58041
1.58041
1.57975
1.57975
1.56196
1.56196
1.56103
1.56103
1.56103
1.56103
1.56103
1.56103
1.56103
1.55904
1.55812
1.55812
1.55793
1.55244
1.55244
1.55217
1.54953
1.54953
1.54953
1.54953
1.54953
1.54953
1.54953
1.53827
1.53827
1.53537
1.52936
1.52936
1.52936
1.52766
1.52766
1.52756
1.52756
1.52756
1.52756
1.52194
1.52194
1.52194
1.52194
1.52194
1.52194
1.52051
1.52026
1.51096
1.51096
1.51096
1.49619
1.49619
1.49057
1.49057
1.49057
1.48915
1.48914
1.48352
1.48352
1.48352
1.4821
1.4821
1.4821
1.4821
1.4821
1.4821
1.4821
1.4821
1.4821
1.4821
1.4821
1.4821
1.4821
1.4821
1.4821
1.4821
1.4821
1.48168
1.48168
1.48168
1.48168
1.48168
1.48168
1.47955
1.47955
1.4789
1.4789
1.4789
1.47652
1.47652
1.47652
1.47652
1.47652
1.47652
1.47638
1.47551
1.47551
1.47543
1.47517
1.47517
1.47517
1.47517
1.47495
1.4699
1.46753
1.46178
1.46178
1.46178
1.46032
1.46032
1.46032
1.46032
1.46032
1.45967
1.45967
1.45967
1.45967
1.45967
1.45967
1.45967
1.45967
1.45967
1.45967
1.45967
1.45967
1.45967
1.45967
1.45967
1.45967
1.45967
1.4596
1.4596
1.4596
1.4591
1.4591
1.4591
1.4591
1.4591
1.45876
1.45876
1.45876
1.45876
1.45876
1.45876
1.45876
1.45876
1.45876
1.45876
1.45695
1.45669
1.45669
1.45669
1.45669
1.45669
1.45669
1.45669
1.45669
1.45669
1.45669
1.45669
1.45669
1.45669
1.45669
1.45669
1.45669
1.45669
1.45669
1.45669
1.45669
1.45669
1.45669
1.45669
1.45669
1.45669
1.45669
1.45669
1.45669
1.45669
1.45669
1.45669
1.45669
1.45669
1.45669
1.45669
1.45669
1.45669
1.45669
1.45669
1.45669
1.45669
1.45669
1.45669
1.45669
1.45669
1.45669
1.45669
1.45669
1.45669
1.45669
1.45669
1.45669
1.45669
1.45669
1.45669
1.45669
1.45669
1.45669
1.45669
1.45669
1.45669
1.45669
1.45669
1.45669
1.45607
1.45607
1.45581
1.45581
1.45581
1.45581
1.45581
1.45581
1.45581
1.45581
1.45581
1.45581
1.45581
1.45581
1.45581
1.45581
1.45581
1.45581
1.45581
1.45581
1.45581
1.45581
1.45581
1.45538
1.45538
1.45531
1.45531
1.45531
1.45531
1.45531
1.45531
1.45531
1.45531
1.45531
1.45531
1.45531
1.45531
1.45531
1.45531
1.45531
1.45531
1.45531
1.45531
1.45531
1.45531
1.45531
1.45531
1.45372
1.45372
1.4528
1.4528
1.4528
1.4528
1.4528
1.4528
1.4528
1.4528
1.4528
1.4528
1.4528
1.4528
1.4528
1.4528
1.44763
1.44763
1.44763
1.44763
1.44763
1.44763
1.44763
1.44763
1.44763
1.44763
1.44763
1.44574
1.44574
1.44574
1.44574
1.44574
1.44574
1.44561
1.44561
1.44561
1.44561
1.44358
1.44358
1.44358
1.44358
1.44358
1.44358
1.44358
1.44358
1.44358
1.44358
1.44358
1.44358
1.44187
1.44187
1.44187
1.44187
1.44187
1.44187
1.44166
1.44166
1.44166
1.44166
1.44166
1.44166
1.44166
1.44166
1.44166
1.44166
1.44166
1.44166
1.44166
1.44166
1.44166
1.44166
1.44166
1.44166
1.44166
1.44166
1.44166
1.44166
1.44166
1.44166
1.44166
1.44166
1.44166
1.44166
1.44166
1.44166
1.44166
1.44166
1.44166
1.44166
1.44166
1.44166
1.44166
1.44166
1.44166
1.44166
1.44166
1.44166
1.44166
1.44166
1.44166
1.44166
1.44166
1.44166
1.44166
1.44166
1.44166
1.44166
1.44166
1.44166
1.44166
1.44166
1.44166
1.44166
1.44166
1.44166
1.44166
1.44166
1.44166
1.44166
1.44166
1.44166
1.44166
1.44166
1.44166
1.44166
1.44166
1.44166
1.44166
1.43831
1.43831
1.43831
1.43831
1.43831
1.43831
1.43831
1.43831
1.43831
1.43831
1.43831
1.43831
1.43831
1.43831
1.43831
1.43831
1.43831
1.43831
1.43831
1.43831
1.43831
1.43831
1.43831
1.43831
1.43831
1.43831
1.43831
1.43831
1.43831
1.43831
1.43831
1.43831
1.43831
1.43831
1.43831
1.43831
1.43831
1.43831
1.43831
1.43831
1.43831
1.43831
1.43831
1.43831
1.43831
1.43831
1.43831
1.43831
1.43831
1.43831
1.43831
1.43831
1.43831
1.43831
1.43831
1.43831
1.43831
1.43831
1.43831
1.43831
1.43831
1.43831
1.43831
1.43831
1.43831
1.43831
1.43831
1.43831
1.43831
1.43831
1.43831
1.43831
1.43831
1.43831
1.43831
1.43831
1.43831
1.43591
1.43591
1.43555
1.43529
1.43529
1.43529
1.43529
1.43529
1.43529
1.43529
1.43529
1.43529
1.43529
1.43529
1.43529
1.43529
1.43529
1.43529
1.43529
1.43529
1.43529
1.43529
1.43529
1.43529
1.43529
1.43529
1.43529
1.43529
1.43529
1.43529
1.43529
1.43529
1.43529
1.43529
1.43529
1.43529
1.43529
1.43529
1.43529
1.43529
1.43529
1.43529
1.43529
1.43529
1.43529
1.43529
1.43529
1.43501
1.43501
1.43501
1.43501
1.43501
1.43501
1.43501
1.43501
1.43501
1.43501
1.43501
1.43501
1.43501
1.43501
1.43501
1.43501
1.42888
1.42711
1.42711
1.4267
1.4267
1.4267
1.42494
1.42494
1.42494
1.42494
1.42494
1.42494
1.42494
1.42494
1.42494
1.42494
1.42494
1.42494
1.42494
1.42494
1.42494
1.42429
1.42429
1.4237
1.42253
1.42253
1.42253
1.42253
1.42253
1.42253
1.42253
1.42253
1.42253
1.42253
1.42253
1.42253
1.42253
1.42253
1.42253
1.42253
1.42253
1.42253
1.42253
1.42253
1.42253
1.42253
1.42253
1.42253
1.42253
1.42253
1.42107
1.42107
1.42107
1.42107
1.40695
1.40695
1.40695
1.40695
1.40695
1.40695
1.40695
1.40695
1.40695
1.40695
1.40695
1.40695
1.40695
1.40695
1.40695
1.40695
1.40695
1.40695
1.40695
1.40695
1.40695
1.40695
1.40695
1.40695
1.39655
1.38564
1.38161
1.38161
1.38161
1.38161
1.38161
1.38161
1.38161
1.38161
1.38161
1.38161
1.38161
1.38161
1.38161
1.38161
1.38161
1.37962
1.37962
1.37962
1.37962
1.37962
1.37962
1.37962
1.37962
1.37962
1.37962
1.37962
1.37962
1.37962
1.37962
1.37962
1.37962
1.37962
1.37962
1.37962
1.37962
1.37962
1.37962
1.37962
1.37962
1.37962
1.37962
1.37962
1.37962
1.37962
1.37962
1.37962
1.37962
1.37962
1.37962
1.37962
1.37962
1.37962
1.37962
1.37962
1.37962
1.37962
1.37962
1.37962
1.37962
1.37962
1.37962
1.37962
1.37962
1.37962
1.37962
1.37962
1.37962
1.37962
1.37962
1.37962
1.37962
1.37962
1.37962
1.37962
1.37962
1.37962
1.37962
1.37962
1.37962
1.37962
1.37962
1.37962
1.37962
1.37962
1.37962
1.37962
1.37962
1.37962
1.37962
1.37962
1.37962
1.37962
1.37962
1.37962
1.37962
1.37962
1.37962
1.37962
1.37962
1.37962
1.37962
1.37962
1.37962
1.37962
1.37962
1.37962
1.37962
1.37962
1.37962
1.37962
1.37962
1.37962
1.37962
1.37962
1.37962
1.37962
1.37962
1.37962
1.37962
1.37962
1.37962
1.37962
1.37962
1.37962
1.37962
1.37962
1.37962
1.37962
1.37962
1.37962
1.37311
1.37311
1.37311
1.37311
1.37311
1.37311
1.37311
1.37311
1.37311
1.37311
1.37311
1.37311
1.37311
1.35641
1.35641
1.35641
1.35641
1.35132
1.35132
1.35132
1.35132
1.35132
1.35132
1.35132
1.35132
1.35132
1.35132
1.35132
1.35132
1.35132
1.35069
1.35069
1.35069
1.35069
1.35069
1.35069
1.35069
1.35069
1.35069
1.35069
1.35069
1.35069
1.35069
1.35069
1.35069
1.35069
1.35069
1.35069
1.35069
1.35069
1.35069
1.35069
1.35069
1.35069
1.35069
1.35069
1.35069
1.35069
1.35069
1.35069
1.35069
1.35069
1.35069
1.35069
1.35069
1.35069
1.35069
1.35069
1.35069
1.35069
1.35069
1.35069
1.35069
1.35069
1.35069
1.35069
1.35069
1.35069
1.35069
1.35069
1.35069
1.35069
1.35069
1.35069
1.35069
1.35069
1.35069
1.35069
1.35069
1.35069
1.35069
1.35069
1.35069
1.35069
1.35069
1.35069
1.35069
1.35069
1.35069
1.35069
1.35069
1.35069
1.35069
1.35069
1.35069
1.35069
1.35069
1.35069
1.35069
1.35069
1.35069
1.35069
1.35069
1.35069
1.35069
1.35069
1.35069
1.35069
1.35069
1.35069
1.35069
1.35069
1.35069
1.35069
1.35069
1.35069
1.35069
1.35069
1.35069
1.35069
1.35069
1.35069
1.35069
1.35069
1.35069
1.35069
1.35069
1.35069
1.35069
1.35069
1.35069
1.35069
1.35069
1.35069
1.35069
1.35069
1.35069
1.35069
1.35069
1.35069
1.35069
1.35069
1.35069
1.35069
1.35069
1.35069
1.35069
1.35069
1.35069
1.35069
1.35069
1.35069
1.35069
1.35069
1.35069
1.35069
1.35069
1.35069
1.35069
1.35069
1.35069
1.35069
1.35069
1.35069
1.35069
1.35069
1.35069
1.35069
1.35069
1.35069
1.35069
1.35069
1.35069
1.35069
1.35069
1.35069
1.35069
1.35069
1.35069
1.35069
1.35069
1.35069
1.35069
1.35069
1.35069
1.35069
1.35069
1.35069
1.35069
1.35069
1.35069
1.35069
1.35069
1.35069
1.35069
1.35069
1.35069
1.35069
1.35069
1.35069
1.35069
1.35069
1.35069
1.35069
1.35069
1.35069
1.35069
1.35069
1.35069
1.35069
1.35069
1.35069
1.35069
1.35069
1.35069
1.35069
1.35069
1.35069
1.35069
1.35069
1.35069
1.35069
1.35069
1.35069
1.35069
1.35069
1.35069
1.35069
1.35069
1.35069
1.35069
1.35069
1.35069
1.35069
1.35069
1.35069
1.35069
1.35069
1.35069
1.35069
1.35069
1.35069
1.35069
1.35069
1.35069
1.35069
1.35069
1.35069
1.35069
1.35069
1.35069
1.35069
1.35069
1.35069
1.35069
1.35069
1.35069
1.35069
1.35069
1.35069
1.35069
1.35069
1.35069
1.35069
1.35069
1.35069
1.35069
1.35069
1.35069
1.35069
1.35069
1.35069
1.35069
1.35069
1.35069
1.35069
1.35069
1.35069
1.35069
1.35069
1.35069
1.35069
1.35069
1.35069
1.35069
1.35069
1.35069
1.35069
1.35069
1.35069
1.35069
1.35069
1.35069
1.35069
1.35069
1.35069
1.35069
1.35069
1.35069
1.35069
1.35069
1.35069
1.35069
1.35069
1.35069
1.35069
1.35069
1.35069
1.35069
1.35069
1.35069
1.35069
1.35069
1.35069
1.35069
1.35069
1.35069
1.35069
1.35069
1.35069
1.35069
1.35069
1.35069
1.35069
1.35069
1.35069
1.35069
1.35069
1.35069
1.35069
1.35069
1.35069
1.35069
1.35069
1.35069
1.35069
1.35069
1.35069
1.35069
1.35069
1.35069
1.35069
1.35069
1.35069
1.35069
1.35069
1.35069
1.35069
1.35069
1.35069
1.35069
1.35069
1.35069
1.35069
1.35069
1.35069
1.35069
1.35069
1.35069
1.35069
1.35069
1.35069
1.35069
1.35069
1.35069
1.35069
1.35069
1.35069
1.35069
1.35069
1.35069
1.35069
1.35069
1.35069
1.35069
1.35069
1.35069
1.35069
1.35069
1.35069
1.35069
1.35069
1.35069
1.35069
1.35069
1.35069
1.35069
1.35069
1.35069
1.35069
1.35069
1.35069
1.35069
1.35069
1.35069
1.35069
1.35069
1.35069
1.35069
1.35069
1.35069
1.35069
1.35069
1.35069
1.35069
1.35069
1.35069
1.35069
1.35069
1.35069
1.35069
1.35069
1.35069
1.35069
1.35069
1.35069
1.35069
1.35069
1.35069
1.35069
1.35069
1.35069
1.35069
1.35069
1.34134
1.34134
1.34134
1.34123
1.34123
1.34123
1.34123
1.34123
1.34123
1.34123
1.34123
1.34123
1.34123
1.34123
1.33967
1.33967
1.33967
1.33967
1.33967
1.33967
1.33967
1.33967
1.33967
1.33967
1.33967
1.33967
1.33967
1.33967
1.33967
1.33967
1.33967
1.33967
1.33967
1.33892
1.33892
1.33892
1.33892
1.33892
1.33892
1.33892
1.33892
1.33892
1.33892
1.33892
1.33892
1.33892
1.33892
1.33892
1.33892
1.33892
1.33892
1.33892
1.33892
1.33892
1.33892
1.33892
1.33892
1.31364
1.31364
1.31364
1.31364
1.31364
1.31364
1.3066
1.3066
1.30514
1.30514
1.30514
1.30514
1.28883
1.28883
1.28871
1.28871
1.28871
1.28871
1.28871
1.28871
1.28871
1.28871
1.28871
1.28871
1.28871
1.28871
1.28871
1.28871
1.28871
1.28871
1.28871
1.28871
1.28871
1.28871
1.28871
1.28871
1.28871
1.28871
1.28871
1.28871
1.28871
1.28871
1.28711
1.28711
1.28711
1.28711
1.28711
1.28711
1.28711
1.28711
1.28711
1.28711
1.28711
1.28612
1.28612
1.28612
1.28612
1.28612
1.28612
1.28612
1.28612
1.28612
1.28612
1.28612
1.28612
1.28612
1.28612
1.28612
1.28612
1.28612
1.28612
1.28612
1.28612
1.28612
1.28612
1.28612
1.28612
1.28612
1.28612
1.28612
1.28612
1.28612
1.28612
1.28612
1.28612
1.28612
1.28612
1.28612
1.28612
1.28612
1.28612
1.28612
1.28612
1.28612
1.28612
1.28612
1.28612
1.28578
1.28578
1.28578
1.28578
1.28578
1.28578
1.28578
1.28578
1.28578
1.28578
1.28578
1.28578
1.28565
1.28554
1.28554
1.28554
1.28554
1.28554
1.28554
1.28554
1.28554
1.28554
1.28554
1.28554
1.28554
1.28554
1.28554
1.28554
1.28554
1.28554
1.28554
1.28554
1.28554
1.28554
1.28554
1.28554
1.28554
1.28554
1.28554
1.28554
1.28554
1.28554
1.28554
1.28554
1.28554
1.28554
1.28554
1.28554
1.28554
1.28554
1.28554
1.28554
1.28554
1.28554
1.28554
1.28554
1.28554
1.28554
1.28554
1.28554
1.28554
1.28554
1.28554
1.28554
1.28554
1.28554
1.28554
1.28554
1.28554
1.28554
1.28554
1.28554
1.28554
1.28554
1.28554
1.28554
1.28554
1.28554
1.28554
1.28554
1.28554
1.28554
1.28554
1.28554
1.28554
1.28554
1.28554
1.28554
1.28554
1.28554
1.28554
1.28554
1.28554
1.28554
1.28554
1.28554
1.28554
1.28554
1.28554
1.28554
1.28554
1.28554
1.28554
1.28554
1.28554
1.28554
1.28554
1.28554
1.28554
1.28554
1.28554
1.28554
1.28554
1.28554
1.28554
1.28554
1.28554
1.28554
1.28554
1.28554
1.28554
1.28554
1.28554
1.28554
1.28554
1.28554
1.28554
1.28554
1.28554
1.28554
1.28554
1.28554
1.28554
1.28554
1.28554
1.28554
1.28554
1.28554
1.28554
1.28554
1.28554
1.28554
1.28554
1.28554
1.28554
1.28554
1.28554
1.28554
1.28554
1.28554
1.28554
1.28554
1.28554
1.28554
1.28554
1.28554
1.28554
1.28554
1.28554
1.28554
1.28554
1.28554
1.28554
1.28554
1.28554
1.28554
1.28554
1.28554
1.28554
1.28554
1.28554
1.28554
1.28554
1.28554
1.28554
1.28554
1.28554
1.28554
1.28554
1.28554
1.28554
1.28554
1.28554
1.28554
1.28554
1.28554
1.28554
1.28554
1.28554
1.28554
1.28554
1.28554
1.28554
1.28554
1.28554
1.28554
1.28554
1.28554
1.28554
1.28554
1.28554
1.28554
1.28554
1.28554
1.28554
1.28554
1.28554
1.28554
1.28554
1.28554
1.28554
1.28554
1.28554
1.28554
1.28554
1.28554
1.28554
1.28554
1.28554
1.28554
1.28554
1.28554
1.28554
1.28554
1.28554
1.28554
1.28554
1.28554
1.28554
1.28554
1.28554
1.28554
1.28554
1.28554
1.28554
1.28554
1.28554
1.28554
1.28554
1.28554
1.28554
1.28554
1.28554
1.28554
1.28554
1.28554
1.28554
1.28554
1.28554
1.28554
1.28554
1.28554
1.28554
1.28554
1.28554
1.28554
1.28554
1.28529
1.28529
1.28529
1.28529
1.28529
1.28529
1.28529
1.28529
1.28529
1.28529
1.28529
1.28529
1.28529
1.28529
1.28529
1.28529
1.28529
1.28529
1.28529
1.28529
1.28529
1.28529
1.28529
1.28529
1.28529
1.28529
1.28529
1.28529
1.28529
1.28529
1.28529
1.28529
1.28529
1.28529
1.28529
1.28529
1.28529
1.28529
1.28529
1.28529
1.28529
1.28529
1.28529
1.28529
1.28529
1.28529
1.28529
1.28529
1.28529
1.28529
1.28529
1.28529
1.28529
1.28529
1.28529
1.28529
1.28529
1.28529
1.28529
1.28529
1.28529
1.28529
1.28529
1.28529
1.28529
1.28529
1.28529
1.28529
1.28529
1.28529
1.28529
1.28529
1.28529
1.28529
1.28529
1.28529
1.28529
1.28529
1.28529
1.28529
1.28529
1.28529
1.28529
1.28529
1.28529
1.28529
1.28529
1.28529
1.28529
1.28529
1.28529
1.28529
1.28529
1.28529
1.28529
1.28529
1.28529
1.28529
1.28529
1.28529
1.28529
1.28529
1.28529
1.28529
1.28529
1.28529
1.28529
1.28529
1.28529
1.28529
1.28529
1.28529
1.28529
1.28529
1.28529
1.28529
1.28529
1.28529
1.28529
1.28529
1.28529
1.28529
1.28529
1.28529
1.28529
1.28529
1.28529
1.28529
1.28529
1.28529
1.28529
1.28529
1.28529
1.28529
1.28529
1.28529
1.28529
1.28529
1.28529
1.28529
1.28529
1.28529
1.28529
1.28529
1.28529
1.28529
1.28529
1.28529
1.28529
1.28529
1.28529
1.28529
1.28529
1.28529
1.28529
1.28529
1.28529
1.28529
1.28529
1.28529
1.28529
1.28529
1.28529
1.28529
1.28529
1.28529
1.28529
1.28529
1.28529
1.28529
1.28529
1.28529
1.28529
1.28529
1.28529
1.28529
1.28529
1.28529
1.28529
1.28529
1.28529
1.28529
1.28529
1.28529
1.28529
1.28529
1.28529
1.28529
1.28529
1.28529
1.28529
1.28529
1.28529
1.28529
1.28529
1.28529
1.28529
1.28529
1.28529
1.28529
1.28529
1.28529
1.28529
1.28529
1.28529
1.28529
1.28529
1.28529
1.28529
1.28529
1.28529
1.28529
1.28529
1.28529
1.28529
1.28529
1.28529
1.28529
1.28529
1.28529
1.28529
1.28529
1.28529
1.28529
1.28529
1.28529
1.28529
1.28529
1.28529
1.28529
1.28529
1.28529
1.28529
1.28529
1.28529
1.28529
1.28529
1.28529
1.28529
1.28529
1.28529
1.28529
1.28529
1.28529
1.28529
1.28529
1.28529
1.28529
1.28529
1.28529
1.28529
1.28529
1.28529
1.28529
1.28529
1.28529
1.28529
1.28529
1.28529
1.28529
1.28529
1.28529
1.28529
1.28529
1.28529
1.28529
1.28529
1.28529
1.28529
1.28529
1.28529
1.28529
1.28529
1.28529
1.28529
1.28529
1.28529
1.28529
1.28529
1.28529
1.28529
1.28529
1.28529
1.28529
1.28529
1.28529
1.28529
1.28529
1.28529
1.28529
1.28529
1.28529
1.28529
1.28529
1.28529
1.28529
1.28529
1.28529
1.28529
1.28529
1.28529
1.28529
1.28529
1.28529
1.28529
1.28529
1.28529
1.28529
1.28529
1.28529
1.28529
1.28529
1.28529
1.28529
1.28529
1.28529
1.28529
1.28529
1.28529
1.28529
1.28529
1.28529
1.28529
1.28529
1.28529
1.28529
1.28529
1.28529
1.28529
1.28529
1.28529
1.28529
1.28529
1.28529
1.28529
1.28529
1.28529
1.28529
1.28529
1.28529
1.28529
1.28529
1.28529
1.28529
1.28529
1.28529
1.28529
1.28529
1.28529
1.28529
1.28529
1.28529
1.28529
1.28529
1.28529
1.28529
1.28529
1.28529
1.28529
1.28529
1.28529
1.28529
1.28529
1.28529
1.28529
1.28529
1.28529
1.28529
1.28529
1.28529
1.28529
1.28529
1.28529
1.28529
1.28529
1.28529
1.28529
1.28529
1.28529
1.28529
1.28529
1.28529
1.28529
1.28529
1.28529
1.28529
1.28529
1.28529
1.28529
1.28529
1.28529
1.28529
1.28529
1.28529
1.28529
1.28529
1.28529
1.28529
1.28529
1.28529
1.28529
1.28529
1.28529
1.28529
1.28529
1.28529
1.28529
1.28529
1.28529
1.28529
1.28529
1.28529
1.28529
1.28529
1.28529
1.28529
1.28529
1.28529
1.28529
1.28529
1.28529
1.28529
1.28529
1.28529
1.28529
1.28529
1.28529
1.28529
1.28529
1.28529
1.28529
1.28529
1.28529
1.28529
1.28529
1.28529
1.28529
1.28529
1.28529
1.28529
1.28529
1.28529
1.28529
1.28529
1.28529
1.28529
1.28529
1.28529
1.28529
1.28529
1.28529
1.28529
1.28529
1.28529
1.28529
1.28529
1.28529
1.28529
1.28529
1.28529
1.28529
1.28529
1.28529
1.28529
1.28529
1.28529
1.28529
1.28529
1.28529
1.28529
1.28529
1.28529
1.28529
1.28529
1.28422
1.28422
1.28422
1.28422
1.2841
1.2841
1.2841
1.2841
1.2841
1.2841
1.2841
1.2841
1.2841
1.2841
1.2841
1.28298
1.28298
1.28298
1.28298
1.28298
1.28298
1.28298
1.28298
1.28298
1.28298
1.28298
1.28298
1.28298
1.28298
1.28298
1.28298
1.28298
1.28298
1.28298
1.28298
1.28298
1.28298
1.28298
1.28298
1.28298
1.28298
1.28298
1.28298
1.28298
1.28298
1.28298
1.28298
1.28298
1.28298
1.28298
1.28298
1.28298
1.28298
1.28298
1.28298
1.28298
1.28298
1.28298
1.28298
1.28298
1.28298
1.28298
1.28298
1.28298
1.28298
1.28298
1.28298
1.28298
1.28298
1.28298
1.28298
1.28298
1.28298
1.28298
1.28298
1.28298
1.28298
1.28298
1.28298
1.28298
1.28298
1.28298
1.28298
1.28298
1.28298
1.28298
1.28298
1.28298
1.28298
1.28298
1.28298
1.28298
1.28298
1.28298
1.28298
1.28298
1.28298
1.28298
1.28298
1.28298
1.28298
1.28298
1.28298
1.28298
1.28298
1.28298
1.28298
1.28298
1.28298
1.28298
1.28298
1.28298
1.28298
1.28298
1.28298
1.28298
1.28298
1.28298
1.28298
1.28298
1.28298
1.28298
1.28298
1.28298
1.28298
1.28298
1.28298
1.28298
1.28298
1.28298
1.28298
1.28298
1.28298
1.28298
1.28298
1.28298
1.28298
1.28298
1.28298
1.28298
1.28298
1.28298
1.28298
1.28298
1.28298
1.28298
1.28298
1.28298
1.28298
1.28298
1.28298
1.28298
1.28298
1.28298
1.28298
1.28298
1.28298
1.28298
1.28298
1.28298
1.28298
1.28298
1.28298
1.28298
1.28298
1.28298
1.28298
1.28298
1.28298
1.28298
1.28298
1.28298
1.28298
1.28298
1.28298
1.28298
1.28298
1.28298
1.28298
1.28298
1.28298
1.28298
1.28298
1.28298
1.28298
1.28298
1.28298
1.28298
1.28298
1.28298
1.28298
1.28298
1.28298
1.28298
1.28298
1.28298
1.28147
1.28147
1.28147
1.28147
1.28147
1.28147
1.28147
1.28147
1.28147
1.28036
1.28036
1.28036
1.28036
1.28036
1.28036
1.28036
1.28036
1.28036
1.28036
1.28036
1.28036
1.28036
1.28036
1.28036
1.28036
1.28036
1.28036
1.28036
1.28036
1.28036
1.28036
1.28036
1.28036
1.28036
1.28036
1.28036
1.28036
1.28036
1.28036
1.28036
1.28036
1.28036
1.28036
1.28036
1.28036
1.28036
1.28036
1.28036
1.28036
1.28036
1.28036
1.28036
1.28036
1.28036
1.28036
1.28036
1.28036
1.28036
1.28036
1.28036
1.28036
1.28036
1.28036
1.28036
1.28036
1.28036
1.28036
1.28036
1.28036
1.28036
1.28036
1.28036
1.28036
1.28036
1.28036
1.28036
1.28036
1.28036
1.28036
1.28036
1.28036
1.28036
1.28036
1.28036
1.28036
1.28036
1.28036
1.28036
1.28036
1.28036
1.28036
1.28036
1.28036
1.28036
1.28036
1.28036
1.28036
1.28036
1.28036
1.28036
1.28036
1.28036
1.28036
1.28036
1.28036
1.28036
1.28036
1.28036
1.28036
1.28036
1.28036
1.28036
1.28036
1.28036
1.28036
1.28036
1.28036
1.28036
1.28036
1.28036
1.28036
1.28036
1.28036
1.28036
1.28036
1.28036
1.28036
1.28036
1.28036
1.28036
1.28036
1.28036
1.28036
1.28036
1.28036
1.28036
1.28036
1.28036
1.28036
1.28036
1.28036
1.28036
1.28036
1.28036
1.28036
1.28036
1.28036
1.28036
1.28036
1.28036
1.28036
1.28036
1.28036
1.28036
1.28036
1.28036
1.28036
1.28036
1.28036
1.28036
1.28036
1.28036
1.28036
1.28036
1.28036
1.28036
1.27884
1.27884
1.27884
1.27884
1.27884
1.27884
1.27884
1.27884
1.27884
1.27884
1.27884
1.27884
1.27884
1.27884
1.27884
1.27884
1.27884
1.27884
1.27884
1.27884
1.27884
1.27884
1.27884
1.27884
1.27884
1.27884
1.27884
1.27884
1.27884
1.27884
1.27884
1.27884
1.27884
1.27884
1.27884
1.27884
1.27884
1.27884
1.27884
1.27884
1.27884
1.27884
1.27884
1.27884
1.27884
1.27884
1.27884
1.27884
1.2788
1.2788
1.2788
1.2788
1.2788
1.2788
1.2788
1.2788
1.2788
1.2788
1.2788
1.2788
1.2788
1.2788
1.2788
1.2788
1.2788
1.2788
1.2788
1.2788
1.2788
1.2788
1.2788
1.2788
1.2788
1.2788
1.2788
1.2788
1.2788
1.2788
1.2788
1.2788
1.2788
1.2788
1.2788
1.2788
1.2788
1.2788
1.2788
1.2788
1.2788
1.2788
1.2788
1.2788
1.2788
1.2788
1.2788
1.2788
1.2788
1.2788
1.2788
1.2788
1.2788
1.2788
1.2788
1.2788
1.2788
1.2788
1.2788
1.2788
1.2788
1.2788
1.2788
1.2788
1.2788
1.2788
1.2788
1.2788
1.2788
1.2788
1.2788
1.2788
1.2788
1.2788
1.2788
1.2788
1.2788
1.2788
1.2788
1.2788
1.2788
1.2788
1.2788
1.2788
1.2788
1.2788
1.2788
1.2788
1.2788
1.2788
1.2788
1.2788
1.2788
1.2788
1.2788
1.2788
1.2788
1.2788
1.2788
1.2788
1.2788
1.2788
1.2788
1.2788
1.2788
1.2788
1.2788
1.2788
1.2788
1.2788
1.27806
1.27806
1.27806
1.27806
1.27806
1.27806
1.27806
1.27806
1.27806
1.27806
1.27806
1.27806
1.27806
1.27806
1.27806
1.27806
1.27806
1.27806
1.27806
1.27806
1.27806
1.27806
1.27806
1.27806
1.27806
1.27806
1.27806
1.27806
1.27806
1.27806
1.27806
1.27806
1.27806
1.27806
1.27806
1.27806
1.27806
1.27806
1.27806
1.27806
1.27806
1.27806
1.27806
1.27806
1.27806
1.27806
1.27806
1.27806
1.27806
1.27806
1.27806
1.27806
1.27806
1.27806
1.27806
1.27806
1.27806
1.27806
1.27806
1.27806
1.27806
1.27806
1.27806
1.27806
1.27806
1.27806
1.27806
1.27806
1.27806
1.27806
1.27806
1.27806
1.27806
1.27806
1.27806
1.27806
1.27806
1.27806
1.27806
1.27806
1.27806
1.27806
1.27806
1.27806
1.27806
1.27806
1.27806
1.27806
1.27806
1.27806
1.27806
1.27806
1.27806
1.27806
1.27806
1.27806
1.27806
1.27806
1.27806
1.27806
1.27806
1.27806
1.27806
1.27806
1.27806
1.27806
1.27806
1.27806
1.27806
1.27806
1.27806
1.27806
1.27806
1.27806
1.27806
1.27806
1.27806
1.27806
1.27806
1.27806
1.27806
1.27806
1.27806
1.27806
1.27806
1.27806
1.27806
1.27806
1.27806
1.27806
1.27806
1.27806
1.27806
1.27806
1.27806
1.27806
1.27806
1.27806
1.27806
1.27806
1.27806
1.27806
1.27806
1.27806
1.27806
1.27806
1.27806
1.27806
1.27806
1.27806
1.27806
1.27806
1.27806
1.27806
1.27806
1.27806
1.27806
1.27806
1.27806
1.27806
1.27806
1.27806
1.27806
1.27806
1.27806
1.27806
1.27806
1.27806
1.27806
1.27806
1.27806
1.27806
1.27806
1.27806
1.27806
1.27806
1.27806
1.27806
1.27806
1.27806
1.27806
1.27806
1.27806
1.27806
1.27806
1.27806
1.27806
1.27806
1.27806
1.27806
1.27806
1.27806
1.27806
1.27806
1.27806
1.27806
1.27806
1.27806
1.27806
1.27806
1.27806
1.27806
1.27806
1.27806
1.27806
1.27806
1.27806
1.27806
1.27806
1.27806
1.27806
1.27806
1.27806
1.27806
1.27806
1.27806
1.27806
1.27806
1.27806
1.27806
1.27806
1.27806
1.27806
1.27806
1.27806
1.27806
1.27806
1.27806
1.27806
1.27806
1.27806
1.27806
1.27806
1.27806
1.27806
1.27806
1.27806
1.27806
1.27806
1.27806
1.27806
1.27806
1.27806
1.27806
1.27806
1.27806
1.27806
1.27806
1.27806
1.27806
1.27806
1.27806
1.27806
1.27806
1.27806
1.27806
1.27806
1.27806
1.27806
1.27806
1.27806
1.27806
1.27806
1.27696
1.27696
1.27696
1.27696
1.27696
1.27696
1.27696
1.27696
1.27696
1.27696
1.27696
1.27696
1.27696
1.27696
1.27696
1.27696
1.27696
1.27696
1.27696
1.27696
1.27696
1.27696
1.27696
1.27696
1.27696
1.27696
1.27696
1.27696
1.27696
1.27696
1.27696
1.27696
1.27696
1.27696
1.27696
1.27696
1.27696
1.27696
1.27696
1.27696
1.27696
1.27696
1.27696
1.27696
1.27696
1.27696
1.27696
1.27696
1.27696
1.27696
1.27696
1.27696
1.27696
1.27696
1.27696
1.27696
1.27696
1.27696
1.27696
1.27696
1.27696
1.27696
1.27696
1.27696
1.27696
1.27696
1.27696
1.27696
1.27696
1.27696
1.27696
1.27696
1.27696
1.27696
1.27696
1.27696
1.27696
1.27696
1.27696
1.27696
1.27696
1.27696
1.27696
1.27696
1.27696
1.27696
1.27696
1.27696
1.27696
1.27696
1.27696
1.27696
1.27696
1.27696
1.27696
1.27696
1.27696
1.27696
1.27696
1.27696
1.27696
1.27696
1.27696
1.27696
1.27696
1.27696
1.27696
1.27696
1.27696
1.27696
1.27696
1.27696
1.27696
1.27696
1.27696
1.27696
1.27696
1.27696
1.27696
1.27696
1.27696
1.27696
1.27696
1.27696
1.27696
1.27696
1.27696
1.27696
1.27696
1.27696
1.27696
1.27696
1.27696
1.27696
1.27696
1.27696
1.27696
1.27696
1.27696
1.27696
1.27696
1.27696
1.27696
1.27696
1.27696
1.27696
1.27696
1.27696
1.27696
1.27696
1.27696
1.27696
1.27696
1.27696
1.27696
1.27696
1.27696
1.27696
1.27696
1.27696
1.27696
1.27696
1.27696
1.27696
1.27696
1.27696
1.27696
1.27696
1.27696
1.27696
1.27696
1.27696
1.27696
1.27696
1.27696
1.27696
1.27696
1.27696
1.27696
1.27696
1.27696
1.27696
1.27696
1.27696
1.27696
1.27696
1.27696
1.27696
1.27696
1.27696
1.27696
1.27696
1.27696
1.27696
1.27696
1.27696
1.27696
1.27696
1.27696
1.27696
1.27696
1.27696
1.27696
1.27696
1.27696
1.27696
1.27696
1.27696
1.27696
1.27696
1.27696
1.27696
1.27696
1.27696
1.27696
1.27696
1.27696
1.27696
1.27696
1.27696
1.27696
1.27696
1.27696
1.27696
1.27696
1.27696
1.27696
1.27696
1.27696
1.27696
1.27696
1.27696
1.27696
1.27696
1.27696
1.27696
1.27696
1.27696
1.27696
1.27696
1.27696
1.27696
1.27696
1.27696
1.27696
1.27696
1.27696
1.27696
1.27696
1.27696
1.27696
1.27696
1.27696
1.27696
1.27696
1.27696
1.27696
1.27696
1.27696
1.27696
1.27696
1.27696
1.27696
1.27696
1.27696
1.27696
1.27696
1.27696
1.27696
1.27696
1.27696
1.27696
1.27696
1.27696
1.27696
1.27696
1.27696
1.27696
1.27696
1.27696
1.27696
1.27696
1.27696
1.27696
1.27696
1.27696
1.27696
1.27696
1.27696
1.27696
1.27696
1.27696
1.27696
1.27696
1.27696
1.27696
1.27696
1.27696
1.27696
1.27696
1.27696
1.27696
1.27696
1.27696
1.27696
1.27696
1.27696
1.27696
1.27696
1.27696
1.27696
1.27696
1.27696
1.27696
1.27696
1.27696
1.27696
1.27696
1.27696
1.27696
1.27696
1.27696
1.27696
1.27696
1.27696
1.27696
1.27696
1.27696
1.27696
1.27696
1.27696
1.27696
1.27696
1.27696
1.27696
1.27696
1.27696
1.27696
1.27696
1.27696
1.27696
1.27696
1.27696
1.27696
1.27696
1.27696
1.27696
1.27696
1.27696
1.27696
1.27696
1.27696
1.27696
1.27696
1.27696
1.27696
1.27696
1.27696
1.27696
1.27696
1.27696
1.27696
1.27696
1.27696
1.27696
1.27696
1.27696
1.27696
1.27696
1.27696
1.27696
1.27696
1.27696
1.27696
1.27696
1.27696
1.27696
1.27696
1.27696
1.27696
1.27696
1.27696
1.27696
1.27696
1.27696
1.27696
1.27696
1.27696
1.27696
1.27696
1.27696
1.27696
1.27696
1.27696
1.27696
1.27696
1.27696
1.27696
1.27696
1.27696
1.27696
1.27696
1.27696
1.27696
1.27696
1.27696
1.27696
1.27696
1.27696
1.27696
1.27696
1.27696
1.27696
1.27696
1.27696
1.27696
1.27696
1.27696
1.27696
1.27696
1.27696
1.27696
1.27696
1.27696
1.27696
1.27696
1.27696
1.27696
1.27696
1.27696
1.27696
1.27696
1.27696
1.27696
1.27696
1.27696
1.27696
1.27696
1.27696
1.27696
1.27696
1.27696
1.27696
1.27696
1.27696
1.27696
1.27696
1.27696
1.27696
1.27696
1.27696
1.27696
1.27696
1.27696
1.27696
1.27696
1.27696
1.27696
1.27696
1.27696
1.27696
1.27696
1.27696
1.27696
1.27696
1.27696
1.27696
1.27696
1.27696
1.27696
1.27696
1.27696
1.27696
1.27696
1.27696
1.27696
1.27696
1.27696
1.27696
1.27696
1.27696
1.27696
1.27696
1.27696
1.27696
1.27696
1.27696
1.27696
1.27696
1.27696
1.27696
1.27696
1.27696
1.27696
1.27696
1.27696
1.27696
1.27696
1.27696
1.27696
1.27696
1.27696
1.27696
1.27696
1.27696
1.27696
1.27696
1.27696
1.27696
1.27696
1.27696
1.27696
1.27696
1.27696
1.27696
1.27696
1.27696
1.27696
1.27696
1.27696
1.27696
1.27696
1.27696
1.27696
1.27696
1.27696
1.27696
1.27696
1.27696
1.27696
1.27696
1.27696
1.27696
1.27696
1.27696
1.27696
1.27696
1.27696
1.27696
1.27696
1.27696
1.27696
1.27696
1.27696
1.27696
1.27696
1.27696
1.27696
1.27696
1.27696
1.27696
1.27696
1.27696
1.27696
1.27696
1.27696
1.27696
1.27696
1.27696
1.27696
1.27696
1.27696
1.27696
1.27696
1.27696
1.27696
1.27696
1.27696
1.27696
1.27696
1.27696
1.27696
1.27696
1.27696
1.27696
1.27696
1.27696
1.27696
1.27696
1.27696
1.27696
1.27696
1.27696
1.27696
1.27696
1.27696
1.27696
1.27696
1.27696
1.27696
1.27696
1.27696
1.27696
1.27696
1.27696
1.27696
1.27696
1.27696
1.27696
1.27696
1.27696
1.27696
1.27696
1.27696
1.27696
1.27696
1.27696
1.27696
1.27696
1.27696
1.27696
1.27696
1.27696
1.27696
1.27696
1.27696
1.27696
1.27696
1.27696
1.27696
1.27696
1.27696
1.27696
1.27696
1.27696
1.27696
1.27696
1.27696
1.27696
1.27696
1.27696
1.27696
1.27696
1.27696
1.27696
1.27696
1.27696
1.27696
1.27696
1.27696
1.27696
1.27696
1.27696
1.27696
1.27696
1.27696
1.27696
1.27696
1.27696
1.27696
1.27696
1.27696
1.27696
1.27696
1.27696
1.27696
1.27696
1.27696
1.27696
1.27696
1.27696
1.27696
1.27696
1.27696
1.27696
1.27696
1.27696
1.27696
1.27696
1.27696
1.27696
1.27696
1.27696
1.27696
1.27696
1.27696
1.27696
1.27696
1.27696
1.27696
1.27696
1.27696
1.27696
1.27696
1.27696
1.27696
1.27696
1.27696
1.27696
1.27696
1.27696
1.27696
1.27696
1.27696
1.27696
1.27696
1.27696
1.27696
1.27696
1.27696
1.27696
1.27696
1.27696
1.27696
1.27696
1.27696
1.27696
1.27696
1.27696
1.27696
1.27696
1.27696
1.27696
1.27696
1.27696
1.27696
1.27696
1.27696
1.27696
1.27696
1.27696
1.27696
1.27696
1.27696
1.27696
1.27696
1.27696
1.27696
1.27696
1.27696
1.27696
1.27696
1.27696
1.27696
1.27696
1.27696
1.27696
1.27696
1.27696
1.27696
1.27696
1.27696
1.27696
1.27696
1.27696
1.27696
1.27696
1.27696
1.27696
1.27696
1.27696
1.27696
1.27696
1.27696
1.27696
1.27696
1.27696
1.27696
1.27696
1.27696
1.27696
1.27696
1.27696
1.27696
1.27696
1.27696
1.27696
1.27696
1.27696
1.27696
1.27696
1.27696
1.27696
1.27696
1.27696
1.27696
1.27696
1.27696
1.27696
1.27696
1.27696
1.27696
1.27696
1.27696
1.27696
1.27696
1.27696
1.27696
1.27696
1.27696
1.27696
1.27696
1.27696
1.27696
1.27696
1.27696
1.27696
1.27696
1.27696
1.27696
