
/*---------------------------贪心算法思想下解的说明------------------------------*/

算法思想：以当前所在的点为参考选择离自己最近的点作为下一站，走过的点不在经过


贪心思想只能求得每一步只能求得局部最短路径，因此最终结果是近似最优解

贪心算法求解的最短路程的长度为：27811.4
实际的最短路径为：21285.4
此算法和最优解的近似度为:1.30659
time = 0.003s
/*---------------------------贪心算法思想下解的说明------------------------------*/



/*---------------------------遗传算法2思想下解的说明------------------------------*/

算法思想：随机生成一个路线序列，路线路径长度短的会更可能遗传下去，所以经过多次代际迭代，最终的结果会趋近于最优解


代际更迭次数越多，越接近最优解。这种算法最终结果是近似最优解

遗传算法求解的最短路程的长度为：27180.7
实际的最短路径为：21285.4
此算法和最优解的近似度为:1.27696
time = 145.688s
这个算法迭代终止条件是前后 800 代最优个体一样
这个算法中共计迭代 4327次
其中每一代个体数为 200   交叉遗传的概率为 0.8   变异的概率为 0.1

迭代过程中 交叉遗传次数为346174  其中变异次数为82292

以下是迭代过程中每一代中最好的个体所对应的路先长度变化（每20代输出一次）

111734 95628.6 87225.1 73476.9 63393.9 56254.5 51765.1 47459.1 45082.4 42629.6 41689 40490 39087.2 38585.7 38190.3 37945.5 37741.8 37501.7 37258.1 36471 
36105.7 36093.6 35707.9 35638.6 35596.9 34681.1 34681.1 34646.3 34646.3 34479.1 34201.9 34199.6 33935.7 33756.7 33227.2 32553.1 31727.5 31547.1 31428.3 31083.5 
31068.3 31006.3 31006.3 31006.3 31006.3 30987.5 30977 30923.5 30773.2 30690.8 30686.4 30686.4 30686.4 30615.1 30615.1 30615.1 30615.1 30550.8 30550.8 30544.9 
30368 30279.1 30279.1 29947.5 29408.2 29365.9 29365.9 29365.9 29365.9 29365.9 29365.9 28871.7 28750 28750 28750 28750 28750 28750 28750 28750 
28750 28750 28750 28750 28750 28750 28750 28750 28750 28750 28750 28750 28551.1 28515.5 28499.4 27961.4 27430.8 27396.7 27375.7 27375.7 
27368.4 27363.3 27363.3 27363.3 27363.3 27363.3 27363.3 27363.3 27363.3 27363.3 27363.3 27363.3 27363.3 27358 27358 27358 27358 27358 27358 27358 
27358 27358 27358 27358 27358 27358 27358 27358 27358 27358 27358 27358 27358 27358 27358 27358 27358 27308.7 27308.7 27308.7 
27308.7 27308.7 27308.7 27308.7 27308.7 27308.7 27308.7 27253.1 27253.1 27253.1 27253.1 27253.1 27253.1 27253.1 27253.1 27220.7 27220.7 27219.9 27219.9 27219.9 
27219.9 27219.9 27219.9 27204.1 27204.1 27204.1 27204.1 27204.1 27204.1 27204.1 27204.1 27204.1 27204.1 27204.1 27204.1 27204.1 27180.7 27180.7 27180.7 27180.7 
27180.7 27180.7 27180.7 27180.7 27180.7 27180.7 27180.7 27180.7 27180.7 27180.7 27180.7 27180.7 27180.7 27180.7 27180.7 27180.7 27180.7 27180.7 27180.7 27180.7 
27180.7 27180.7 27180.7 27180.7 27180.7 27180.7 27180.7 27180.7 27180.7 27180.7 27180.7 27180.7 27180.7 27180.7 27180.7 27180.7 
/*---------------------------遗传算法2思想下解的说明------------------------------*/


