12.2277
12.2277
11.9001
11.4504
11.4109
11.175
11.057
10.843
10.6981
10.0652
10.0652
10.0652
10.0652
10.0652
9.90771
9.90594
9.75521
9.75521
9.75521
9.68972
9.62927
9.60008
9.57356
9.57356
9.54442
9.43208
9.23712
9.23712
9.23712
8.9174
8.9174
8.9174
8.9174
8.9174
8.9174
8.88001
8.78437
8.68374
8.68374
8.68374
8.68374
8.63753
8.59854
8.44881
8.44881
8.44881
8.44881
8.44881
8.27455
8.27455
8.27455
8.22452
8.22452
8.11349
8.11349
7.95203
7.95203
7.83705
7.83705
7.83705
7.77899
7.72555
7.65764
7.58419
7.58419
7.58419
7.18995
7.18995
7.18206
7.18206
6.98544
6.98544
6.96386
6.96386
6.91691
6.81439
6.6279
6.6279
6.6279
6.6279
6.6279
6.59609
6.59609
6.58258
6.58025
6.58025
6.46018
6.46018
6.46018
6.46018
6.29059
6.29059
6.29059
6.29059
6.29059
6.29059
6.29059
6.29059
6.25715
6.17088
5.96717
5.96717
5.96717
5.93839
5.90857
5.80455
5.80455
5.80455
5.70269
5.7019
5.7019
5.7019
5.57831
5.57831
5.57831
5.57831
5.57831
5.57831
5.53431
5.35697
5.35697
5.3301
5.3301
5.271
5.271
5.271
5.22003
5.22003
5.22003
5.1478
5.1478
5.14065
5.02155
5.02155
4.96864
4.96864
4.95586
4.95586
4.76445
4.76445
4.76445
4.74711
4.72287
4.69918
4.69918
4.62762
4.62762
4.62762
4.60546
4.55228
4.55228
4.5393
4.5393
4.52457
4.49102
4.41609
4.41609
4.36951
4.301
4.301
4.26987
4.25035
4.23566
4.22811
4.12801
4.09653
4.09653
4.07697
4.07697
4.06691
4.01528
4.00359
3.97701
3.97701
3.97701
3.96559
3.91415
3.87524
3.87524
3.87524
3.86765
3.86053
3.86053
3.84417
3.84417
3.84233
3.83952
3.83381
3.8318
3.80725
3.78959
3.78282
3.78142
3.77253
3.74188
3.73289
3.7118
3.7118
3.70439
3.70439
3.69593
3.6931
3.69293
3.67578
3.67472
3.66835
3.66592
3.64424
3.64424
3.64424
3.64323
3.61958
3.61243
3.60463
3.60015
3.58101
3.55438
3.53327
3.53327
3.53327
3.52224
3.50043
3.49017
3.49017
3.47105
3.46367
3.44361
3.43853
3.43217
3.43217
3.40568
3.40568
3.40568
3.40572
3.40197
3.39052
3.39052
3.38866
3.38866
3.38866
3.38866
3.3876
3.38154
3.37956
3.37956
3.37865
3.37125
3.36462
3.3568
3.3568
3.3568
3.3568
3.3568
3.35073
3.34904
3.34147
3.34147
3.32636
3.31152
3.31152
3.29853
3.27537
3.27537
3.27537
3.27537
3.26516
3.26257
3.26257
3.25848
3.25414
3.25414
3.25194
3.24777
3.24472
3.24216
3.24216
3.23878
3.23878
3.23606
3.23606
3.2352
3.23414
3.23268
3.22996
3.22922
3.22922
3.22876
3.2283
3.22477
3.22477
3.22145
3.22141
3.21651
3.21651
3.21651
3.2161
3.17489
3.17489
3.17489
3.16512
3.16512
3.16512
3.16512
3.16512
3.13534
3.13534
3.13534
3.13534
3.13534
3.13403
3.13123
3.12941
3.12229
3.12229
3.12078
3.12073
3.12073
3.10961
3.10961
3.10725
3.09791
3.09554
3.0948
3.09201
3.09055
3.08626
3.08566
3.08285
3.08224
3.08224
3.0747
3.0747
3.06982
3.06982
3.06982
3.06982
3.06903
3.06903
3.04558
3.04558
3.04217
3.03875
3.03875
3.03465
3.03241
3.03241
3.0267
3.0267
3.01917
3.00673
3.00673
3.00673
2.99926
2.99926
2.99405
2.99405
2.99344
2.99344
2.99344
2.99266
2.99266
2.99266
2.99266
2.99051
2.9868
2.9836
2.9836
2.9836
2.9836
2.9836
2.89676
2.89676
2.89566
2.88321
2.88321
2.88117
2.88017
2.88017
2.88017
2.87299
2.79747
2.79747
2.79747
2.79747
2.79747
2.7936
2.79277
2.79155
2.79155
2.79155
2.79073
2.79073
2.78484
2.78269
2.77945
2.77734
2.7629
2.75464
2.73824
2.72343
2.72343
2.72183
2.72183
2.72141
2.70981
2.70445
2.70445
2.70159
2.70159
2.70159
2.70159
2.70159
2.70159
2.70159
2.69991
2.69991
2.698
2.69083
2.68986
2.68986
2.68936
2.68529
2.68302
2.68302
2.68238
2.68238
2.68043
2.67829
2.67829
2.67459
2.67459
2.67459
2.67459
2.67459
2.67204
2.67204
2.67204
2.67025
2.67025
2.66933
2.66909
2.66909
2.66909
2.66835
2.66576
2.66576
2.66484
2.66484
2.66484
2.66463
2.66463
2.66463
2.66463
2.66463
2.66463
2.66463
2.6614
2.66028
2.66028
2.66028
2.66028
2.66028
2.65973
2.65973
2.65453
2.65453
2.65453
2.65397
2.64961
2.64941
2.64941
2.64941
2.64387
2.64387
2.64387
2.64247
2.64247
2.64247
2.64226
2.63966
2.63966
2.63966
2.63966
2.63966
2.63274
2.62252
2.62252
2.62252
2.62252
2.62252
2.61829
2.61829
2.61467
2.61467
2.61467
2.61467
2.61447
2.61327
2.61326
2.61253
2.61253
2.61207
2.61065
2.60373
2.60373
2.60373
2.60158
2.59927
2.59927
2.59788
2.59788
2.59787
2.59787
2.59075
2.59055
2.58134
2.58134
2.58134
2.58134
2.58134
2.58075
2.58075
2.58075
2.58075
2.57663
2.57663
2.57072
2.56809
2.56612
2.56608
2.56608
2.56608
2.56608
2.56549
2.56549
2.56284
2.55892
2.55892
2.54459
2.54459
2.54459
2.54148
2.54148
2.54148
2.54148
2.5332
2.5332
2.5332
2.52547
2.52547
2.52205
2.51865
2.51797
2.51375
2.51206
2.50926
2.50436
2.50375
2.50375
2.50375
2.50043
2.50043
2.50043
2.49875
2.49875
2.49745
2.49745
2.49627
2.49627
2.49627
2.49498
2.49498
2.49498
2.49491
2.4947
2.4934
2.4934
2.4934
2.4934
2.4934
2.4934
2.4934
2.4934
2.4934
2.4934
2.4934
2.4934
2.4934
2.4934
2.4934
2.4934
2.49121
2.49121
2.49121
2.49121
2.49121
2.49121
2.49121
2.49121
2.49121
2.49077
2.48921
2.48734
2.48577
2.48577
2.48395
2.48395
2.48395
2.48393
2.4831
2.4831
2.48175
2.47994
2.47994
2.47994
2.47994
2.47994
2.47171
2.47171
2.46829
2.46829
2.46829
2.46829
2.46829
2.46702
2.46702
2.45932
2.45273
2.45273
2.45273
2.45273
2.45273
2.45273
2.45273
2.45113
2.45113
2.4507
2.4507
2.4507
2.45025
2.45025
2.45025
2.45025
2.45025
2.45025
2.45025
2.45025
2.45025
2.45025
2.45025
2.45025
2.44718
2.44718
2.44718
2.44718
2.41468
2.39936
2.31979
2.31979
2.31979
2.31979
2.31672
2.31672
2.31672
2.31672
2.3147
2.31426
2.30961
2.30653
2.30607
2.30227
2.28179
2.28179
2.28179
2.28179
2.28179
2.27392
2.27392
2.27162
2.27162
2.27162
2.27162
2.26662
2.26662
2.26662
2.26662
2.26657
2.26554
2.26343
2.26343
2.26198
2.26198
2.26169
2.26169
2.26169
2.26169
2.26169
2.26169
2.26041
2.25817
2.25817
2.21964
2.21964
2.21964
2.21262
2.21262
2.2125
2.21165
2.21011
2.20548
2.20548
2.20479
2.20479
2.20451
2.19183
2.19183
2.19183
2.19183
2.19156
2.19156
2.19156
2.19156
2.19156
2.19156
2.19156
2.19156
2.18972
2.18972
2.18972
2.18972
2.18972
2.18972
2.18972
2.18972
2.18972
2.18972
2.18972
2.18972
2.18972
2.18972
2.18972
2.18972
2.18972
2.18972
2.18972
2.18972
2.18972
2.18972
2.18972
2.18972
2.18972
2.18972
2.18972
2.18972
2.189
2.18894
2.18894
2.18894
2.18894
2.18894
2.18894
2.18894
2.18894
2.1882
2.1882
2.1882
2.1882
2.18742
2.18742
2.18729
2.18729
2.18729
2.18555
2.18555
2.18555
2.18555
2.18555
2.18555
2.18555
2.18555
2.18555
2.18555
2.18555
2.18555
2.18555
2.18555
2.18555
2.18555
2.18555
2.18555
2.18555
2.18555
2.18555
2.18555
2.18555
2.18555
2.18555
2.18555
2.18555
2.18555
2.18555
2.18555
2.18555
2.18555
2.18555
2.18555
2.18555
2.18555
2.18555
2.18555
2.18555
2.18555
2.18555
2.18555
2.18555
2.18555
2.18555
2.18555
2.18555
2.18555
2.18425
2.18425
2.18425
2.18425
2.18425
2.18425
2.18425
2.17746
2.17666
2.17666
2.17666
2.17536
2.17536
2.17536
2.17536
2.17536
2.17536
2.17536
2.17526
2.17505
2.17289
2.17289
2.17289
2.16948
2.16948
2.16948
2.16948
2.16948
2.16948
2.16486
2.16264
2.16264
2.16264
2.16264
2.16264
2.16234
2.16234
2.16234
2.16234
2.16234
2.16221
2.16221
2.16221
2.16211
2.16211
2.16211
2.16211
2.16211
2.16211
2.16211
2.16211
2.16211
2.16211
2.16211
2.16211
2.16211
2.16211
2.16211
2.162
2.162
2.162
2.162
2.162
2.16188
2.16188
2.16188
2.16178
2.16178
2.16178
2.16178
2.16178
2.16178
2.16178
2.16178
2.16178
2.16178
2.16178
2.16178
2.16178
2.16177
2.16177
2.16039
2.16039
2.16039
2.16039
2.16039
2.16039
2.16039
2.16039
2.16039
2.16039
2.16005
2.16005
2.16005
2.15963
2.15963
2.15963
2.15963
2.15963
2.15963
2.15963
2.15963
2.15963
2.15963
2.15963
2.15787
2.15787
2.15787
2.15787
2.15787
2.15787
2.15787
2.15787
2.15695
2.15695
2.15695
2.15695
2.15695
2.15695
2.15695
2.15695
2.15695
2.15695
2.15695
2.15695
2.15695
2.15695
2.15695
2.15695
2.15695
2.15695
2.15695
2.15695
2.15695
2.15695
2.15695
2.15695
2.15695
2.15695
2.15695
2.15695
2.15695
2.15695
2.15695
2.15695
2.15658
2.15634
2.15634
2.15634
2.15634
2.15634
2.15634
2.15634
2.15634
2.15634
2.15634
2.15634
2.15491
2.15491
2.15491
2.15491
2.15491
2.15491
2.15491
2.15491
2.15491
2.15491
2.15491
2.15491
2.15491
2.15491
2.15491
2.15491
2.15491
2.15363
2.15363
2.15363
2.15363
2.15363
2.15363
2.15054
2.15054
2.15054
2.15054
2.15054
2.15054
2.15054
2.15054
2.14818
2.14818
2.14818
2.14818
2.14818
2.14818
2.14818
2.14818
2.14818
2.14818
2.1305
2.12814
2.10032
2.10032
2.08841
2.08329
2.08329
2.08329
2.08329
2.08329
2.08113
2.08113
2.08113
2.08113
2.08113
2.08113
2.08113
2.08113
2.08113
2.08113
2.08113
2.08113
2.08113
2.08113
2.08113
2.08113
2.08113
2.08113
2.08113
2.08113
2.08113
2.08113
2.08113
2.08113
2.08113
2.08113
2.08113
2.08113
2.08113
2.08113
2.08113
2.08113
2.08113
2.08113
2.08113
2.08113
2.08113
2.08113
2.08113
2.08113
2.08113
2.08113
2.08113
2.08113
2.08113
2.08113
2.0665
2.0665
2.0665
2.0665
2.0665
2.06627
2.06627
2.06137
2.06137
2.06137
2.06114
2.06114
2.06114
2.06114
2.06114
2.06114
2.06114
2.06114
2.06114
2.06114
2.06114
2.06114
2.06114
2.06114
2.06114
2.06114
2.06114
2.06114
2.06114
2.06114
2.06114
2.06114
2.06114
2.06006
2.06006
2.05977
2.05828
2.05828
2.05828
2.05828
2.05828
2.05828
2.05828
2.05828
2.05828
2.05148
2.05148
2.0506
2.0506
2.04917
2.04917
2.04917
2.04917
2.04114
2.03783
2.03783
2.03783
2.03695
2.03695
2.03695
2.03695
2.03695
2.03695
2.03695
2.03695
2.03695
2.03695
2.03695
2.03695
2.01178
1.97008
1.97008
1.97008
1.96988
1.95963
1.95963
1.95963
1.95963
1.95963
1.95287
1.95199
1.95199
1.95199
1.95199
1.95199
1.95199
1.95199
1.95199
1.95199
1.95199
1.95199
1.95199
1.95199
1.95199
1.95199
1.95199
1.95186
1.95118
1.95118
1.95072
1.95072
1.94991
1.94991
1.94991
1.94991
1.94991
1.94991
1.94991
1.94991
1.94991
1.94991
1.94991
1.94991
1.94991
1.94991
1.94991
1.94991
1.94991
1.94991
1.94991
1.94991
1.94991
1.94991
1.94991
1.94991
1.94991
1.94991
1.94991
1.94991
1.9489
1.9489
1.9489
1.9489
1.9489
1.9489
1.9489
1.9489
1.9489
1.9489
1.9489
1.9489
1.9489
1.9489
1.9489
1.9489
1.9489
1.9489
1.9489
1.9489
1.9489
1.9489
1.9489
1.9489
1.9489
1.9489
1.9489
1.9489
1.9489
1.9489
1.9489
1.9489
1.9489
1.9489
1.9489
1.9489
1.9489
1.9489
1.9489
1.9489
1.9489
1.9489
1.9489
1.9489
1.9489
1.9489
1.9489
1.9489
1.9489
1.9489
1.9489
1.9489
1.9489
1.9489
1.9489
1.9489
1.9489
1.9489
1.9489
1.94882
1.94882
1.94882
1.94849
1.94849
1.94849
1.94849
1.94849
1.94849
1.94849
1.94849
1.94849
1.94849
1.94841
1.94841
1.94841
1.94392
1.94392
1.94392
1.94392
1.94392
1.94392
1.94392
1.9405
1.93708
1.93708
1.93708
1.93708
1.93708
1.93708
1.93708
1.93708
1.93668
1.93668
1.93668
1.93668
1.93668
1.93668
1.93668
1.93668
1.93668
1.93668
1.93668
1.93668
1.93668
1.93668
1.93668
1.93668
1.93668
1.93668
1.93668
1.93668
1.93668
1.93668
1.93668
1.93668
1.93668
1.93668
1.93668
1.93668
1.93668
1.93668
1.93668
1.93668
1.93668
1.93668
1.93668
1.93668
1.93668
1.93668
1.93668
1.93668
1.93668
1.93668
1.93668
1.93668
1.93668
1.93668
1.93668
1.93668
1.93668
1.93668
1.93668
1.93668
1.93668
1.93668
1.93668
1.93668
1.93668
1.93668
1.93668
1.93668
1.93668
1.93668
1.93668
1.93668
1.93668
1.93668
1.93668
1.93668
1.93668
1.93668
1.93668
1.93668
1.93668
1.93668
1.93668
1.93668
1.93668
1.93668
1.93668
1.93668
1.93668
1.93668
1.93668
1.93668
1.93668
1.93668
1.93668
1.93668
1.93668
1.93668
1.93668
1.93668
1.93668
1.93668
1.93668
1.93668
1.93668
1.93668
1.93668
1.93668
1.93668
1.93668
1.93668
1.93668
1.93668
1.93668
1.93668
1.93668
1.93668
1.93668
1.93668
1.93521
1.93521
1.93521
1.89888
1.89888
1.89888
1.89888
1.89888
1.89772
1.89772
1.89772
1.89772
1.89772
1.89772
1.89772
1.89741
1.89741
1.89741
1.89741
1.89741
1.89741
1.89741
1.89741
1.89741
1.89741
1.89741
1.89741
1.89741
1.89741
1.89741
1.89741
1.89741
1.89741
1.89578
1.89578
1.89578
1.89578
1.89578
1.89578
1.89578
1.89578
1.89578
1.89578
1.89578
1.89578
1.89578
1.89578
1.89578
1.89578
1.89578
1.89578
1.89578
1.89578
1.89578
1.89578
1.89578
1.89578
1.89578
1.89578
1.89578
1.89578
1.89578
1.89578
1.89578
1.89578
1.89578
1.89578
1.89578
1.89578
1.89578
1.89578
1.89578
1.89578
1.89578
1.89578
1.89578
1.89578
1.89578
1.89578
1.89578
1.89578
1.89578
1.89578
1.89578
1.89578
1.89578
1.89578
1.89578
1.89578
1.89578
1.89578
1.89578
1.89578
1.89578
1.89578
1.89578
1.89578
1.89578
1.89578
1.87877
1.87877
1.87877
1.87877
1.87877
1.87877
1.87877
1.87877
1.87877
1.87877
1.87877
1.87877
1.87877
1.87877
1.87877
1.87877
1.87877
1.87877
1.87877
1.87877
1.87877
1.87877
1.87877
1.87877
1.87877
1.87877
1.87877
1.87877
1.87877
1.87877
1.87877
1.87877
1.87877
1.87877
1.87877
1.87877
1.87877
1.87877
1.87877
1.87877
1.87877
1.87877
1.87877
1.87877
1.87877
1.87877
1.87877
1.87877
1.87877
1.87877
1.87877
1.87877
1.87877
1.87877
1.87877
1.87877
1.87877
1.87877
1.87877
1.87877
1.87877
1.87877
1.87877
1.87877
1.87877
1.87877
1.87877
1.87877
1.87877
1.87877
1.87877
1.87877
1.87877
1.87877
1.87877
1.87877
1.87877
1.87877
1.87877
1.87877
1.87877
1.87877
1.87877
1.87877
1.87877
1.87877
1.87877
1.87877
1.87877
1.87877
1.87877
1.87877
1.87877
1.87877
1.87877
1.87877
1.87877
1.87877
1.87877
1.87877
1.87877
1.87877
1.87877
1.87877
1.87877
1.87877
1.87877
1.87877
1.87877
1.87877
1.87877
1.87877
1.87877
1.87877
1.87877
1.87877
1.87877
1.87877
1.87877
1.87877
1.87877
1.87877
1.87877
1.87877
1.87877
1.87877
1.87877
1.87877
1.87877
1.87877
1.87877
1.87877
1.87877
1.87877
1.87877
1.87877
1.87877
1.87877
1.87877
1.87877
1.87877
1.87877
1.87877
1.87877
1.87877
1.87877
1.87877
1.87877
1.87877
1.87877
1.87877
1.87877
1.87877
1.87877
1.87877
1.87877
1.87877
1.87877
1.87877
1.87877
1.87877
1.87877
1.87877
1.87877
1.87877
1.87877
1.87877
1.87877
1.87877
1.87877
1.87877
1.87877
1.87877
1.87877
1.87877
1.87877
1.87877
1.87877
1.87877
1.87877
1.87877
1.87877
1.87877
1.87877
1.87877
1.87877
1.87877
1.87877
1.87877
1.87877
1.87877
1.87877
1.87877
1.87877
1.87877
1.87877
1.87877
1.87877
1.87876
1.87827
1.87827
1.87827
1.87827
1.87827
1.87827
1.87827
1.87827
1.87684
1.87635
1.87635
1.87635
1.87635
1.87635
1.87635
1.87635
1.87635
1.87558
1.87558
1.87558
1.87558
1.87558
1.87558
1.87558
1.87558
1.87558
1.87558
1.87558
1.87558
1.87558
1.87558
1.87558
1.87558
1.87558
1.87558
1.87558
1.87558
1.87558
1.87558
1.87558
1.87558
1.87558
1.87558
1.87558
1.87558
1.87558
1.87558
1.87558
1.87558
1.87558
1.87558
1.87558
1.87558
1.87558
1.87558
1.87558
1.87558
1.87558
1.87558
1.87558
1.87558
1.87558
1.87558
1.87558
1.87558
1.87558
1.87558
1.87558
1.87558
1.87558
1.87558
1.87528
1.87528
1.87528
1.87528
1.87528
1.87528
1.87528
1.87528
1.87528
1.87528
1.87528
1.87528
1.87528
1.87528
1.87528
1.87528
1.87528
1.87528
1.87528
1.87528
1.87528
1.87528
1.87528
1.87528
1.87528
1.87528
1.87528
1.87528
1.87528
1.84746
1.84746
1.84746
1.84715
1.84138
1.84108
1.83911
1.83911
1.83911
1.83911
1.83911
1.82945
1.82704
1.82704
1.82674
1.82674
1.82285
1.82285
1.82285
1.82285
1.82285
1.82285
1.82285
1.82285
1.82285
1.82285
1.82285
1.82285
1.82285
1.82285
1.82285
1.82285
1.82285
1.82285
1.82285
1.82285
1.82285
1.80946
1.80946
1.80946
1.80919
1.80919
1.80888
1.80888
1.80888
1.80888
1.80888
1.8037
1.8037
1.80361
1.80361
1.80361
1.80361
1.79932
1.79404
1.79383
1.78451
1.77893
1.77893
1.77893
1.76986
1.76986
1.76986
1.76986
1.76986
1.76986
1.74517
1.74517
1.74517
1.74517
1.74517
1.74517
1.74517
1.74517
1.73886
1.73492
1.72861
1.72861
1.7283
1.72667
1.72667
1.72667
1.72639
1.72639
1.72463
1.72463
1.7241
1.7241
1.7241
1.7241
1.72234
1.72234
1.72204
1.72204
1.72204
1.72204
1.72204
1.72204
1.72204
1.72204
1.72204
1.72204
1.72204
1.72204
1.72204
1.72204
1.72204
1.72002
1.72002
1.71796
1.71796
1.71796
1.71796
1.71796
1.71796
1.71796
1.71796
1.71796
1.71796
1.71796
1.71705
1.71705
1.71705
1.71705
1.71705
1.71705
1.71705
1.71705
1.71705
1.71705
1.71705
1.71705
1.71705
1.71705
1.71705
1.71705
1.71705
1.71705
1.71705
1.71705
1.71705
1.71705
1.71705
1.71705
1.71705
1.71705
1.71705
1.71705
1.71705
1.71705
1.71705
1.71705
1.71705
1.71705
1.71705
1.71705
1.71705
1.71705
1.71705
1.71705
1.71705
1.71705
1.71439
1.71439
1.71439
1.71439
1.71439
1.71439
1.71439
1.71439
1.71439
1.71439
1.71439
1.71439
1.71439
1.71439
1.71439
1.71439
1.71439
1.71439
1.71439
1.71439
1.71439
1.71439
1.71439
1.71439
1.71439
1.71439
1.71439
1.71439
1.71439
1.71439
1.71439
1.71439
1.71439
1.71439
1.71439
1.71439
1.71439
1.71439
1.71439
1.71439
1.71439
1.71439
1.71439
1.71439
1.71439
1.71439
1.71439
1.71439
1.71269
1.71215
1.71215
1.71215
1.71215
1.71215
1.71215
1.71215
1.71215
1.71215
1.71215
1.71215
1.71215
1.71215
1.71215
1.71215
1.71215
1.71215
1.71215
1.71215
1.71215
1.71215
1.71215
1.71215
1.71215
1.71215
1.71215
1.71215
1.71215
1.71215
1.71215
1.71215
1.71215
1.71215
1.71215
1.71215
1.71215
1.71215
1.71215
1.71215
1.71215
1.71215
1.71215
1.71215
1.71215
1.71215
1.71215
1.71215
1.71215
1.71215
1.71215
1.71215
1.71215
1.71215
1.71215
1.71215
1.71215
1.71215
1.71215
1.71215
1.71215
1.71215
1.71215
1.71215
1.71215
1.71215
1.71125
1.71125
1.71125
1.71125
1.71125
1.71125
1.71125
1.71125
1.71125
1.71125
1.71125
1.71125
1.71125
1.71125
1.71125
1.71125
1.71125
1.71025
1.71025
1.70935
1.70935
1.70935
1.70935
1.70935
1.70935
1.70935
1.70935
1.70935
1.70935
1.70935
1.70906
1.70721
1.70721
1.70721
1.70721
1.70691
1.70691
1.70691
1.70691
1.70691
1.70691
1.70691
1.70691
1.70691
1.70691
1.70691
1.70691
1.70597
1.70597
1.70597
1.70597
1.70597
1.70597
1.70597
1.70597
1.70597
1.70597
1.70597
1.70597
1.70568
1.70568
1.70568
1.70568
1.70568
1.70256
1.70256
1.70256
1.70256
1.70256
1.70256
1.70256
1.70256
1.70256
1.70256
1.70256
1.70256
1.70256
1.69914
1.69914
1.69914
1.69914
1.69885
1.69885
1.69885
1.69885
1.69885
1.69885
1.69742
1.69742
1.69742
1.69742
1.69742
1.69742
1.69742
1.69742
1.69742
1.69742
1.69742
1.69742
1.69742
1.69742
1.69742
1.69742
1.69742
1.69742
1.69742
1.69742
1.69742
1.69742
1.69742
1.69742
1.69742
1.69742
1.69742
1.69742
1.69742
1.69742
1.69742
1.69742
1.69742
1.69742
1.69742
1.69742
1.69712
1.69712
1.69712
1.69712
1.69712
1.69712
1.69712
1.69712
1.69712
1.69712
1.69712
1.69712
1.69712
1.69712
1.69712
1.69712
1.69701
1.69701
1.69701
1.69701
1.69701
1.69701
1.69701
1.69701
1.69701
1.69701
1.69701
1.69701
1.69701
1.69701
1.69672
1.69672
1.69672
1.69672
1.69672
1.69672
1.69672
1.69672
1.69672
1.69672
1.69672
1.69672
1.69672
1.69672
1.69672
1.69672
1.69672
1.69672
1.69672
1.69672
1.69672
1.69672
1.69672
1.69672
1.69672
1.69672
1.69672
1.69672
1.69672
1.69672
1.69672
1.69672
1.69672
1.69672
1.69672
1.69672
1.69672
1.69672
1.69672
1.69672
1.69672
1.69672
1.69672
1.69672
1.69672
1.69672
1.69672
1.69672
1.69672
1.69672
1.69672
1.69672
1.69672
1.69672
1.69672
1.69672
1.69672
1.69672
1.69672
1.69672
1.69672
1.69672
1.69672
1.69672
1.69672
1.69672
1.69672
1.69672
1.69672
1.69672
1.69672
1.69672
1.69672
1.69672
1.69672
1.69672
1.69672
1.69672
1.69672
1.69672
1.69672
1.69672
1.69672
1.69672
1.69672
1.69672
1.69672
1.69672
1.69672
1.69672
1.69672
1.69672
1.69672
1.69672
1.69672
1.69672
1.69672
1.69672
1.69672
1.69672
1.69672
1.69672
1.69672
1.69672
1.69672
1.69672
1.69672
1.69672
1.69672
1.69672
1.69672
1.69672
1.69672
1.69672
1.69672
1.69672
1.69672
1.69672
1.69672
1.69672
1.69672
1.69672
1.69672
1.69672
1.69672
1.69672
1.69672
1.69672
1.69672
1.69672
1.69672
1.69672
1.69672
1.69672
1.69672
1.69672
1.69672
1.69672
1.69672
1.69672
1.69672
1.69672
1.69672
1.69672
1.69672
1.69672
1.69672
1.69672
1.69672
1.69672
1.69672
1.69672
1.69672
1.69672
1.69672
1.69672
1.69672
1.69672
1.69672
1.69672
1.69672
1.69672
1.69672
1.69672
1.69672
1.69672
1.69672
1.69672
1.69672
1.69672
1.69672
1.69672
1.69672
1.69672
1.69672
1.69672
1.69672
1.69672
1.69672
1.69672
1.69672
1.69672
1.69672
1.69672
1.69672
1.69672
1.69672
1.69672
1.69672
1.69672
1.69672
1.69672
1.69672
1.69672
1.69672
1.69672
1.69672
1.69672
1.69672
1.69672
1.69672
1.69672
1.69672
1.69672
1.69672
1.69672
1.69672
1.69672
1.69672
1.69672
1.69672
1.69672
1.69672
1.69672
1.69672
1.69672
1.69672
1.69672
1.69672
1.69672
1.69672
1.69672
1.69672
1.69672
1.69672
1.69672
1.69672
1.69672
1.69672
1.69672
1.69672
1.69672
1.69672
1.69672
1.69672
1.69672
1.69672
1.69672
1.69672
1.69672
1.69672
1.69672
1.69672
1.69672
1.69672
1.69672
1.69672
1.69672
1.69672
1.69672
1.69672
1.69672
1.69672
1.69672
1.69672
1.69672
1.69672
1.69672
1.69672
1.69672
1.69672
1.69672
1.69672
1.69672
1.69672
1.69672
1.69672
1.69672
1.69672
1.69672
1.69672
1.69672
1.69672
1.69672
1.69672
1.69672
1.69672
1.69672
1.69672
1.69672
1.69672
1.69672
1.69672
1.69672
1.69672
1.69672
1.69672
1.69672
1.69672
1.69672
1.69672
1.69672
1.69672
1.69672
1.69672
1.69672
1.69672
1.69672
1.69672
1.69672
1.69672
1.69672
1.69672
1.69672
1.69672
1.69672
1.69672
1.69672
1.69672
1.69672
1.69672
1.69672
1.69672
1.69672
1.69672
1.69672
1.69672
1.69672
1.69672
1.69672
1.69672
1.69672
1.69672
1.69672
1.69672
1.69672
1.69672
1.69672
1.69672
1.69672
1.69672
1.69672
1.69672
1.69672
1.69672
1.69672
1.69672
1.69672
1.69672
1.69672
1.69672
1.69672
1.69672
1.69672
1.69672
1.69672
1.69672
1.69672
1.69672
1.69672
1.69672
1.69672
1.69672
1.69672
1.69672
1.69672
1.69672
1.69672
1.69672
1.69672
1.69672
1.69672
1.69672
1.69672
1.69672
1.69672
1.69672
1.69672
1.69672
1.69672
1.69672
1.69672
1.69672
1.69672
1.69672
1.69672
1.69672
1.69672
1.69672
1.69672
1.69672
1.69672
1.69672
1.69672
1.69672
1.69672
1.69672
1.69672
1.69672
1.69672
1.69672
1.69672
1.69672
1.69672
1.69672
1.69672
1.69672
1.69672
1.69672
1.69672
1.69672
1.69672
1.69672
1.69672
1.69672
1.69672
1.69672
1.69672
1.69672
1.69672
1.69672
1.69672
1.69672
1.69672
1.69672
1.69672
1.69672
1.69672
1.69672
1.69672
1.69672
1.69672
1.69672
1.69672
1.69672
1.69672
1.69672
1.69672
1.69672
1.69672
1.69672
1.69672
1.69672
1.69672
1.69672
1.69672
1.69672
1.69672
1.69672
1.69672
1.69672
1.69672
1.69672
1.69672
1.69672
1.69672
1.69672
1.69672
1.69672
1.69672
1.69672
1.69672
1.69672
1.69672
1.69672
1.69672
1.69672
1.69672
1.69672
1.69672
1.69672
1.69672
1.69672
1.69672
1.69672
1.69672
1.69672
1.69672
1.69672
1.69672
1.69672
1.69672
1.69672
1.69672
1.69672
1.69672
1.69672
1.69672
1.69672
1.69672
1.69672
1.69672
1.69672
1.69672
1.69672
1.69672
1.69672
1.69672
1.69672
1.69672
1.69672
1.69672
1.69672
1.69672
1.69672
1.69672
1.69672
1.69672
1.69672
1.69672
1.69672
1.69672
1.69672
1.69672
1.69672
1.69672
1.69672
1.69672
1.69672
1.69672
1.69672
1.69672
1.69672
1.69672
1.69672
1.69672
1.69672
1.69672
1.69672
1.69672
1.69672
1.69672
1.69672
1.69672
1.69672
1.69672
1.69672
1.69672
1.69672
1.69672
1.69672
1.69672
1.69672
1.69672
1.69672
1.69672
1.69672
1.69672
1.69672
1.69672
1.69672
1.69672
1.69672
1.69672
1.69672
1.69672
1.69672
1.69672
1.69672
1.69672
1.69672
1.69672
1.69672
1.69672
1.69672
1.69672
1.69672
1.69672
1.69672
1.69672
1.69672
1.69672
1.69672
1.69672
1.69672
1.69672
1.69672
1.69672
1.69672
1.69672
1.69672
1.69672
1.69672
1.69672
1.69672
1.69672
1.69672
1.69672
1.69672
1.69672
1.69672
1.69672
1.69672
1.69672
1.69672
1.69672
1.69672
1.69672
1.69672
1.69672
1.69672
1.69672
1.69672
1.69672
1.69672
1.69672
1.69672
1.69672
1.69672
1.69672
1.69672
1.69672
1.69672
1.69672
1.69672
1.69672
1.69672
1.69672
1.69672
1.69672
1.69672
1.69672
1.69672
1.69672
1.69672
1.69672
1.69672
1.69672
1.69672
1.69672
1.69672
1.69672
1.69672
1.69672
1.69672
1.69672
1.69672
1.69672
1.69672
1.69672
1.69672
1.69672
1.69672
1.69672
1.69672
1.69672
1.69672
1.69672
1.69672
1.69672
1.69672
1.69672
1.69672
1.69672
1.69672
1.69672
1.69672
1.69672
1.69672
1.69672
1.69672
1.69672
1.69672
1.69672
1.69672
1.69672
1.69672
1.69672
1.69672
1.69672
1.69672
1.69672
1.69672
1.69672
1.69672
1.69672
1.69672
1.69672
1.69672
1.69672
1.69672
1.69672
1.69672
1.69672
1.69672
1.69672
1.69672
1.69672
1.69672
1.69672
1.69672
1.69672
1.69672
1.69672
1.69672
1.69672
1.69672
1.69672
1.69672
1.69672
1.69672
1.69672
1.69672
1.69672
1.69672
1.69672
1.69672
1.69672
1.69672
1.69672
1.69672
1.69672
1.69672
1.69672
1.69672
1.69672
1.69672
1.69672
1.69672
1.69672
1.69672
1.69672
1.69672
1.69672
1.69672
1.69672
1.69672
1.69672
1.69672
1.69672
1.69672
1.69672
1.69672
1.69672
1.69672
1.69672
1.69672
1.69672
1.69672
1.69672
1.69672
1.69672
1.69672
1.69672
1.69672
1.69672
1.69672
1.69672
1.69672
1.69672
1.69672
1.69672
1.69672
1.69672
1.69672
1.69672
1.69672
1.69672
1.69672
1.69672
1.69672
1.69672
1.69672
1.69672
1.69672
1.69672
1.69672
1.69672
1.69672
1.69672
1.69672
1.69672
1.69672
1.69672
1.69672
1.69672
1.69672
1.69672
1.69672
1.69672
1.69672
1.69672
1.69672
1.69672
1.69672
1.69672
1.69672
1.69672
1.69672
1.69672
1.69672
1.69672
1.69672
1.69672
1.69672
1.69672
1.69672
1.69672
1.69672
1.69672
1.69672
1.69672
1.69672
1.69672
1.69672
1.69672
1.69672
1.69672
1.69672
1.69672
1.69672
1.69672
1.69672
1.69672
1.69672
1.69672
1.69672
1.69672
1.69672
1.69672
1.69672
1.69672
1.69672
1.69672
1.69672
1.69672
1.69672
1.69672
1.69672
1.69672
1.69672
1.69672
1.69672
1.69672
1.69672
1.69672
1.69672
1.69672
1.69672
1.69672
1.69672
1.69672
1.69672
1.69672
1.69672
1.69672
1.69672
1.69672
1.69672
1.69672
1.69672
1.69672
1.69672
1.69672
1.69672
1.69672
1.69672
1.69672
1.69672
1.69672
1.69672
1.69672
1.69672
1.69672
1.69672
1.69672
1.69672
1.69672
1.69672
1.69672
1.69672
1.69672
1.69672
1.69672
1.69672
1.69672
1.69672
1.69672
1.69672
1.69672
1.69672
1.69672
1.69672
1.69672
1.69672
1.69672
1.69672
1.69672
1.69672
1.69672
1.69672
1.69672
1.69672
1.69672
1.69672
1.69672
1.69672
1.69672
1.69672
1.69672
1.69672
1.69672
1.69672
1.69672
1.69672
1.69672
1.69672
1.69672
1.69672
1.69672
1.69672
1.69672
1.69672
1.69672
1.69672
1.69672
1.69672
1.69672
1.69672
1.69672
1.69672
1.69672
1.69672
1.69672
1.69672
1.69672
1.69672
1.69672
1.69672
1.69672
1.69672
1.69672
1.69672
1.69672
1.69672
1.69672
1.69672
1.69672
1.69672
1.69672
1.69672
1.69672
1.69672
1.69672
1.69672
1.69672
1.69672
1.69672
1.69672
1.69672
1.69672
1.69672
1.69672
1.69672
1.69672
1.69672
1.69672
1.69672
1.69672
1.69672
1.69672
1.69672
1.69672
1.69672
1.69672
1.69672
1.69672
1.69672
1.69672
1.69672
1.69672
1.69672
1.69672
1.69672
1.69672
1.69672
1.69672
1.69672
1.69672
1.69672
1.69672
1.69672
1.69672
1.69672
1.69672
1.69672
1.69672
1.69672
1.69672
1.69672
1.69672
1.69672
1.69672
1.69672
1.69672
1.69672
1.69672
1.69672
1.69672
1.69672
1.69672
1.69672
1.69672
1.69672
1.69672
1.69672
1.69672
1.69672
1.69672
1.69672
1.69672
1.69672
1.69672
1.69672
1.69672
1.69672
1.69672
1.69672
1.69672
1.69672
1.69672
1.69672
1.69672
1.69672
1.69672
1.69672
1.69672
1.69672
1.69672
1.69672
1.69672
1.69672
1.69672
1.69672
1.69672
1.69672
1.69672
1.69672
1.69672
1.69672
1.69672
1.69672
1.69672
1.69672
1.69672
1.69672
1.69672
1.69672
1.69672
1.69672
1.69672
1.69672
1.69672
1.69672
1.69672
1.69672
1.69672
1.69672
1.69672
1.69672
1.69672
1.69672
1.69672
1.69672
1.69672
1.69672
1.69672
1.69672
1.69672
1.69672
1.69672
1.69672
1.69672
1.69672
1.69672
1.69672
1.69672
1.69672
1.69672
1.69672
1.69672
1.69672
1.69672
1.69672
1.69672
1.69672
1.69672
1.69672
1.69672
1.69672
1.69672
1.69672
1.69672
1.69672
1.69672
1.69672
1.69672
1.69672
1.69672
1.69672
1.69672
1.69672
1.69672
1.69672
1.69672
1.69672
1.69672
1.69672
1.69672
1.69672
1.69672
1.69672
1.69672
1.69672
1.69672
1.69672
1.69672
1.69672
1.69672
1.69672
1.69672
1.69672
1.69672
1.69672
1.69672
1.69672
1.69672
1.69672
1.69672
1.69672
1.69672
1.69672
1.69672
1.69672
1.69672
1.69672
1.69672
1.69672
1.69672
1.69672
1.69672
1.69672
1.69672
1.69672
1.69672
1.69672
1.69672
1.69672
1.69672
1.69672
1.69672
1.69672
1.69672
1.69672
1.69672
1.69672
1.69672
1.69672
1.69672
1.69672
1.69672
1.69672
