
/*---------------------------贪心算法思想下解的说明------------------------------*/

算法思想：以当前所在的点为参考选择离自己最近的点作为下一站，走过的点不在经过


贪心思想只能求得每一步只能求得局部最短路径，因此最终结果是近似最优解

贪心算法求解的最短路程的长度为：61650.7
实际的最短路径为：58537
此算法和最优解的近似度为:1.05319
time = 0.015s
/*---------------------------贪心算法思想下解的说明------------------------------*/



/*---------------------------遗传算法2思想下解的说明------------------------------*/

算法思想：随机生成一个路线序列，路线路径长度短的会更可能遗传下去，所以经过多次代际迭代，最终的结果会趋近于最优解


代际更迭次数越多，越接近最优解。这种算法最终结果是近似最优解

遗传算法求解的最短路程的长度为：99320.8
实际的最短路径为：58537
此算法和最优解的近似度为:1.69672
time = 264.49s
这个算法迭代终止条件是前后 1152 代最优个体一样
这个算法中共计迭代 3384次
其中每一代个体数为 288   交叉遗传的概率为 0.8   变异的概率为 0.1

迭代过程中 交叉遗传次数为392442  其中变异次数为66281

以下是迭代过程中每一代中最好的个体所对应的路先长度变化（每20代输出一次）

567207 508320 458757 387977 361225 313581 278897 251768 226845 216844 206827 198362 193846 189429 185276 181889 178279 175181 168176 159421 
157456 156255 155725 154518 152929 151104 148953 146562 145956 145828 144486 143430 135793 132974 132187 128287 128180 128134 127935 127935 
127935 127321 126577 126557 126544 126418 126262 126262 126142 126067 124575 121823 121823 120953 120653 120088 119237 114263 114142 114142 
114083 114083 114083 113791 113367 113367 113367 113367 113367 113367 111087 110973 110973 110973 110973 109978 109978 109978 109978 109978 
109978 109978 109978 109978 109978 109836 109791 109791 109773 109773 106704 106704 104460 101187 100803 100564 100511 100511 100355 100355 
100224 100224 100224 100171 100060 99917.6 99845.3 99462.5 99361.7 99361.7 99338 99320.8 99320.8 99320.8 99320.8 99320.8 99320.8 99320.8 99320.8 99320.8 
99320.8 99320.8 99320.8 99320.8 99320.8 99320.8 99320.8 99320.8 99320.8 99320.8 99320.8 99320.8 99320.8 99320.8 99320.8 99320.8 99320.8 99320.8 99320.8 99320.8 
99320.8 99320.8 99320.8 99320.8 99320.8 99320.8 99320.8 99320.8 99320.8 99320.8 99320.8 99320.8 99320.8 99320.8 99320.8 99320.8 99320.8 99320.8 99320.8 99320.8 
99320.8 99320.8 99320.8 99320.8 99320.8 99320.8 99320.8 99320.8 99320.8 
/*---------------------------遗传算法2思想下解的说明------------------------------*/


