1.27107
1.27107
1.27107
1.27107
1.27105
1.27105
1.27105
1.27105
1.26928
1.2
1.19446
1.19338
1.18724
1.18724
1.18008
1.18008
1.18008
1.18008
1.18006
1.1619
1.15675
1.14649
1.14647
1.14647
1.14647
1.14647
1.14647
1.14582
1.1458
1.1458
1.14396
1.14396
1.14396
1.14396
1.14396
1.14331
1.14331
1.14329
1.14329
1.14329
1.14329
1.14329
1.14329
1.14329
1.14329
1.14329
1.14329
1.14329
1.14329
1.14329
1.14329
1.14329
1.14317
1.14317
1.14317
1.14317
1.14317
1.14317
1.14317
1.14278
1.14278
1.14091
1.14091
1.14091
1.14091
1.14091
1.1404
1.1404
1.1404
1.1404
1.1404
1.13995
1.13995
1.13995
1.13995
1.13995
1.13995
1.13995
1.13988
1.13988
1.12718
1.11156
1.11156
1.11156
1.11156
1.11156
1.11156
1.11156
1.11156
1.11156
1.10998
1.10998
1.10998
1.10998
1.10923
1.10923
1.10923
1.10923
1.10923
1.1069
1.1069
1.1066
1.1066
1.10446
1.1033
1.10323
1.10301
1.10301
1.10255
1.10255
1.10097
1.10097
1.10069
1.10069
1.10006
1.10006
1.09911
1.09903
1.09721
1.09721
1.09678
1.09678
1.09671
1.09671
1.09671
1.09671
1.09671
1.09671
1.09671
1.09671
1.09671
1.09671
1.09671
1.09671
1.09671
1.09671
1.09671
1.09671
1.09671
1.09671
1.09671
1.09671
1.09671
1.09671
1.09671
1.09671
1.09671
1.09671
1.09671
1.09671
1.09671
1.09539
1.09539
1.09539
1.09539
1.09539
1.09539
1.09539
1.09539
1.09539
1.09539
1.09539
1.09539
1.09539
1.09539
1.09539
1.09539
1.09539
1.09504
1.09504
1.09504
1.09504
1.09504
1.09504
1.09504
1.09504
1.09504
1.09504
1.09504
1.09504
1.09504
1.09504
1.09504
1.09504
1.09504
1.09504
1.09504
1.09504
1.09504
1.09504
1.09504
1.09443
1.09443
1.09443
1.09443
1.09443
1.09443
1.09443
1.09443
1.09443
1.09443
1.09443
1.09443
1.09443
1.09443
1.09443
1.09443
1.09443
1.09443
1.09443
1.09443
1.09443
1.09443
1.09443
1.09443
1.09443
1.09443
1.09443
1.09443
1.09443
1.09443
1.09443
1.09443
1.09443
1.09443
1.09443
1.09443
1.09443
1.09443
1.09236
1.09236
1.09236
1.09233
1.09233
1.09233
1.09233
1.09233
1.09233
1.09233
1.09233
1.09233
1.09233
1.09233
1.09233
1.09233
1.09233
1.09233
1.09026
1.09026
1.09026
1.09026
1.09026
1.08937
1.08937
1.08937
1.08937
1.08937
1.08787
1.08766
1.08766
1.08766
1.08766
1.08766
1.08766
1.08766
1.08766
1.08766
1.08766
1.08766
1.08766
1.08766
1.08766
1.08766
1.08766
1.08766
1.08766
1.08766
1.08766
1.08766
1.08743
1.08743
1.08743
1.08743
1.08743
1.08743
1.08743
1.08743
1.08743
1.08743
1.08743
1.08743
1.08743
1.08743
1.08743
1.08743
1.08743
1.08743
1.08743
1.08743
1.08743
1.08743
1.08743
1.08743
1.08743
1.08743
1.08743
1.08743
1.08743
1.08743
1.08743
1.08743
1.08743
1.08743
1.08743
1.08743
1.08743
1.08743
1.08743
1.08743
1.08743
1.08743
1.08743
1.08743
1.08743
1.08743
1.08743
1.08743
1.08743
1.08743
1.08743
1.08743
1.08743
1.08743
1.08743
1.08743
1.08743
1.08743
1.08743
1.08674
1.08674
1.08674
1.08674
1.08674
1.08674
1.08669
1.08669
1.08669
1.08669
1.08669
1.08669
1.08669
1.08669
1.08669
1.08669
1.08669
1.08669
1.08669
1.08669
1.08669
1.08669
1.08669
1.08669
1.08669
1.08669
1.08669
1.08669
1.08669
1.08669
1.08669
1.08669
1.08669
1.08669
1.08669
1.08669
1.08669
1.08669
1.08669
1.08669
1.08669
1.08669
1.08669
1.08669
1.08669
1.08669
1.08669
1.08669
1.08669
1.08669
1.08669
1.08669
1.08669
1.08669
1.08669
1.08669
1.08669
1.08669
1.08669
1.08669
1.08669
1.08669
1.08669
1.08669
1.08669
1.08669
1.08669
1.08669
1.08669
1.08669
1.08669
1.08669
1.08669
1.08669
1.08669
1.08669
1.08669
1.08669
1.08669
1.08669
1.08669
1.08669
1.08669
1.08669
1.08669
1.08669
1.08669
1.08669
1.08669
1.08669
1.08669
1.08669
1.08669
1.08669
1.08669
1.08669
1.08669
1.08669
1.08669
1.08669
1.08669
1.08669
1.08669
1.08669
1.08669
1.08669
1.08669
1.08669
1.08669
1.08669
1.08669
1.08669
1.08669
1.08669
1.08669
1.08669
1.08669
1.08669
1.08669
1.08669
1.08669
1.08669
1.08669
1.08669
1.08669
1.08669
1.08669
1.08669
1.08669
1.08669
1.08669
1.08669
1.08669
1.08669
1.08669
1.08669
1.08669
1.08669
1.08669
1.08669
1.08669
1.08669
1.08669
1.08669
1.08669
1.08669
1.08669
1.08669
1.08669
1.08669
1.08669
1.08669
1.08669
1.08669
1.08669
1.08669
1.08669
1.08669
1.08669
1.08669
1.08669
1.08669
1.08669
1.08669
1.08669
1.08669
1.08669
1.08669
1.08669
1.08669
1.08669
1.08669
1.08669
1.08669
1.08669
1.08669
1.08669
1.08669
1.08669
1.08669
1.08669
1.08669
1.08669
1.08669
1.08669
1.08669
1.08669
1.08669
1.08669
1.08669
1.08669
1.08669
1.08669
1.08669
1.08669
1.08669
1.08669
1.08669
1.08669
1.08669
1.08669
1.08669
1.08669
1.08669
1.08669
1.08669
1.08669
1.08669
1.08669
1.08669
1.08669
1.08669
1.08669
1.08669
1.08669
1.08669
1.08669
1.08599
1.08599
1.08599
1.08599
1.08599
1.08599
1.08599
1.08599
1.08599
1.08599
1.08599
1.08599
1.08599
1.08599
1.08599
1.08599
1.08599
1.08599
1.08599
1.08599
1.08599
1.08599
1.08599
1.08599
1.08599
1.08599
1.08599
1.08599
1.08599
1.08599
1.08599
1.08599
1.08599
1.08599
1.08599
1.08599
1.08599
1.08599
1.08599
1.08599
1.08599
1.08599
1.08599
1.08599
1.08599
1.08599
1.08599
1.08599
1.08599
1.08599
1.08599
1.08599
1.08599
1.08599
1.08599
1.08599
1.08599
1.08599
1.08599
1.08599
1.08599
1.08599
1.08599
1.08599
1.08599
1.08599
1.08599
1.08599
1.08599
1.08599
1.08599
1.08599
1.08599
1.08599
1.08599
1.08599
1.08599
1.08599
1.08599
1.08599
1.08599
1.08599
1.08599
1.08599
1.08599
1.08599
1.08599
1.08599
1.08599
1.08599
1.08599
1.08599
1.08599
1.08599
1.08599
1.08599
1.08599
1.08599
1.08599
1.08599
1.08599
1.08599
1.08599
1.08599
1.08599
1.08599
1.08599
1.08599
1.08599
1.08599
1.08599
1.08599
1.08599
1.08599
1.08599
1.08599
1.08599
1.08599
1.08599
1.08599
1.08599
1.08599
1.08599
1.08599
1.08599
1.08599
1.08599
1.08599
1.08599
1.08599
1.08599
1.08599
1.08599
1.08599
1.08599
1.08599
1.08599
1.08599
1.08599
1.08599
1.08599
1.08599
1.08599
1.08599
1.08599
1.08599
1.08599
1.08599
1.08599
1.08599
1.08599
1.08599
1.08599
1.08599
1.08599
1.08599
1.08599
1.08599
1.08599
1.08599
1.08599
1.08599
1.08599
1.08599
1.08599
1.08599
1.08599
1.08599
1.08599
1.08599
1.08599
1.08599
1.08599
1.08599
1.08599
1.08599
1.08599
1.08599
1.08599
1.08599
1.08599
1.08599
1.08599
1.08599
1.08599
1.08599
1.08599
1.08599
1.08599
1.08599
1.08599
1.08599
1.08599
1.08599
1.08599
1.08599
1.08599
1.08599
1.08599
1.08599
1.08599
1.08599
1.08599
1.08599
1.08599
1.08599
1.08599
1.08599
1.08599
1.08599
1.08599
1.08599
1.08599
1.08599
1.08599
1.08599
1.08599
1.08599
1.08599
1.08599
1.08599
1.0857
1.0857
1.0857
1.0857
1.0857
1.0857
1.0857
1.0857
1.0857
1.0857
1.0857
1.0857
1.0857
1.0857
1.0857
1.0857
1.0857
1.0857
1.0857
1.0857
1.0857
1.0857
1.0857
1.0857
1.0857
1.0857
1.0857
1.0857
1.0857
1.0857
1.0857
1.0857
1.0857
1.0857
1.0857
1.0857
1.0857
1.0857
1.0857
1.0857
1.0857
1.0857
1.0857
1.0857
1.0857
1.0857
1.0857
1.08507
1.08507
1.08502
1.08502
1.08502
1.08502
1.08502
1.08502
1.08502
1.08502
1.08502
1.08502
1.08502
1.08502
1.08502
1.08502
1.08502
1.08502
1.08502
1.08502
1.08502
1.08502
1.08502
1.08502
1.08502
1.08502
1.08502
1.08502
1.08502
1.08502
1.08502
1.08502
1.08502
1.08502
1.08502
1.08502
1.08502
1.08502
1.08502
1.08502
1.08502
1.08502
1.08502
1.08502
1.08502
1.08502
1.08502
1.08502
1.08502
1.08502
1.08502
1.08502
1.08502
1.08502
1.08502
1.08502
1.08502
1.08502
1.08502
1.08502
1.08502
1.08502
1.08502
1.08502
1.08502
1.08502
1.08502
1.08502
1.08502
1.08502
1.08502
1.08502
1.08502
1.08502
1.08502
1.08502
1.08502
1.08502
1.08502
1.08502
1.08502
1.08502
1.08502
1.08502
1.08502
1.08502
1.08502
1.08502
1.08502
1.08502
1.08502
1.08502
1.08502
1.08502
1.08502
1.08502
1.08502
1.08502
1.08502
1.08502
1.08502
1.08502
1.08502
1.08502
1.08502
1.08502
1.08502
1.08502
1.08502
1.08502
1.08502
1.08502
1.08502
1.08502
1.08502
1.08502
1.08502
1.08502
1.08502
1.08502
1.08502
1.08502
1.08502
1.08502
1.08502
1.08502
1.08502
1.08502
1.08502
1.08502
1.08502
1.08502
1.08502
1.08502
1.08502
1.08502
1.08502
1.08502
1.08502
1.08502
1.08502
1.08502
1.08502
1.08502
1.08502
1.08502
1.08502
1.08502
1.08502
1.08502
1.08502
1.08502
1.08502
1.08502
1.08502
1.08502
1.08502
1.08502
1.08502
1.08502
1.08502
1.08502
1.08502
1.08502
1.08502
1.08502
1.08258
1.08258
1.08258
1.08253
1.08253
1.08253
1.08253
1.08253
1.08253
1.08253
1.08253
1.08253
1.08253
1.08253
1.08253
1.08253
1.08253
1.08253
1.08253
1.08253
1.08253
1.08253
1.08253
1.08253
1.08253
1.08253
1.08253
1.08253
1.08253
1.08253
1.08253
1.08253
1.08253
1.08253
1.08253
1.08253
1.08253
1.08253
1.08253
1.08253
1.08253
1.08253
1.08253
1.08253
1.08253
1.08253
1.08253
1.08253
1.08253
1.08253
1.08253
1.08253
1.08253
1.08253
1.08253
1.08253
1.08253
1.08253
1.08253
1.08253
1.08253
1.08253
1.08253
1.08253
1.08253
1.08253
1.08253
1.08253
1.08253
1.08253
1.08253
1.08253
1.08253
1.08253
1.08253
1.08253
1.08253
1.08253
1.08253
1.08253
1.08253
1.08253
1.08253
1.08253
1.08253
1.08253
1.08253
1.08253
1.08253
1.08253
1.08253
1.08253
1.08253
1.08253
1.08253
1.08253
1.08253
1.08253
1.08253
1.08253
1.08253
1.08253
1.08253
1.08253
1.08253
1.08253
1.08253
1.08253
1.08253
1.08253
1.08253
1.08253
1.08253
1.08253
1.08253
1.08253
1.08253
1.08253
1.08253
1.08253
1.08253
1.08253
1.08253
1.08253
1.08253
1.08253
1.08253
1.08253
1.08253
1.08253
1.08253
1.08253
1.08253
1.08253
1.08253
1.08253
1.08253
1.08253
1.08253
1.08253
1.08253
1.08253
1.08253
1.08253
1.08253
1.08253
1.08253
1.08253
1.08253
1.08253
1.08253
1.08253
1.08253
1.08253
1.08253
1.08253
1.08253
1.08253
1.08253
1.08253
1.08253
1.08253
1.08253
1.08253
1.08253
1.08253
1.08253
1.08253
1.08253
1.08253
1.08253
1.08253
1.08253
1.08253
1.08253
1.08253
1.08253
1.08253
1.08253
1.08253
1.08253
1.08253
1.08253
1.08253
1.08253
1.08253
1.08253
1.08253
1.08253
1.08253
1.08253
1.08253
1.08253
1.08253
1.08253
1.08253
1.08253
1.08253
1.08253
1.08253
1.08253
1.08253
1.08253
1.08253
1.08253
1.08253
1.08253
1.08253
1.08253
1.08253
1.08253
1.08253
1.08253
1.08253
1.08253
1.08253
1.08253
1.08253
1.08253
1.08253
1.08253
1.08253
1.08253
1.08253
1.08253
1.08253
1.08253
1.08253
1.08253
1.08253
1.08253
1.08253
1.08253
1.08253
1.08253
1.08253
1.08253
1.08253
1.08253
1.08253
1.08253
1.08253
1.08253
1.08253
1.08253
1.08253
1.08253
1.08253
1.08253
1.08253
1.08253
1.08253
1.08253
1.08253
1.08253
1.08253
1.08253
1.08253
1.08253
1.08253
1.08253
1.08253
1.08253
1.08253
1.08253
1.08253
1.08253
1.08253
1.08253
1.08253
1.08253
1.08253
1.08253
1.08253
1.08253
1.08253
1.08253
1.08253
1.08253
1.08253
1.08253
1.08253
1.08253
1.08253
1.08253
1.08253
1.08253
1.08253
1.08253
1.08253
1.08253
1.08253
1.08253
1.08253
1.08253
1.08253
1.08253
1.08253
1.08253
1.08253
1.08253
1.08253
1.08253
1.08253
1.08253
1.08253
1.08253
1.08253
1.08253
1.08253
1.08253
1.08253
1.08253
1.08253
1.08253
1.08253
1.08253
1.08253
1.08253
1.08253
1.08253
1.08253
1.08253
1.08253
1.08253
1.08253
1.08253
1.08253
1.08253
1.08253
1.08253
1.08253
1.08253
1.08253
1.08253
1.08253
1.08253
1.08253
1.08253
1.08253
1.08253
1.08253
1.08253
1.08253
1.08253
1.08253
1.08253
1.08253
1.08253
1.08253
1.08253
1.08253
1.08253
1.08253
1.08253
1.08253
1.08253
1.08253
1.08253
1.08253
1.08253
1.08253
1.08253
1.08253
1.08253
1.08253
1.08253
1.08253
1.08253
1.08253
1.08253
1.08253
1.08253
1.08253
1.08253
1.08253
1.08253
1.08253
1.08253
1.08253
1.08253
1.08253
1.08253
1.08253
1.08253
1.08253
1.08253
1.08253
1.08253
1.08253
1.08253
1.08253
1.08253
1.08253
1.08253
1.08253
1.08253
1.08253
1.08253
1.08253
1.08253
1.08253
1.08253
1.08253
1.08253
1.08253
1.08253
1.08253
1.08253
1.08253
1.08253
1.08253
1.08253
1.08253
1.08253
1.08253
1.08253
1.08253
1.08253
1.08253
1.08253
1.08253
1.08253
1.08253
1.08253
1.08253
1.08253
1.08253
1.08253
1.08253
1.08253
1.08253
1.08253
1.08253
1.08253
1.08253
1.08253
1.08253
1.08253
1.08253
1.08253
1.08253
1.08253
1.08253
1.08253
1.08253
1.08253
1.08253
1.08253
1.08253
1.08253
1.08253
1.08253
1.08253
1.08253
1.08253
1.08253
1.08253
1.08253
1.08253
1.08253
1.08253
1.08253
1.08253
1.08253
1.08253
1.08253
1.08253
1.08253
1.08253
1.08253
1.08253
1.08253
1.08253
1.08253
1.08253
1.08253
1.08253
1.08253
1.08253
1.08253
1.08253
1.08253
1.08253
1.08253
1.08253
1.08253
1.08253
1.08253
1.08253
1.08253
1.08253
1.08253
1.08253
1.08253
1.08253
1.08253
1.08253
1.08253
1.08253
1.08253
1.08253
1.08253
1.08253
1.08253
1.08253
1.08253
1.08253
1.08253
1.08253
1.08253
1.08253
1.08253
1.08253
1.08253
1.08253
1.08253
1.08253
1.08253
1.08253
1.08253
1.08253
1.08253
1.08253
1.08253
1.08253
1.08253
1.08253
1.08253
1.08253
1.08253
1.08253
1.08253
1.08253
1.08253
1.08253
1.08253
1.08253
1.08253
1.08253
1.08253
1.08253
1.08253
1.08253
1.08253
1.08253
1.08253
1.08253
1.08253
1.08253
1.08253
1.08253
1.08253
1.08253
1.08253
1.08253
1.08253
1.08253
1.08253
1.08253
1.08253
1.08253
1.08253
1.08253
1.08253
1.08253
1.08253
1.08253
1.08253
1.08253
1.08253
1.08253
1.08253
1.08253
1.08253
1.08253
1.08253
1.08253
1.08253
1.08253
1.08253
1.08253
1.08253
1.08253
1.08253
1.08253
1.08253
1.08253
1.08253
1.08253
1.08253
1.08253
1.08253
1.08253
1.08253
1.08253
1.08253
1.08253
1.08253
1.08253
1.08253
1.08253
1.08253
1.08253
1.08253
1.08253
1.08253
1.08253
1.08253
1.08253
1.08253
1.08253
1.08253
1.08253
1.08253
1.08253
1.08253
1.08253
1.08253
1.08253
1.08253
1.08253
1.08253
1.08253
1.08253
1.08253
1.08253
1.08253
1.08253
1.08253
1.08253
1.08253
1.08253
1.08253
1.08253
1.08253
1.08253
1.08253
1.08253
1.08253
1.08253
1.08253
1.08253
1.08253
1.08253
1.08253
1.08253
1.08253
1.08253
1.08253
1.08253
1.08253
1.08253
1.08253
1.08253
1.08253
1.08253
1.08253
1.08253
1.08253
1.08253
1.08253
1.08253
1.08253
1.08253
1.08253
1.08253
1.08253
1.08253
1.08253
1.08253
1.08253
1.08253
1.08253
1.08253
1.08253
1.08253
1.08253
1.08253
1.08253
1.08253
1.08253
1.08253
1.08253
1.08253
1.08253
1.08253
1.08253
1.08253
1.08253
1.08253
1.08253
1.08253
1.08253
1.08253
1.08253
1.08253
1.08253
1.08253
1.08253
1.08253
1.08253
1.08075
1.0807
1.0807
1.0807
1.0807
1.0807
1.0807
1.0807
1.0807
1.0807
1.0807
1.0807
1.0807
1.0807
1.0807
1.0807
1.0807
1.0807
1.0807
1.0807
1.0807
1.08054
1.08054
1.08049
1.08049
1.08049
1.08049
1.08049
1.08049
1.08049
1.08049
1.08049
1.08049
1.08049
1.08049
1.08049
1.08049
1.08049
1.08049
1.08049
1.08049
1.08049
1.08049
1.08049
1.08049
1.08049
1.08049
1.08049
1.08049
1.08049
1.08049
1.08049
1.08049
1.08049
1.08049
1.08049
1.08049
1.08049
1.08049
1.08049
1.08049
1.08049
1.08049
1.08049
1.08049
1.08049
1.08049
1.08049
1.08049
1.08049
1.08049
1.08049
1.08049
1.08049
1.08049
1.08049
1.08049
1.08049
1.08049
1.08049
1.08049
1.08049
1.08049
1.08049
1.08049
1.08049
1.08049
1.08049
1.08049
1.08049
1.08049
1.08049
1.08049
1.08049
1.08049
1.08049
1.08049
1.08049
1.08049
1.08049
1.08049
1.08049
1.08049
1.08049
1.08049
1.08049
1.08049
1.08049
1.08049
1.08049
1.08049
1.08049
1.08049
1.08049
1.08049
1.08049
1.08049
1.08049
1.08049
1.08049
1.08049
1.08049
1.08049
1.08049
1.08049
1.08049
1.08049
1.08049
1.08049
1.08049
1.08049
1.08049
1.08049
1.08049
1.08049
1.08049
1.08049
1.08049
1.08049
1.08049
1.08049
1.08049
1.08049
1.08049
1.08049
1.08049
1.08049
1.08049
1.08049
1.08049
1.08049
1.08049
1.08049
1.08049
1.08049
1.08049
1.08049
1.08049
1.08049
1.08049
1.08049
1.08049
1.08049
1.08049
1.08049
1.08049
1.08049
1.08049
1.08049
1.08049
1.08049
1.08049
1.08049
1.08049
1.08049
1.08049
1.08049
1.08049
1.08049
1.08049
1.08049
1.08049
1.08049
1.08049
1.08049
1.08049
1.08049
1.08049
1.08049
1.08049
1.08049
1.08049
1.08049
1.08049
1.08049
1.08049
1.08049
1.08049
1.08049
1.08049
1.08049
1.08049
1.08049
1.08049
1.08049
1.08049
1.08049
1.08049
1.08049
1.08049
1.08049
1.08049
1.08049
1.08049
1.08049
1.08049
1.08049
1.08049
1.08049
1.08049
1.08049
1.08049
1.08049
1.08049
1.08049
1.08049
1.08049
1.08049
1.08049
1.08049
1.08049
1.08049
1.08049
1.08049
1.08049
1.08049
1.08049
1.08049
1.08049
1.08049
1.08049
1.08049
1.08049
1.08049
1.08049
1.08049
1.08049
1.08049
1.08049
1.08049
1.08049
1.08049
1.08049
1.08049
1.08049
1.08049
1.08049
1.08049
1.08049
1.08049
1.08049
1.08049
1.08049
1.08049
1.08049
1.08049
1.08049
1.08049
1.08049
1.08049
1.08049
1.08049
1.08049
1.08049
1.08049
1.08049
1.08049
1.08049
1.08049
1.08049
1.08049
1.08049
1.08049
1.08049
1.08049
1.08049
1.08049
1.08049
1.08049
1.08049
1.08049
1.08049
1.08049
1.08049
1.08049
1.08049
1.08049
1.08049
1.08049
1.08049
1.08049
1.08049
1.08049
1.08049
1.08049
1.08049
1.08049
1.08049
1.08049
1.08049
1.08049
1.08049
1.08049
1.08049
1.08049
1.08049
1.08049
1.08049
1.08049
1.08049
1.08049
1.08049
1.08049
1.08049
1.08049
1.08049
1.08049
1.08049
1.08049
1.08049
1.08049
1.08049
1.08049
1.08049
1.08049
1.08049
1.08049
1.08049
1.08049
1.08049
1.08049
1.08049
1.08049
1.08049
1.08049
1.08049
1.08049
1.08049
1.08049
1.08049
1.08049
1.08049
1.08049
1.08049
1.08049
1.08049
1.08049
1.08049
1.08049
1.08049
1.08049
1.08049
1.08049
1.08049
1.08049
1.08049
1.08049
1.08049
1.08049
1.08049
1.08049
1.08049
1.08049
1.08049
1.08049
1.08049
1.08049
1.08049
1.08049
1.08049
1.08049
1.08049
1.08049
1.08049
1.08049
1.08049
1.08049
1.08049
1.08049
1.08049
1.08049
1.08049
1.08049
1.08049
1.08049
1.08049
1.08049
1.08049
1.08049
1.08049
1.08049
1.08049
1.08049
1.08049
1.08049
1.08049
1.08049
1.08049
1.08049
1.08049
1.08049
1.08049
1.08049
1.08049
1.08049
1.08049
1.08049
1.08049
1.08049
1.08049
1.08049
1.08049
1.08049
1.08049
1.08049
1.08049
1.08049
1.08049
1.08049
1.08049
1.08049
1.08049
1.08049
1.08049
1.08049
1.08049
1.08049
1.08049
1.08049
1.08049
1.08049
1.08049
1.08049
1.08049
1.08049
1.08049
1.08049
1.08049
1.08049
1.08049
1.08049
1.08049
1.08049
1.08049
1.08049
1.08049
1.08049
1.08049
1.08049
1.08049
1.08049
1.08049
1.08049
1.08049
1.08049
1.08049
1.08049
1.08049
1.08049
1.08049
1.08049
1.08049
1.08049
1.08049
1.08049
1.08049
1.08049
1.08049
1.08049
1.08049
1.08049
1.08049
1.08049
1.08049
1.08049
1.08049
1.08049
1.08049
1.08049
1.08049
1.08049
1.08049
1.08049
1.08049
1.08049
1.08049
1.08049
1.08049
1.08049
1.08049
1.08049
1.08049
1.08049
1.08049
1.08049
1.08049
1.08049
1.08049
1.08049
1.08049
1.08049
1.08049
1.08049
1.08049
1.08049
1.08049
1.08049
1.08049
1.08049
1.08049
1.08049
1.08049
1.08049
1.08049
1.08049
1.08049
1.08049
1.08049
1.08049
1.08049
1.08049
1.08049
1.08049
1.08049
1.08049
1.08049
1.08049
1.08049
1.08049
1.08049
1.08049
1.08049
1.08049
1.08049
1.08049
1.08049
1.08049
1.08049
1.08049
1.08049
1.08049
1.08049
1.08049
1.08049
1.08049
1.08049
1.08049
1.08049
1.08049
1.08049
1.08049
1.08049
1.08049
1.08049
1.08049
1.08049
1.08049
1.08049
1.08049
1.08049
1.08049
1.08049
1.08049
1.08049
1.08049
1.08049
1.08049
1.08049
1.08049
1.08049
1.08049
1.08049
1.08049
1.08049
1.08049
1.08049
1.08049
1.08049
1.08049
1.08049
1.08049
1.08049
1.08049
1.08049
1.08049
1.08049
1.08049
1.08049
1.08049
1.08049
1.08049
1.08049
1.08049
1.08049
1.08049
1.08049
1.08049
1.08049
1.08049
1.08049
1.08049
1.08049
1.08049
1.08049
1.08049
1.08049
1.08049
1.08049
1.08049
1.08049
1.08049
1.08049
1.08049
1.08049
1.08049
1.08049
1.08049
1.08049
1.08049
1.08049
1.08049
1.08049
1.08049
1.08049
1.08049
1.08049
1.08049
1.08049
1.08049
1.08049
1.08049
1.08049
1.08049
1.08049
1.08049
1.08049
1.08049
1.08049
1.08049
1.08049
1.08049
1.08049
1.08049
1.08049
1.08049
1.08049
1.08049
1.08049
1.08049
1.08049
1.08049
1.08049
1.08049
1.08049
1.08049
1.08049
1.08049
1.08049
1.08049
1.08049
1.08049
1.08049
1.08049
1.08049
1.08049
1.08049
1.08049
1.08049
1.08049
1.08049
1.08049
1.08049
1.08049
1.08049
1.08049
1.08049
1.08049
1.08049
1.08049
1.08049
1.08049
1.08049
1.08049
1.08049
1.08049
1.08049
1.08049
1.08049
1.08049
1.08049
1.08049
1.08049
1.08049
1.08049
1.08049
1.08049
1.08049
1.08049
1.08049
1.08049
1.08049
1.08049
1.08049
1.08049
1.08049
1.08049
1.08049
1.08049
1.08049
1.08049
1.08049
1.08049
1.08049
1.08049
1.08049
1.08049
1.08049
1.08049
1.08049
1.08049
1.08049
1.08049
1.08049
1.08049
1.08049
1.08049
1.08049
1.08049
1.08049
1.08049
1.08049
1.08049
1.08049
1.08049
1.08049
1.08049
1.08049
1.08049
1.08049
1.08049
1.08049
1.08049
1.08049
1.08049
1.08049
1.08049
1.08049
1.08049
1.08049
1.08049
1.08049
1.08049
1.08049
1.08049
1.08049
1.08049
1.08049
1.08049
1.08049
1.08049
1.08049
1.08049
1.08049
1.08049
1.08049
1.08049
1.08049
1.08049
1.08049
1.08049
1.08049
1.08049
1.08049
1.08049
1.08049
1.08049
1.08049
1.08049
1.08049
1.08049
1.08049
1.08049
1.08049
1.08049
1.08049
1.08049
1.08049
1.08049
1.08049
1.08049
1.08049
1.08049
1.08049
1.08049
1.08049
1.08049
1.08049
1.08049
1.08049
1.08049
1.08049
1.08049
1.08049
1.08049
1.08049
1.08049
1.08049
1.08049
1.08049
1.08049
1.08049
1.08049
1.08049
1.08049
1.08049
1.08049
1.08049
1.08049
1.08049
1.08049
1.08049
1.08049
1.08049
1.08049
1.08049
1.08049
1.08049
1.08049
1.08049
1.08049
1.08049
1.08049
1.08049
1.08049
1.08049
1.08049
1.08049
1.08049
1.08049
1.08049
1.08049
1.08049
1.08049
1.08049
1.08049
1.08049
1.08049
1.08049
1.08049
1.08049
1.08049
1.08049
1.08049
1.08049
1.08049
1.08049
1.08049
1.08049
1.08049
1.08049
1.08049
1.08049
1.08049
1.08049
1.08049
1.08049
1.08049
1.08049
1.08049
1.08049
1.08049
1.08049
1.08049
1.08049
1.08049
1.08049
1.08049
1.08049
1.08049
1.08049
1.08049
1.08049
1.08049
1.08049
1.08049
1.08049
1.08049
1.08049
1.08049
1.08049
1.08049
1.08049
1.08049
1.08049
1.08049
1.08049
1.08049
1.08049
1.08049
1.08049
1.08049
1.08049
1.08049
1.08049
1.08049
1.08049
1.08049
1.08049
1.08049
1.08049
1.08049
1.08049
1.08049
1.08049
1.08049
1.08049
1.08049
1.08049
1.08049
1.08049
1.08049
1.08049
1.08049
1.08049
1.08049
1.08049
1.08049
1.08049
1.08049
1.08049
1.08049
1.08049
1.08049
1.08049
1.08049
1.08049
1.08049
1.08049
1.08049
1.08049
1.08049
1.08049
1.08049
1.08049
1.08049
1.08049
1.08049
1.08049
1.08049
1.08049
1.08049
1.08049
1.08049
1.08049
1.08049
1.08049
1.08049
1.08049
1.08049
1.08049
1.08049
1.08049
1.08049
1.08049
1.08049
1.08049
1.08049
1.08049
1.08049
1.08049
1.08049
1.08049
1.08049
1.08049
1.08049
1.08049
1.08049
1.08049
1.08049
1.08049
1.08049
1.08049
1.08049
1.08049
1.08049
1.08049
1.08049
1.08049
1.08049
1.08049
1.08049
1.08049
1.08049
1.08049
1.08049
1.08049
1.08049
1.08049
1.08049
1.08049
1.08049
1.08049
1.08049
1.08049
1.08049
1.08049
1.08049
1.08049
1.08049
1.08049
1.08049
1.08049
1.08049
1.08049
1.08049
1.08049
1.08049
1.08049
1.08049
1.08049
1.08049
1.08049
1.08049
1.08049
1.08049
1.08049
1.08049
1.08049
1.08049
