7.28733
6.92773
6.82541
6.40886
6.34812
5.97616
5.97616
5.79136
5.68567
5.68567
5.45384
5.37884
5.37884
5.36342
5.23957
5.10303
5.10303
5.10303
5.05911
4.90132
4.90132
4.8916
4.86451
4.72571
4.5875
4.5875
4.5875
4.56426
4.56426
4.53442
4.45782
4.42333
4.35482
4.35482
4.35482
4.35482
4.28124
4.28124
4.25432
4.23822
4.15642
4.15515
4.07444
4.07444
4.07444
4.00226
4.00226
4.00226
4.00226
4.00226
4.00226
3.98683
3.98683
3.98683
3.98683
3.98683
3.91284
3.91284
3.91284
3.91133
3.89825
3.84322
3.66536
3.66536
3.59084
3.59084
3.59084
3.51065
3.45997
3.41472
3.41472
3.37538
3.37538
3.37538
3.33621
3.33621
3.33621
3.33621
3.30453
3.2998
3.24771
3.24771
3.24771
3.24771
3.24771
3.22589
3.1926
3.1926
3.1926
3.17292
3.16725
3.15175
3.1387
3.12789
3.11248
3.11248
3.09402
3.09402
3.02928
3.02928
3.01949
3.00864
3.00864
3.00864
2.97061
2.9473
2.90924
2.90924
2.90924
2.90924
2.90458
2.90458
2.88633
2.87477
2.87357
2.87357
2.86697
2.8486
2.8411
2.8411
2.81314
2.81314
2.80453
2.80453
2.80066
2.80066
2.80066
2.79837
2.75894
2.75894
2.73374
2.73374
2.70886
2.70886
2.70886
2.64178
2.64178
2.64178
2.64178
2.64178
2.62805
2.62059
2.57955
2.54331
2.54331
2.54331
2.46386
2.46386
2.46386
2.45283
2.449
2.44577
2.44577
2.41841
2.41841
2.41199
2.41199
2.40345
2.40345
2.40169
2.37628
2.37628
2.35436
2.35436
2.35436
2.35436
2.34406
2.34406
2.33678
2.33678
2.30379
2.29142
2.29142
2.2903
2.2903
2.28726
2.28726
2.28726
2.2851
2.2851
2.25807
2.25403
2.25403
2.25174
2.24987
2.24987
2.24987
2.24987
2.24771
2.24493
2.24493
2.2409
2.2409
2.2409
2.23204
2.23204
2.22855
2.22448
2.22448
2.21904
2.21904
2.21375
2.21375
2.20825
2.20825
2.20415
2.1989
2.1989
2.1989
2.19479
2.19479
2.19479
2.19479
2.19479
2.18666
2.18666
2.18666
2.18666
2.18666
2.18666
2.18666
2.18608
2.18608
2.17099
2.17099
2.16293
2.16293
2.16286
2.16286
2.16286
2.16286
2.16238
2.15915
2.15915
2.15789
2.15733
2.15733
2.15701
2.14888
2.14888
2.1395
2.1395
2.1395
2.13336
2.13336
2.09055
2.09055
2.09055
2.09055
2.09055
2.08939
2.08764
2.08703
2.08703
2.08703
2.08703
2.08611
2.08611
2.08597
2.0775
2.06791
2.06574
2.06454
2.06211
2.06211
2.05754
2.05754
2.05754
2.05741
2.05723
2.05562
2.05562
2.05542
2.05542
2.05394
2.05394
2.05394
2.0538
2.04903
2.04903
2.04708
2.04529
2.03822
2.03822
2.03809
2.03809
2.03809
2.03809
2.03196
2.02706
2.02706
2.02706
2.02693
2.02693
2.02693
2.02693
2.02693
2.02693
2.02693
2.01311
2.01311
2.01311
2.01311
2.01311
2.01311
2.01311
2.01311
2.00875
2.00875
2.00875
2.00875
2.00875
2.00262
2.00262
2.00262
2.00262
2.00262
2.00262
2.00262
2.00262
2.00262
2.00262
2.00262
2.00262
2.00262
2.00262
2.00262
1.96804
1.96804
1.96804
1.95369
1.95369
1.95369
1.95369
1.94571
1.94571
1.94571
1.94571
1.94571
1.94571
1.94571
1.94571
1.94038
1.93853
1.93853
1.93853
1.93853
1.93853
1.93853
1.93853
1.93853
1.93853
1.93853
1.93853
1.93853
1.93062
1.93062
1.93062
1.93062
1.93062
1.93062
1.92742
1.92742
1.91226
1.91226
1.91226
1.91226
1.91226
1.90115
1.90115
1.90115
1.90115
1.90115
1.90115
1.90115
1.90115
1.88192
1.88192
1.88192
1.88192
1.88192
1.88192
1.88192
1.88192
1.88192
1.88192
1.87112
1.87077
1.87077
1.85966
1.85966
1.85966
1.85966
1.85966
1.8571
1.8571
1.8571
1.8571
1.8571
1.8571
1.85301
1.85301
1.85301
1.85301
1.85301
1.85243
1.85243
1.85243
1.85243
1.85243
1.85243
1.85154
1.85154
1.85115
1.85115
1.84457
1.84174
1.84174
1.84174
1.84174
1.84174
1.84174
1.8345
1.8345
1.8345
1.8345
1.8345
1.8345
1.83198
1.83198
1.83198
1.83172
1.83172
1.83172
1.83172
1.83172
1.83172
1.83172
1.83172
1.83172
1.83172
1.83172
1.83172
1.83172
1.83172
1.83172
1.83172
1.83172
1.83172
1.83172
1.83115
1.83115
1.83115
1.83089
1.83089
1.83089
1.83089
1.83089
1.83089
1.83089
1.83089
1.83089
1.83089
1.83089
1.83089
1.83089
1.83089
1.83089
1.83089
1.83089
1.83089
1.83089
1.83089
1.83089
1.83089
1.83089
1.83089
1.83089
1.83089
1.83089
1.83089
1.83089
1.83089
1.83089
1.83089
1.83089
1.83089
1.83089
1.83089
1.83089
1.83089
1.83089
1.83089
1.82343
1.82343
1.82343
1.82343
1.82343
1.82343
1.82343
1.82343
1.82343
1.8232
1.8232
1.8232
1.8232
1.8232
1.8232
1.8232
1.8232
1.8232
1.8232
1.8232
1.8232
1.8232
1.8232
1.8232
1.8232
1.8232
1.8232
1.8232
1.8232
1.8232
1.8232
1.8232
1.8232
1.8232
1.8232
1.8232
1.8232
1.8232
1.8232
1.8232
1.8232
1.8232
1.8232
1.8232
1.8232
1.8232
1.8232
1.8232
1.82278
1.82278
1.82278
1.82278
1.82278
1.82278
1.82115
1.82115
1.82115
1.82003
1.82003
1.82003
1.80582
1.80582
1.80398
1.79328
1.79054
1.78867
1.78867
1.78867
1.78867
1.78867
1.7886
1.7886
1.7886
1.7886
1.77635
1.77409
1.77409
1.76875
1.76875
1.76394
1.76394
1.76394
1.76394
1.76394
1.76394
1.76211
1.76211
1.7603
1.7603
1.7603
1.7603
1.7603
1.7603
1.7603
1.7603
1.7603
1.7603
1.7603
1.7603
1.7603
1.74833
1.74833
1.74833
1.74833
1.74416
1.74416
1.74004
1.73054
1.71622
1.71622
1.71622
1.71622
1.71619
1.71151
1.71151
1.71151
1.70969
1.70734
1.70734
1.70734
1.70734
1.70734
1.70734
1.70734
1.70734
1.70734
1.70734
1.70734
1.70734
1.70734
1.70734
1.70734
1.70734
1.70734
1.70734
1.70734
1.70734
1.70543
1.70543
1.70543
1.70543
1.70543
1.70543
1.70382
1.70379
1.70379
1.70379
1.70379
1.70379
1.70379
1.70379
1.70379
1.68284
1.68284
1.68284
1.68284
1.68284
1.68284
1.68284
1.68284
1.68284
1.68201
1.68201
1.67937
1.67937
1.67937
1.67937
1.67937
1.67937
1.67937
1.67937
1.67937
1.67937
1.67937
1.67937
1.67937
1.67937
1.67937
1.67937
1.67937
1.67937
1.67937
1.67937
1.67937
1.67937
1.67937
1.67937
1.67937
1.67937
1.67937
1.67937
1.67937
1.67937
1.67937
1.67937
1.67937
1.67937
1.67937
1.67937
1.67937
1.67937
1.67937
1.67269
1.67269
1.67269
1.65431
1.65431
1.65431
1.65431
1.65431
1.65431
1.65431
1.65431
1.65431
1.64567
1.64567
1.64567
1.64567
1.64567
1.64567
1.64567
1.64567
1.64567
1.64567
1.64567
1.64567
1.64567
1.64567
1.64459
1.64459
1.64459
1.64459
1.64459
1.64459
1.64459
1.64459
1.64459
1.64459
1.64459
1.64459
1.64459
1.64459
1.63063
1.6306
1.6306
1.6306
1.6306
1.6306
1.6306
1.6306
1.6306
1.6306
1.6306
1.6306
1.6306
1.62998
1.62998
1.62998
1.62998
1.62998
1.62998
1.62998
1.62998
1.62998
1.62998
1.62998
1.62998
1.62998
1.62998
1.62998
1.62998
1.62998
1.62998
1.62998
1.62998
1.62998
1.62998
1.584
1.584
1.584
1.584
1.584
1.584
1.584
1.584
1.584
1.584
1.584
1.584
1.57933
1.57933
1.57933
1.57508
1.57508
1.57041
1.57041
1.57041
1.57041
1.57041
1.56983
1.56983
1.56983
1.56983
1.56983
1.56983
1.56942
1.56942
1.56942
1.56942
1.56884
1.56884
1.56884
1.56884
1.56884
1.56745
1.56745
1.56646
1.55423
1.55423
1.55354
1.55157
1.55157
1.55157
1.55157
1.54213
1.54213
1.539
1.539
1.539
1.539
1.539
1.539
1.539
1.53836
1.53836
1.53836
1.53836
1.53836
1.53836
1.53836
1.53836
1.53836
1.53696
1.53696
1.53696
1.53696
1.53696
1.53696
1.53696
1.53696
1.53696
1.53696
1.53696
1.53696
1.53696
1.53696
1.53696
1.53696
1.53696
1.53696
1.53696
1.53696
1.53696
1.53696
1.53696
1.53696
1.53696
1.53696
1.53696
1.53696
1.53696
1.53696
1.53696
1.53696
1.53696
1.53696
1.53696
1.53696
1.53696
1.53696
1.53639
1.53542
1.53542
1.53542
1.53518
1.53485
1.53461
1.53461
1.53461
1.53461
1.53461
1.53461
1.53461
1.53461
1.53461
1.53461
1.53461
1.53461
1.53461
1.53461
1.53461
1.53459
1.53459
1.53459
1.53459
1.53459
1.53459
1.53459
1.53459
1.53459
1.53459
1.53459
1.53459
1.53459
1.53459
1.53459
1.53459
1.53459
1.53459
1.53459
1.53459
1.52979
1.52979
1.52979
1.52979
1.52979
1.52771
1.52771
1.52771
1.52771
1.52085
1.52085
1.52083
1.52083
1.51874
1.51874
1.51874
1.51874
1.51874
1.51874
1.51874
1.51874
1.51874
1.51874
1.51874
1.51874
1.51874
1.51874
1.51874
1.51874
1.51874
1.51874
1.51874
1.51874
1.51874
1.51874
1.51874
1.51874
1.51874
1.51874
1.51874
1.51874
1.51874
1.51874
1.51874
1.51874
1.51874
1.51874
1.51874
1.51874
1.51874
1.51874
1.51874
1.51874
1.51874
1.51874
1.51874
1.51874
1.51874
1.48973
1.48973
1.48973
1.48973
1.48973
1.48973
1.48973
1.48973
1.48973
1.48973
1.48973
1.48973
1.48973
1.48973
1.48973
1.48973
1.48973
1.48973
1.48973
1.48973
1.48973
1.48973
1.48973
1.48973
1.48973
1.48973
1.48973
1.48973
1.48973
1.48973
1.48973
1.48973
1.48973
1.48973
1.48973
1.48973
1.48973
1.48973
1.48973
1.48973
1.48973
1.48973
1.48973
1.48973
1.48973
1.48973
1.48973
1.48973
1.48973
1.48973
1.48973
1.48973
1.48973
1.48973
1.48973
1.48973
1.48973
1.48973
1.48973
1.48973
1.48973
1.48973
1.48973
1.48973
1.48973
1.48973
1.48973
1.48973
1.48973
1.48973
1.48973
1.48973
1.48973
1.48973
1.48973
1.48973
1.48973
1.48973
1.48973
1.48973
1.48973
1.48973
1.48973
1.48973
1.48973
1.48973
1.48973
1.48973
1.48973
1.48973
1.48973
1.48973
1.48973
1.48973
1.48973
1.48973
1.48973
1.48973
1.48973
1.48973
1.48908
1.48908
1.48908
1.48908
1.48908
1.48908
1.48908
1.48908
1.48908
1.48908
1.48908
1.47965
1.47965
1.47953
1.47953
1.47953
1.47953
1.47953
1.47953
1.47953
1.47953
1.47953
1.47953
1.47953
1.47953
1.47953
1.47953
1.47953
1.47953
1.47953
1.47953
1.47953
1.47953
1.47953
1.47953
1.47953
1.47953
1.47953
1.47953
1.47953
1.47953
1.47953
1.47953
1.47953
1.47953
1.47953
1.47953
1.47953
1.47277
1.4618
1.4618
1.4618
1.44945
1.44945
1.44945
1.44945
1.44659
1.43552
1.43552
1.43552
1.43552
1.43552
1.43552
1.43552
1.43552
1.43552
1.43552
1.43552
1.43552
1.43552
1.43552
1.43552
1.43552
1.43552
1.43552
1.41799
1.41334
1.41334
1.41334
1.41334
1.41334
1.41334
1.41334
1.41334
1.41334
1.41334
1.41334
1.41334
1.41334
1.41334
1.41334
1.41334
1.41334
1.41334
1.41334
1.41334
1.41334
1.41221
1.41221
1.41221
1.41221
1.41221
1.41221
1.41221
1.41105
1.41105
1.41105
1.41105
1.41105
1.41105
1.41105
1.41105
1.41105
1.41105
1.39674
1.39674
1.39674
1.39674
1.39674
1.39674
1.39674
1.39674
1.39674
1.39674
1.39674
1.39674
1.39674
1.39674
1.39674
1.39674
1.39674
1.39674
1.39674
1.39674
1.39674
1.39674
1.39674
1.39674
1.39674
1.39674
1.39674
1.39674
1.39674
1.39674
1.39674
1.39674
1.39674
1.39674
1.39674
1.39674
1.39674
1.39674
1.39674
1.39674
1.39674
1.39674
1.39674
1.39674
1.39674
1.39674
1.39477
1.39477
1.39477
1.39477
1.39477
1.39477
1.39477
1.39477
1.39477
1.39477
1.39477
1.39477
1.39477
1.39477
1.39477
1.39477
1.39477
1.39477
1.39477
1.39477
1.39477
1.39477
1.39477
1.39477
1.39477
1.39477
1.39477
1.39477
1.39477
1.39477
1.39477
1.39477
1.39477
1.39477
1.39477
1.39477
1.39477
1.39477
1.39477
1.39477
1.39477
1.39477
1.39477
1.39477
1.39477
1.39477
1.39477
1.39477
1.39477
1.39477
1.39477
1.39477
1.39477
1.39477
1.39477
1.39477
1.39477
1.39477
1.39477
1.39477
1.39477
1.39477
1.39477
1.39477
1.39477
1.39477
1.39477
1.39477
1.39477
1.39477
1.39477
1.39477
1.39477
1.39477
1.39477
1.39477
1.39477
1.39477
1.39477
1.39467
1.39467
1.39467
1.39467
1.39467
1.39467
1.39467
1.39467
1.39448
1.39448
1.39448
1.39448
1.39448
1.39448
1.39448
1.39448
1.39448
1.39448
1.39448
1.39448
1.39448
1.39438
1.39438
1.39438
1.39438
1.39438
1.39438
1.39438
1.39438
1.39438
1.39438
1.39438
1.39438
1.39438
1.39438
1.39438
1.39438
1.39438
1.39438
1.39438
1.39438
1.39438
1.39438
1.39438
1.39438
1.39438
1.39438
1.39438
1.39438
1.39438
1.39438
1.39438
1.39438
1.39438
1.39438
1.39438
1.39438
1.39438
1.39438
1.39438
1.39438
1.39438
1.39438
1.39438
1.39438
1.39438
1.39438
1.39438
1.39438
1.39438
1.39438
1.39438
1.39438
1.39438
1.39438
1.39438
1.39438
1.39438
1.39438
1.39438
1.39438
1.39438
1.39438
1.39438
1.39438
1.39438
1.39438
1.39438
1.39438
1.39438
1.39438
1.39438
1.39438
1.39438
1.39438
1.39438
1.38825
1.38825
1.38825
1.38825
1.38825
1.38825
1.38825
1.38825
1.38825
1.38443
1.38443
1.37955
1.37955
1.37955
1.37955
1.37955
1.37955
1.37955
1.37955
1.37955
1.37955
1.37955
1.37955
1.37955
1.37955
1.37955
1.37955
1.37955
1.37955
1.37955
1.37955
1.37955
1.37955
1.37955
1.37955
1.37955
1.37955
1.37955
1.37955
1.37955
1.37955
1.37955
1.37955
1.37955
1.37955
1.37955
1.37955
1.37955
1.37955
1.37955
1.37955
1.37955
1.37955
1.37955
1.37955
1.37955
1.37955
1.37955
1.37955
1.37955
1.37955
1.37955
1.37955
1.37955
1.37955
1.37955
1.37955
1.37955
1.37955
1.37955
1.37955
1.37955
1.37955
1.37955
1.37955
1.37955
1.37955
1.37955
1.37955
1.37955
1.37955
1.37955
1.37955
1.37955
1.37955
1.37955
1.37955
1.37955
1.37955
1.37955
1.37955
1.37955
1.37955
1.37955
1.37955
1.37955
1.37955
1.37955
1.37955
1.37955
1.37955
1.37955
1.37955
1.37955
1.37955
1.37955
1.37955
1.37955
1.37955
1.37955
1.37955
1.37955
1.37955
1.37955
1.37955
1.37955
1.37955
1.37955
1.37955
1.37955
1.37955
1.37955
1.37955
1.37955
1.37955
1.37955
1.37955
1.37955
1.37955
1.37955
1.37955
1.37955
1.37955
1.37955
1.37955
1.37955
1.37955
1.37955
1.37955
1.37955
1.37955
1.37955
1.37955
1.37955
1.37955
1.37955
1.37955
1.37955
1.37955
1.37955
1.37955
1.37955
1.37955
1.37955
1.37955
1.37955
1.37955
1.37955
1.37955
1.37955
1.37955
1.37955
1.37955
1.37955
1.37955
1.37955
1.37955
1.37955
1.37955
1.37955
1.37955
1.37955
1.37955
1.37955
1.37955
1.37955
1.37955
1.37955
1.37955
1.37955
1.37843
1.37843
1.37843
1.37843
1.37843
1.37843
1.37843
1.37843
1.37843
1.37843
1.37843
1.37843
1.37843
1.37843
1.37843
1.37843
1.37843
1.37843
1.37843
1.37843
1.37843
1.37843
1.37843
1.37843
1.37843
1.37843
1.37843
1.37843
1.37843
1.37843
1.37843
1.37843
1.37843
1.37843
1.37843
1.37843
1.37843
1.37843
1.37843
1.37843
1.37843
1.37843
1.37843
1.37843
1.37843
1.37843
1.37843
1.37843
1.37843
1.37843
1.37843
1.37843
1.37843
1.37584
1.37584
1.37584
1.37584
1.37584
1.37584
1.37584
1.37584
1.37584
1.37584
1.36576
1.36576
1.36576
1.36576
1.36576
1.36576
1.36576
1.36576
1.36576
1.36576
1.36576
1.36576
1.36576
1.36576
1.36576
1.36576
1.36576
1.36576
1.36576
1.36576
1.36576
1.36576
1.36576
1.36576
1.36576
1.36576
1.36576
1.36576
1.36576
1.36576
1.36576
1.36576
1.36576
1.36576
1.36544
1.36544
1.36544
1.36544
1.36544
1.36544
1.36544
1.36544
1.36544
1.36544
1.36544
1.36544
1.36544
1.36544
1.36544
1.36544
1.36544
1.36544
1.36544
1.36544
1.36544
1.36544
1.36544
1.36544
1.36544
1.36544
1.36544
1.36544
1.36544
1.36544
1.36544
1.36544
1.36544
1.36544
1.36544
1.36544
1.36544
1.36544
1.36544
1.36544
1.36544
1.36544
1.36544
1.36544
1.36544
1.36544
1.36544
1.36544
1.36544
1.36544
1.36544
1.36544
1.36544
1.36544
1.36544
1.36544
1.36544
1.36544
1.36544
1.36544
1.36544
1.36544
1.36544
1.36544
1.36544
1.36544
1.36544
1.36544
1.36544
1.36544
1.36544
1.36544
1.36544
1.36544
1.36544
1.36544
1.36544
1.36544
1.36544
1.36544
1.36544
1.36544
1.36544
1.36544
1.36544
1.36544
1.36544
1.36544
1.36544
1.36544
1.36544
1.36544
1.36544
1.36544
1.36544
1.36544
1.36544
1.36544
1.36544
1.36544
1.36544
1.36544
1.36544
1.36544
1.36544
1.36544
1.36544
1.36544
1.36544
1.36544
1.36544
1.36544
1.36544
1.36544
1.36544
1.36544
1.36544
1.36544
1.36544
1.36544
1.36544
1.36544
1.36544
1.36544
1.36544
1.36544
1.36544
1.36544
1.36544
1.36544
1.36544
1.36544
1.36544
1.36544
1.36544
1.36544
1.36544
1.36544
1.36544
1.36544
1.36544
1.36544
1.36544
1.36544
1.36544
1.36544
1.36544
1.36544
1.36544
1.36544
1.36544
1.36544
1.36544
1.36544
1.36544
1.36544
1.36544
1.36544
1.36544
1.36544
1.36544
1.36544
1.36544
1.36544
1.36544
1.36544
1.36544
1.36544
1.36544
1.36544
1.36544
1.36544
1.36544
1.36544
1.36544
1.36544
1.36544
1.36544
1.36544
1.36544
1.36544
1.36544
1.36544
1.36544
1.36544
1.36544
1.36544
1.36544
1.36544
1.36544
1.36544
1.36544
1.36544
1.36544
1.36544
1.36544
1.36544
1.36544
1.36544
1.36544
1.36544
1.36544
1.36544
1.36544
1.36544
1.36544
1.36544
1.36544
1.36544
1.36544
1.36544
1.36544
1.36544
1.36544
1.36544
1.36544
1.36544
1.36544
1.36544
1.36544
1.36544
1.36544
1.36544
1.36544
1.36544
1.36544
1.36544
1.36544
1.36544
1.36544
1.36544
1.36544
1.36544
1.36544
1.36544
1.36544
1.36544
1.36544
1.36544
1.36544
1.36544
1.36544
1.36544
1.36544
1.36544
1.36544
1.36544
1.36544
1.36544
1.36544
1.36544
1.36544
1.36544
1.36544
1.36544
1.36544
1.36544
1.36544
1.36544
1.36544
1.36544
1.36544
1.36544
1.36544
1.36544
1.36544
1.36544
1.36544
1.36544
1.36544
1.36544
1.36544
1.36544
1.36544
1.36544
1.36544
1.36544
1.35592
1.35592
1.35592
1.35592
1.35449
1.35449
1.35449
1.35449
1.35449
1.35449
1.35449
1.35449
1.35449
1.35449
1.35449
1.35449
1.35449
1.35449
1.35449
1.35449
1.35449
1.35449
1.35449
1.35449
1.35449
1.35449
1.35449
1.35449
1.35449
1.35449
1.35449
1.35449
1.35449
1.35449
1.35449
1.35449
1.35449
1.35449
1.35449
1.35449
1.35449
1.35449
1.35449
1.35449
1.35449
1.35449
1.35449
1.35449
1.35449
1.35449
1.35449
1.35449
1.35449
1.35449
1.35449
1.35449
1.35449
1.35449
1.35449
1.35449
1.35449
1.35449
1.35449
1.35449
1.35449
1.35449
1.35449
1.35449
1.35449
1.35449
1.35449
1.35449
1.35449
1.35449
1.35449
1.35449
1.35449
1.35449
1.35449
1.35449
1.35449
1.35449
1.35449
1.35449
1.35449
1.35449
1.35449
1.35449
1.35449
1.35449
1.35449
1.35449
1.35449
1.35449
1.35449
1.35449
1.35449
1.35449
1.35449
1.35449
1.35449
1.35449
1.35449
1.35449
1.35449
1.35449
1.35449
1.35449
1.35449
1.35449
1.35449
1.35449
1.35449
1.35449
1.35449
1.35449
1.35449
1.35449
1.35449
1.35449
1.35449
1.35449
1.35449
1.35449
1.35449
1.35449
1.35449
1.35449
1.35449
1.35449
1.35449
1.35449
1.35449
1.35449
1.35449
1.35449
1.35449
1.35449
1.35449
1.35449
1.35449
1.35449
1.35449
1.35449
1.35449
1.35449
1.35449
1.35449
1.35449
1.35449
1.35449
1.35449
1.35449
1.35449
1.35449
1.35449
1.35449
1.35449
1.35449
1.35449
1.35449
1.35449
1.35449
1.35449
1.35449
1.35449
1.35449
1.35449
1.35449
1.35449
1.35449
1.35449
1.35449
1.35449
1.35449
1.35449
1.35449
1.35449
1.35449
1.35449
1.35449
1.35449
1.35449
1.35449
1.35449
1.35449
1.35449
1.35449
1.35449
1.35449
1.35449
1.35449
1.35449
1.35449
1.35449
1.35449
1.35449
1.35449
1.35449
1.35449
1.35449
1.35449
1.35449
1.35449
1.35449
1.35449
1.35449
1.35449
1.35449
1.35449
1.35449
1.35449
1.35449
1.35449
1.35449
1.35449
1.35449
1.35449
1.35449
1.35449
1.35449
1.35449
1.35449
1.35449
1.35449
1.35449
1.35449
1.35449
1.35449
1.35449
1.35449
1.35449
1.35449
1.35449
1.35449
1.35449
1.35449
1.35449
1.35449
1.35449
1.35449
1.35449
1.35449
1.35449
1.35449
1.35449
1.35449
1.35449
1.35449
1.35449
1.35449
1.35449
1.35449
1.35449
1.35449
1.35449
1.35449
1.35449
1.35449
1.35449
1.35449
1.35449
1.35449
1.35449
1.35449
1.35449
1.35449
1.35449
1.35449
1.35449
1.35449
1.35449
1.35449
1.35449
1.35449
1.35449
1.35449
1.35449
1.35449
1.35449
1.35449
1.35449
1.35449
1.35449
1.35449
1.35449
1.35449
1.35449
1.35449
1.35449
1.35449
1.35449
1.35449
1.35449
1.35449
1.35449
1.35449
1.35449
1.35449
1.35449
1.35449
1.35449
1.35449
1.35449
1.35449
1.35449
1.35449
1.35449
1.35449
1.35449
1.35449
1.35449
1.35449
1.35449
1.35449
1.35449
1.35449
1.35449
1.35449
1.35449
1.35449
1.35449
1.35449
1.35449
1.35449
1.35449
1.35449
1.35449
1.35449
1.35449
1.35449
1.35449
1.35449
1.35449
1.35449
1.35449
1.35449
1.35449
1.35449
1.35449
1.35449
1.35449
1.35449
1.35449
1.35174
1.35174
1.35174
1.35174
1.35174
1.35174
1.35174
1.35174
1.35174
1.35174
1.35174
1.35174
1.35174
1.35174
1.35174
1.35174
1.35174
1.35174
1.35174
1.35174
1.35174
1.35174
1.35174
1.35174
1.35174
1.35174
1.35174
1.35174
1.35174
1.35174
1.35174
1.35174
1.35174
1.35174
1.35174
1.35174
1.35174
1.35174
1.35174
1.35174
1.35174
1.35174
1.35174
1.35174
1.35174
1.35174
1.35174
1.35174
1.35174
1.35174
1.35174
1.35174
1.35174
1.35174
1.35174
1.35174
1.35174
1.35174
1.35174
1.35174
1.35174
1.35174
1.35174
1.35174
1.35174
1.35174
1.35174
1.35174
1.35174
1.35174
1.35174
1.35174
1.35174
1.35174
1.35174
1.35174
1.35174
1.35174
1.35174
1.35174
1.35174
1.35174
1.35174
1.35174
1.35174
1.35174
1.35174
1.35174
1.35174
1.35174
1.35174
1.35174
1.35174
1.35174
1.35174
1.35174
1.35174
1.35174
1.35174
1.35174
1.35174
1.35174
1.35174
1.35174
1.35174
1.35174
1.35174
1.35174
1.35174
1.35174
1.35174
1.35174
1.35174
1.35174
1.35174
1.35174
1.35174
1.35174
1.35174
1.35174
1.35174
1.35174
1.35174
1.35174
1.35174
1.35174
1.35174
1.35174
1.35174
1.35174
1.35174
1.35174
1.35174
1.35174
1.35174
1.35174
1.35174
1.35174
1.35174
1.35174
1.35174
1.35174
1.35174
1.35174
1.35174
1.35174
1.35174
1.35174
1.35174
1.35174
1.35174
1.35174
1.35174
1.35174
1.35174
1.35174
1.35174
1.35174
1.35174
1.35174
1.35174
1.35174
1.35174
1.35174
1.35174
1.35174
1.35174
1.35174
1.35174
1.35174
1.35174
1.35174
1.35174
1.35174
1.35174
1.35174
1.35174
1.35174
1.35174
1.35174
1.35174
1.35174
1.35174
1.35174
1.35174
1.35174
1.35174
1.35174
1.35174
1.35174
1.35174
1.35174
1.35174
1.35174
1.35174
1.35174
1.35174
1.35174
1.35174
1.35174
1.35174
1.35174
1.35174
1.35174
1.35174
1.35174
1.35174
1.35174
1.35174
1.35174
1.35174
1.35174
1.35174
1.35174
1.35174
1.35174
1.35174
1.35174
1.35174
1.35174
1.35174
1.35174
1.35174
1.35174
1.35174
1.35174
1.35174
1.35174
1.35174
1.35174
1.35174
1.35174
1.35174
1.35174
1.34264
1.34264
1.34264
1.34264
1.34264
1.34264
1.34248
1.34248
1.34248
1.34248
1.34248
1.34248
1.34248
1.34248
1.34248
1.34248
1.34248
1.34248
1.34248
1.34248
1.34248
1.34248
1.34248
1.34248
1.34248
1.34248
1.34248
1.34248
1.34248
1.34248
1.34248
1.34248
1.34248
1.34248
1.34248
1.34248
1.34248
1.34248
1.34248
1.34248
1.34248
1.34248
1.34248
1.34248
1.34248
1.34248
1.34248
1.34248
1.34248
1.34248
1.34248
1.34248
1.34248
1.34248
1.34248
1.34248
1.34248
1.34248
1.34248
1.34248
1.34248
1.34248
1.34248
1.34248
1.34248
1.34248
1.34248
1.34248
1.34248
1.34248
1.34248
1.34248
1.34248
1.34248
1.34248
1.34248
1.34248
1.34248
1.34248
1.34248
1.34248
1.34248
1.34248
1.34248
1.34248
1.34248
1.34248
1.34203
1.34203
1.34203
1.34203
1.34203
1.34203
1.34203
1.34203
1.34203
1.34203
1.34203
1.34203
1.34203
1.34203
1.34203
1.34203
1.34203
1.34203
1.34203
1.34203
1.34203
1.34203
1.34203
1.34203
1.34203
1.34203
1.34203
1.34203
1.34203
1.34203
1.34203
1.34203
1.34203
1.34203
1.34203
1.34203
1.34203
1.34203
1.34203
1.34203
1.34203
1.34203
1.34203
1.34203
1.34203
1.34203
1.34203
1.34203
1.34203
1.34203
1.34203
1.34203
1.34203
1.34203
1.34203
1.34203
1.34203
1.34203
1.34203
1.34203
1.34203
1.34203
1.34203
1.34203
1.34203
1.34203
1.34203
1.34203
1.34203
1.34203
1.34203
1.34203
1.34203
1.34203
1.34203
1.34203
1.34203
1.34203
1.34203
1.34203
1.34203
1.34203
1.34203
1.34203
1.34203
1.34203
1.34203
1.34203
1.34203
1.34203
1.34203
1.34203
1.34203
1.34203
1.34203
1.34203
1.34203
1.34203
1.34203
1.34203
1.34203
1.34203
1.34203
1.34203
1.34203
1.34203
1.34203
1.34203
1.34203
1.34203
1.34203
1.34203
1.34203
1.34203
1.34203
1.34203
1.34203
1.34203
1.34203
1.34203
1.34203
1.34203
1.34203
1.34203
1.34203
1.34203
1.34203
1.34203
1.34203
1.34203
1.34203
1.34203
1.34203
1.34203
1.34203
1.34203
1.34203
1.34203
1.34203
1.34203
1.34203
1.34203
1.34203
1.34203
1.34203
1.34203
1.34203
1.34203
1.34203
1.34203
1.34203
1.34203
1.34203
1.34203
1.34203
1.34203
1.34203
1.34203
1.34203
1.34203
1.34203
1.34203
1.34203
1.34203
1.34203
1.34203
1.34203
1.34203
1.34203
1.34203
1.34203
1.34203
1.34203
1.34203
1.34203
1.34203
1.34203
1.34203
1.34203
1.34203
1.34203
1.34203
1.34203
1.34203
1.34203
1.34203
1.34203
1.34203
1.34203
1.34203
1.34203
1.34203
1.34203
1.34203
1.34203
1.34203
1.34203
1.34203
1.34203
1.34203
1.34203
1.34203
1.34203
1.34203
1.34203
1.34203
1.34203
1.34203
1.34203
1.34203
1.34203
1.34203
1.34203
1.34203
1.34203
1.34203
1.34203
1.34203
1.34203
1.34203
1.34203
1.34203
1.34203
1.34203
1.34203
1.34203
1.34203
1.34203
1.34203
1.34203
1.34203
1.34203
1.34203
1.34203
1.34203
1.34203
1.34203
1.34203
1.34203
1.34203
1.34203
1.34203
1.34203
1.34203
1.34203
1.34203
1.34203
1.34203
1.34203
1.34203
1.34203
1.34203
1.34203
1.34203
1.34203
1.34203
1.34203
1.34203
1.34203
1.34203
1.34203
1.34203
1.34203
1.34203
1.34203
1.34203
1.34203
1.34203
1.34203
1.34203
1.34203
1.34203
1.34203
1.34203
1.34203
1.34203
1.34203
1.34203
1.34203
1.34203
1.34203
1.34203
1.34203
1.34203
1.34203
1.34203
1.34203
1.34203
1.34203
1.34203
1.34203
1.34203
1.34203
1.34203
1.34203
1.34203
1.34203
1.34203
1.34203
1.34203
1.34203
1.34203
1.34203
1.34203
1.34203
1.34203
1.34203
1.34203
1.34203
1.34203
1.34203
1.34203
1.34203
1.34203
1.34203
1.34203
1.34203
1.34203
1.34203
1.34203
1.34203
1.34203
1.34203
1.34203
1.34203
1.34203
1.34203
1.34203
1.34203
1.34203
1.34203
1.34203
1.34203
1.34203
1.34203
1.34203
1.34203
1.34203
1.34203
1.34203
1.34203
1.34203
1.34203
1.34203
1.34203
1.34203
1.34203
1.34203
1.34203
1.34203
1.34203
1.34203
1.34203
1.34203
1.34203
1.34203
1.34203
1.34203
1.34203
1.34203
1.34203
1.34203
1.34203
1.34203
1.34203
1.34203
1.34203
1.34203
1.34203
1.34203
1.34203
1.34203
1.34203
1.34203
1.34203
1.34203
1.34203
1.34203
1.34203
1.34203
1.34203
1.34203
1.34203
1.34203
1.34203
1.34203
1.34203
1.34203
1.34203
1.34203
1.34203
1.34203
1.34203
1.34203
1.34203
1.34203
1.34203
1.34203
1.34203
1.34203
1.34203
1.34203
1.34203
1.34203
1.34203
1.34203
1.34203
1.34203
1.34203
1.34203
1.34203
1.34203
1.34203
1.34203
1.34203
1.34203
1.34203
1.34203
1.34203
1.34203
1.34203
1.34203
1.34203
1.34203
1.34203
1.34203
1.34203
1.34203
1.34203
1.34203
1.34203
1.34203
1.34203
1.34203
1.34203
1.34203
1.34203
1.34203
1.34203
1.34203
1.34203
1.34203
1.34203
1.34203
1.34203
1.34203
1.34203
1.34203
1.34203
1.34203
1.34203
1.34203
1.34203
1.34203
1.34203
1.34203
1.34203
1.34203
1.34203
1.34203
1.34203
1.34203
1.34203
1.34203
1.34203
1.34203
1.34203
1.34203
1.34203
1.34203
1.34203
1.34203
1.34203
1.34203
1.34203
1.34203
1.34203
1.34203
1.34203
1.34203
1.34203
1.34203
1.34203
1.34203
1.34203
1.34203
1.34203
1.34203
1.34203
1.34203
1.34203
1.34203
1.34203
1.34203
1.34203
1.34203
1.34203
1.34203
1.34203
1.34203
1.34203
1.34203
1.34203
1.34203
1.34203
1.34203
1.34203
1.34203
1.34203
1.34203
1.34203
1.34203
1.34203
1.34203
1.34203
1.34203
1.34203
1.34203
1.34203
1.34203
1.34203
1.34203
1.34203
1.34203
1.34203
1.34203
1.34203
1.34203
1.34203
1.34203
1.34203
1.34203
1.34203
1.34203
1.34203
1.34203
1.34203
1.34203
1.34203
1.34203
1.34203
1.34203
1.34203
1.34203
1.34203
1.34203
1.34203
1.34203
1.34203
1.34203
1.34203
1.34203
1.34203
1.34203
1.34203
1.34203
1.34203
1.34203
1.34203
1.34203
1.34203
1.34203
1.34203
1.34203
1.34203
1.34203
1.34203
1.34203
1.34203
1.34203
1.34203
1.34203
1.34203
1.34203
1.34203
1.34203
1.34203
1.34203
1.34203
1.34203
1.34203
1.34203
1.34203
1.34203
1.34203
1.34203
1.34203
1.34203
1.34203
1.34203
1.34203
1.34203
1.34203
1.34203
1.34203
1.34203
1.34203
1.34203
1.34203
1.34203
1.34203
1.34203
1.34203
1.34203
1.34203
1.34203
1.34203
1.34203
1.34203
1.34203
1.34203
1.34203
1.34203
1.34203
1.34203
1.34203
1.34203
1.34203
1.34203
1.34203
1.34203
1.34203
1.34203
1.34203
1.34203
1.34203
1.34203
1.34203
1.34203
1.34203
1.34203
1.34203
1.34203
1.34203
1.34203
1.34203
1.34203
1.34203
1.34203
1.34203
1.34203
1.34203
1.34203
1.34203
1.34203
1.34203
1.34203
1.34203
1.34203
1.34203
1.34203
1.34203
1.34203
1.34203
1.34203
1.34203
1.34203
1.34203
1.34203
1.34203
1.34203
1.34203
1.34203
1.34203
1.34203
1.34203
1.34203
1.34203
1.34203
1.34203
1.34203
1.34203
1.34203
1.34203
1.34203
1.34203
1.34203
1.34203
1.34203
1.34203
1.34203
1.34203
1.34203
1.34203
1.34203
1.34203
1.34203
1.34203
1.34203
1.34203
1.34203
1.34203
1.34203
1.34203
1.34203
1.34203
1.34203
1.34203
1.34203
1.34203
1.34203
1.34203
1.34203
1.34203
1.34203
1.34203
1.34203
1.34203
1.34203
1.34203
1.34203
1.34203
1.34203
1.34203
1.34203
1.34203
1.34203
1.34203
1.34203
1.34203
1.34203
1.34203
1.34203
1.34203
1.34203
1.34203
1.34203
1.34203
1.34203
1.34203
1.34203
1.34203
1.34203
1.34203
1.34203
1.34203
1.34203
1.34203
1.34203
1.34203
1.34203
1.34203
1.34203
1.34203
1.34203
1.34203
1.34203
1.34203
1.34203
1.34203
1.34203
1.34203
1.34203
1.34203
1.34203
1.34203
1.34203
1.34203
1.34203
1.34203
1.34203
1.34203
1.34203
1.34203
1.34203
1.34203
1.34203
1.34203
1.34203
1.34203
1.34203
1.34203
1.34203
1.34203
1.34203
1.34203
1.34203
1.34203
1.34203
1.34203
1.34203
1.34203
1.34203
1.34203
1.34203
1.34203
1.34203
1.34203
1.34203
1.34203
1.34203
1.34203
1.34203
1.34203
1.34203
1.34203
1.34203
1.34203
1.34203
1.34203
1.34203
1.34203
1.34203
1.34038
1.34038
1.34038
1.34038
1.34038
1.34038
1.34038
1.34038
1.34038
1.34038
1.34038
1.34038
1.34038
1.34038
1.34038
1.34038
1.34038
1.34038
1.34038
1.34038
1.34038
1.34038
1.34038
1.34038
1.34038
1.34038
1.34038
1.34038
1.34038
1.34038
1.34038
1.34038
1.34038
1.34038
1.34038
1.34038
1.34038
1.34038
1.34038
1.34038
1.34038
1.33839
1.33839
1.33839
1.33839
1.33839
1.33839
1.33839
1.33839
1.33839
1.33839
1.33839
1.33839
1.33839
1.33839
1.33839
1.33839
1.33839
1.33839
1.33839
1.33839
1.33839
1.33839
1.33839
1.33839
1.33839
1.33839
1.33839
1.33839
1.33839
1.33839
1.33839
1.33839
1.33839
1.33839
1.33839
1.33839
1.33839
1.33839
1.33839
1.33839
1.33839
1.33839
1.33839
1.33839
1.33839
1.33839
1.33839
1.33839
1.33839
1.33839
1.33839
1.33839
1.33839
1.33839
1.33839
1.33839
1.33839
1.33839
1.33839
1.33839
1.33839
1.33839
1.33839
1.33839
1.33839
1.33839
1.33839
1.33839
1.33839
1.33839
1.33839
1.33839
1.33839
1.33839
1.33839
1.33839
1.33839
1.33839
1.33839
1.33839
1.33839
1.33839
1.33839
1.33839
1.33839
1.33839
1.33839
1.33839
1.33839
1.33839
1.33839
1.33839
1.33839
1.33839
1.33839
1.33839
1.33839
1.33839
1.33839
1.33839
1.33839
1.33839
1.33839
1.33839
1.33839
1.33839
1.33839
1.33839
1.33839
1.33839
1.33839
1.33839
1.33839
1.33839
1.33839
1.33839
1.33839
1.33839
1.33839
1.33839
1.33839
1.33839
1.33839
1.33839
1.33839
1.33839
1.33839
1.33839
1.33839
1.33839
1.33839
1.33839
1.33839
1.33839
1.33839
1.33839
1.33839
1.33839
1.33839
1.33839
1.33839
1.33839
1.33839
1.33839
1.33839
1.33839
1.33839
1.33839
1.33839
1.33839
1.33839
1.33839
1.33839
1.33839
1.33839
1.33839
1.33839
1.33839
1.33839
1.33839
1.33839
1.33839
1.33839
1.33839
1.33839
1.33839
1.33839
1.33839
1.33839
1.33839
1.33839
1.33839
1.33839
1.33839
1.33839
1.33839
1.33839
1.33839
1.33839
1.33839
1.33839
1.33839
1.33839
1.33839
1.33839
1.33839
1.33839
1.33839
1.33839
1.33839
1.33839
1.33839
1.33839
1.33839
1.33839
1.33839
1.33839
1.33839
1.33839
1.33839
1.33839
1.33839
1.33839
1.33839
1.33839
1.33839
1.33839
1.33839
1.33839
1.33839
1.33839
1.33839
1.33839
1.33839
1.33839
1.33839
1.33839
1.33839
1.33839
1.33839
1.33839
1.33839
1.33839
1.33839
1.33839
1.33839
1.33839
1.33839
1.33839
1.33839
1.33839
1.33839
1.33839
1.33839
1.33839
1.33839
1.33839
1.33839
1.33839
1.33839
1.33839
1.33839
1.33839
1.33839
1.33839
1.33839
1.33839
1.33839
1.33839
1.33839
1.33839
1.33839
1.33839
1.33839
1.33839
1.33839
1.33839
1.33839
1.33839
1.33839
1.33839
1.33839
1.33839
1.33839
1.33392
1.33392
1.33392
1.33392
1.33392
1.33392
1.33392
1.33392
1.33218
1.33218
1.33218
1.33218
1.33218
1.33218
1.33218
1.33218
1.33218
1.33218
1.33218
1.33218
1.33218
1.33218
1.33218
1.33218
1.33218
1.33218
1.33218
1.33218
1.33218
1.33218
1.33218
1.33218
1.33218
1.33218
1.33218
1.33218
1.33218
1.33218
1.33218
1.33218
1.33218
1.33218
1.33218
1.33218
1.33218
1.33218
1.33218
1.33218
1.33218
1.33218
1.33218
1.33218
1.33218
1.33218
1.33218
1.33218
1.33218
1.33218
1.33218
1.33218
1.33218
1.33218
1.33218
1.33218
1.33218
1.33218
1.33218
1.33218
1.33218
1.33218
1.33218
1.33218
1.33218
1.33218
1.33218
1.33218
1.33218
1.33218
1.33218
1.33218
1.33218
1.33218
1.33218
1.33218
1.33218
1.33218
1.33218
1.33218
1.33218
1.33218
1.33218
1.33218
1.33218
1.33218
1.33218
1.33218
1.33218
1.33218
1.33218
1.33218
1.33218
1.33218
1.33218
1.33218
1.33218
1.33218
1.33218
1.33218
1.33218
1.33218
1.33218
1.33218
1.33218
1.33218
1.33218
1.33218
1.33218
1.33218
1.33218
1.33218
1.33218
1.33218
1.33218
1.33218
1.33218
1.33218
1.33218
1.33218
1.33218
1.33218
1.33218
1.33218
1.33218
1.33218
1.33218
1.33218
1.33218
1.33218
1.33218
1.33218
1.33218
1.33218
1.33218
1.33218
1.33218
1.33218
1.33218
1.33218
1.33218
1.33218
1.33218
1.33218
1.33218
1.33218
1.33218
1.33218
1.33218
1.33218
1.33218
1.33218
1.33218
1.33218
1.33218
1.33218
1.33218
1.33218
1.33218
1.33218
1.33218
1.33218
1.33218
1.33218
1.33218
1.33218
1.33218
1.33218
1.33218
1.33218
1.33218
1.33218
1.33218
1.33218
1.33218
1.33218
1.33218
1.33218
1.33218
1.33218
1.33218
1.33218
1.33218
1.33218
1.33218
1.33218
1.33218
1.33218
1.33218
1.33218
1.33218
1.33218
1.33218
1.33218
1.33218
1.33218
1.33218
1.33218
1.33218
1.33218
1.33218
1.33218
1.33218
1.33218
1.33218
1.33218
1.33218
1.33218
1.33218
1.33218
1.33218
1.33218
1.33218
1.33218
1.33218
1.33218
1.33218
1.33218
1.33218
1.33218
1.33218
1.33218
1.33218
1.33218
1.33218
1.33218
1.33218
1.33218
1.33218
1.33218
1.33218
1.33218
1.33218
1.33218
1.33218
1.33218
1.33218
1.33218
1.33218
1.33218
1.33218
1.33218
1.33218
1.33218
1.33218
1.33218
1.33218
1.33218
1.33218
1.33218
1.33218
1.33218
1.33218
1.33218
1.33218
1.33218
1.33218
1.33218
1.33218
1.33218
1.33218
1.33218
1.33218
1.33218
1.33218
1.33218
1.33218
1.33218
1.33218
1.33218
1.33218
1.33218
1.33218
1.33218
1.33218
1.33218
1.33218
1.33218
1.33218
1.33218
1.33218
1.33218
1.33218
1.33218
1.33218
1.33218
1.33218
1.33218
1.33218
1.33218
1.33218
1.33218
1.33218
1.33218
1.33218
1.33218
1.33218
1.33218
1.33218
1.33218
1.33218
1.33087
1.33087
1.33087
1.33087
1.33087
1.33087
1.33087
1.33087
1.33087
1.33087
1.33087
1.33087
1.33087
1.33087
1.33087
1.33087
1.33087
1.33087
1.33087
1.33087
1.33087
1.33087
1.33087
1.33087
1.33087
1.33087
1.33087
1.33087
1.33087
1.33087
1.33083
1.33083
1.32718
1.32704
1.32704
1.32704
1.32704
1.32704
1.32704
1.32704
1.32704
1.32704
1.32704
1.32704
1.32704
1.32704
1.32704
1.32704
1.32704
1.32704
1.32704
1.32704
1.32704
1.32704
1.32704
1.32704
1.32704
1.32704
1.32704
1.32704
1.32704
1.32704
1.32704
1.32704
1.32704
1.32704
1.32704
1.32704
1.32704
1.32704
1.32704
1.32704
1.32704
1.32704
1.32704
1.32704
1.32704
1.32704
1.32704
1.32704
1.32704
1.32704
1.32704
1.32704
1.32704
1.32704
1.32704
1.32704
1.32704
1.32704
1.32704
1.32704
1.32704
1.32704
1.32704
1.32704
1.32704
1.32704
1.32704
1.32704
1.32704
1.32704
1.32704
1.32704
1.32704
1.32704
1.32704
1.32704
1.32704
1.32704
1.32704
1.32704
1.32704
1.3113
1.3113
1.3113
1.3113
1.3113
1.3113
1.3113
1.30775
1.30775
1.30775
1.30775
1.30775
1.30775
1.30775
1.30775
1.30775
1.30775
1.30775
1.30775
1.30775
1.30775
1.30775
1.30775
1.30775
1.30775
1.30775
1.30775
1.30775
1.30775
1.30775
1.30775
1.30775
1.30775
1.30775
1.30775
1.30775
1.30775
1.30775
1.30775
1.30775
1.30775
1.30775
1.30775
1.30775
1.30775
1.30775
1.30775
1.30775
1.30775
1.30775
1.30775
1.30775
1.30775
1.30775
1.30775
1.30775
1.30775
1.30775
1.30775
1.30775
1.30775
1.30775
1.30775
1.30775
1.30775
1.30775
1.30775
1.30775
1.30775
1.30775
1.30775
1.30775
1.30775
1.30775
1.30775
1.30775
1.30775
1.30775
1.30775
1.30775
1.30775
1.30775
1.30775
1.30775
1.30775
1.30775
1.30775
1.30775
1.30775
1.30775
1.30775
1.30775
1.30775
1.30775
1.30775
1.30775
1.30775
1.30775
1.30775
1.30775
1.30775
1.30775
1.30775
1.30775
1.30775
1.30775
1.30775
1.30775
1.30775
1.30775
1.30775
1.30775
1.30775
1.30775
1.30775
1.30773
1.30773
1.30773
1.30773
1.30773
1.30773
1.30773
1.30773
1.30773
1.30773
1.30773
1.30773
1.30773
1.30773
1.30773
1.30773
1.30773
1.30773
1.30773
1.30773
1.30773
1.30773
1.30773
1.30773
1.30773
1.30773
1.30773
1.30773
1.30773
1.30773
1.30773
1.30773
1.30773
1.30773
1.30773
1.30773
1.30773
1.30773
1.30773
1.30773
1.30773
1.30773
1.30773
1.30773
1.30773
1.30773
1.30773
1.30773
1.30773
1.30773
1.30773
1.30773
1.30773
1.30773
1.30773
1.30773
1.30773
1.30773
1.30773
1.30773
1.30773
1.30773
1.30773
1.30773
1.30773
1.30773
1.30773
1.30773
1.30773
1.30773
1.30773
1.30773
1.30773
1.30773
1.30773
1.30773
1.30773
1.30773
1.30773
1.30773
1.30773
1.30773
1.30773
1.30773
1.30773
1.30773
1.30773
1.30773
1.30773
1.30773
1.30773
1.30773
1.30773
1.30773
1.30773
1.30773
1.30773
1.30773
1.30773
1.30773
1.30773
1.30773
1.30773
1.30773
1.30773
1.30773
1.30773
1.30773
1.30773
1.30773
1.30773
1.30773
1.30773
1.30773
1.30773
1.30773
1.30773
1.30773
1.30773
1.30773
1.30773
1.30773
1.30773
1.30773
1.30773
1.30773
1.30773
1.30773
1.30773
1.30773
1.30773
1.30773
1.30773
1.30773
1.30773
1.30773
1.30773
1.30773
1.30773
1.30773
1.30773
1.30773
1.30773
1.30773
1.30773
1.30773
1.30773
1.30773
1.30773
1.30773
1.30773
1.30773
1.30773
1.30773
1.30773
1.30773
1.30773
1.30773
1.30773
1.30773
1.30773
1.30773
1.30773
1.30773
1.30773
1.30773
1.30773
1.30773
1.30773
1.30773
1.30773
1.30773
1.30773
1.30773
1.30773
1.30773
1.30773
1.30773
1.30773
1.30773
1.30773
1.30773
1.30773
1.30773
1.30773
1.30773
1.30773
1.30773
1.30773
1.30773
1.30773
1.30773
1.30773
1.30773
1.30773
1.30773
1.30773
1.30773
1.30773
1.30773
1.30773
1.30773
1.30773
1.30773
1.30773
1.30773
1.30773
1.30773
1.30773
1.30773
1.30773
1.30773
1.30773
1.30773
1.30773
1.30773
1.30773
1.30773
1.30773
1.30773
1.30773
1.30773
1.30773
1.30773
1.30773
1.30773
1.30773
1.30773
1.30773
1.30773
1.30773
1.30773
1.30773
1.30773
1.30773
1.30773
1.30773
1.30773
1.30773
1.30773
1.30773
1.30773
1.30773
1.30773
1.30773
1.30773
1.30773
1.30773
1.30773
1.30773
1.30773
1.30773
1.30773
1.30773
1.30773
1.30773
1.30773
1.30773
1.30773
1.30773
1.30773
1.30773
1.30773
1.30773
1.30773
1.30773
1.30773
1.30773
1.30773
1.30773
1.30773
1.30773
1.30773
1.30773
1.30773
1.30773
1.30773
1.30773
1.30773
1.30773
1.30773
1.30773
1.30773
1.30773
1.30773
1.30773
1.30773
1.30773
1.30773
1.30773
1.30773
1.30773
1.30773
1.30773
1.30773
1.30773
1.30773
1.30773
1.30773
1.30773
1.30773
1.30773
1.30773
1.30773
1.30773
1.30773
1.30773
1.30773
1.30773
1.30773
1.30773
1.30773
1.30773
1.30773
1.30773
1.30773
1.30773
1.30773
1.30773
1.30773
1.30773
1.30773
1.30773
1.30773
1.30773
1.30773
1.30773
1.30773
1.30773
1.30773
1.30773
1.30773
1.30773
1.30773
1.30773
1.30773
1.30773
1.30773
1.30773
1.30773
1.30773
1.30773
1.30773
1.30773
1.30773
1.30773
1.30773
1.30773
1.30773
1.30773
1.30773
1.30773
1.30773
1.30773
1.30773
1.30773
1.30773
1.30773
1.30773
1.30773
1.30773
1.30773
1.30773
1.30773
1.30773
1.30773
1.30773
1.30773
1.30773
1.30773
1.30773
1.30773
1.30773
1.30773
1.30773
1.30773
1.30773
1.30773
1.30773
1.30773
1.30773
1.30773
1.30773
1.30773
1.30773
1.30773
1.30773
1.30773
1.30773
1.30773
1.30773
1.30773
1.30773
1.30773
1.30773
1.30773
1.30773
1.30773
1.30773
1.30773
1.30773
1.30773
1.30773
1.30773
1.30773
1.30773
1.30773
1.30773
1.30773
1.30773
1.30773
1.30773
1.30773
1.30773
1.30773
1.30773
1.30773
1.30773
1.30773
1.30773
1.30773
1.30773
1.30773
1.30773
1.30773
1.30773
1.30773
1.30773
1.30773
1.30773
1.30773
1.30773
1.30773
1.30773
1.30773
1.30773
1.30773
1.30773
1.30773
1.30773
1.30773
1.30773
1.30773
1.30773
1.30773
1.30773
1.30773
1.30773
1.30773
1.30773
1.30773
1.30773
1.30773
1.30773
1.30773
1.30773
1.30773
1.30773
1.30773
1.30773
1.30773
1.30773
1.30773
1.30773
1.30773
1.30773
1.30773
1.30773
1.30773
1.30773
1.30773
1.30773
1.30773
1.30773
1.30773
1.30773
1.30773
1.30773
1.30773
1.30773
1.30773
1.30773
1.30773
1.30773
1.30773
1.30773
1.30773
1.30773
1.30773
1.30773
1.30773
1.30773
1.30773
1.30773
1.30773
1.30773
1.30773
1.30773
1.30773
1.30773
1.30773
1.30773
1.30773
1.30773
1.30773
1.30773
1.30773
1.30773
1.30773
1.30773
1.30773
1.30773
1.30773
1.30773
1.30773
1.30773
1.30773
1.30773
1.30773
1.30773
1.30773
1.30773
1.30773
1.30773
1.30773
1.30773
1.30773
1.30773
1.30773
1.30773
1.30773
1.30773
1.30773
1.30773
1.30773
1.30773
1.30773
1.30773
1.30773
1.30773
1.30773
1.30773
1.30773
1.30773
1.30773
1.30773
1.30773
1.30773
1.30773
1.30773
1.30773
1.30773
1.30773
1.30773
1.30773
1.30773
1.30773
1.30773
1.30773
1.30773
1.30773
1.30773
1.30773
1.30773
1.30773
1.30773
1.30773
1.30773
1.30773
1.30773
1.30773
1.30773
1.30773
1.30773
1.30773
1.30773
1.30773
1.30773
1.30773
1.30773
1.30773
1.30773
1.30773
1.30773
1.30773
1.30773
1.30773
1.30773
1.30773
1.30773
1.30773
1.30773
1.30773
1.30773
1.30773
1.30773
1.30773
1.30773
1.30773
1.30773
1.30773
1.30773
1.30773
1.30773
1.30773
1.30773
1.30773
1.30773
1.30773
1.30773
1.30773
1.30773
1.30773
1.30773
1.30773
1.30773
1.30773
1.30773
1.30773
1.30773
1.30773
1.30773
1.30773
1.30773
1.30773
1.30773
1.30773
1.30773
1.30773
1.30773
1.30773
1.30773
1.30773
1.30773
1.30773
1.30773
1.30773
1.30773
1.30773
1.30773
1.30773
1.30773
1.30773
1.30773
1.30773
1.30773
1.30773
1.30773
1.30773
1.30773
1.30773
1.30773
1.30773
1.30773
1.30773
1.30773
1.30773
1.30773
1.30773
1.30773
1.30773
1.30773
1.30773
1.30773
1.30773
1.30773
1.30773
1.30773
1.30773
1.30773
1.30773
1.30773
1.30773
1.30773
1.30773
1.30773
1.30773
1.30773
1.30773
1.30773
1.30773
1.30773
1.30773
1.30773
1.30773
1.30773
1.30773
1.30773
1.30773
1.30773
1.30773
1.30773
1.30773
1.30773
1.30773
1.30773
1.30773
1.30773
1.30773
1.30773
1.30773
1.30773
1.30773
1.30773
1.30773
1.30773
1.30773
1.30773
1.30773
1.30773
1.30773
1.30773
1.30773
1.30773
1.30773
1.30773
1.30773
1.30773
1.30773
1.30773
1.30773
1.30773
1.30773
1.30773
1.30773
1.30773
1.30773
1.30773
1.30773
1.30773
1.30773
1.30773
1.30773
1.30773
1.30773
1.30773
1.30773
1.30773
1.30773
1.30773
1.30773
1.30773
1.30773
1.30773
1.30773
1.30773
1.30773
1.30773
1.30773
1.30773
1.30773
1.30773
1.30773
1.30773
1.30773
1.30773
1.30773
1.30773
1.30773
1.30773
1.30773
1.30773
1.30773
1.30773
1.30773
1.30773
1.30773
1.30773
1.30773
1.30773
1.30773
1.30773
1.30773
1.30773
1.30773
1.30773
1.30773
1.30773
1.30773
1.30773
1.30773
1.30773
1.30773
1.30773
1.30773
1.30773
1.30773
1.30773
1.30773
1.30773
1.30773
1.30773
1.30773
1.30773
1.30773
1.30773
1.30773
1.30773
1.30773
1.30773
1.30773
1.30773
1.30773
1.30773
1.30773
1.30773
1.30773
1.30773
1.30773
1.30773
1.30773
1.30773
1.30773
1.30773
1.30773
1.30773
1.30773
1.30773
1.30773
1.30773
1.30773
1.30773
1.30773
1.30773
1.30773
1.30773
1.30773
1.30773
1.30773
1.30773
1.30773
1.30773
1.30773
1.30773
1.30773
1.30773
1.30773
1.30773
1.30773
1.30773
1.30773
1.30773
1.30773
1.30773
1.30773
1.30773
1.30773
1.30773
1.30773
1.30773
1.30773
1.30773
1.30773
1.30773
1.30773
1.30773
1.30773
1.30773
1.30773
1.30773
1.30773
1.30773
1.30773
1.30773
1.30773
1.30773
1.30773
1.30773
1.30773
1.30773
1.30773
1.30773
1.30773
1.30773
1.30773
1.30773
1.30773
1.30773
1.30773
1.30773
1.30773
1.30773
1.30773
1.30773
1.30773
1.30773
1.30773
1.30773
1.30773
1.30773
1.30773
1.30773
1.30773
1.30773
1.30773
1.30773
1.30773
1.30773
1.30773
1.30773
1.30773
1.30773
1.30773
1.30773
1.30773
1.30773
1.30773
1.30773
1.30773
1.30773
1.30773
1.30773
1.30773
1.30773
1.30773
1.30773
1.30773
1.30773
1.30773
1.30773
1.30773
1.30773
1.30773
1.30773
1.30773
1.30773
1.30773
1.30773
1.30773
1.30773
1.30773
1.30773
1.30773
1.30773
1.30773
1.30773
1.30773
1.30773
1.30773
1.30773
1.30773
1.30773
1.30773
1.30773
1.30773
1.30773
1.30773
1.30773
1.30773
1.30773
1.30773
1.30773
1.30773
1.30773
1.30773
1.30773
1.30773
1.30773
1.30773
1.30773
1.30773
1.30773
1.30773
1.30773
1.30773
1.30773
1.30773
1.30773
1.30773
1.30773
1.30773
1.30773
1.30773
1.30773
1.30773
1.30773
1.30773
1.30773
1.30773
1.30773
1.30773
1.30773
1.30773
1.30773
1.30773
1.30773
1.30773
1.30773
1.30773
1.30773
1.30773
1.30773
1.30773
1.30773
1.30773
1.30773
1.30773
1.30773
1.30773
1.30773
