6.72042
6.62311
6.44688
6.05591
6.05591
5.87194
5.87194
5.68397
5.68397
5.63227
5.44201
5.44201
5.33904
5.33904
5.30282
5.24371
5.02484
5.02484
5.02484
4.99545
4.99545
4.99545
4.96325
4.96325
4.90243
4.83237
4.83237
4.83237
4.77993
4.7358
4.7358
4.63284
4.63284
4.54318
4.54318
4.48577
4.48577
4.42821
4.34799
4.3452
4.31741
4.25633
4.00446
4.00446
3.98681
3.98681
3.98681
3.98681
3.98681
3.91073
3.91073
3.84937
3.84937
3.80437
3.80437
3.77416
3.77416
3.77416
3.70866
3.70866
3.70527
3.5483
3.5483
3.5483
3.5483
3.49148
3.49148
3.34129
3.34129
3.34129
3.29493
3.29493
3.27451
3.27451
3.26244
3.20034
3.11708
3.11708
3.09676
3.09676
3.07292
3.07292
3.06942
3.05012
3.03981
3.00879
2.98218
2.98218
2.98114
2.98114
2.97075
2.93309
2.93309
2.86628
2.86628
2.86628
2.86628
2.86254
2.83105
2.83105
2.79834
2.79834
2.74131
2.71671
2.71671
2.71671
2.69983
2.68029
2.65642
2.62911
2.61066
2.61066
2.61066
2.59859
2.57486
2.56267
2.5369
2.5369
2.5369
2.51924
2.51079
2.4649
2.44965
2.42287
2.42287
2.40939
2.38311
2.37659
2.35867
2.35118
2.33386
2.33386
2.28641
2.28641
2.28641
2.28641
2.28641
2.28121
2.27893
2.27067
2.25746
2.25746
2.24336
2.24236
2.24236
2.23352
2.23332
2.22766
2.22613
2.21624
2.20732
2.20732
2.19916
2.19589
2.19589
2.19212
2.18531
2.1714
2.1714
2.1714
2.16731
2.16731
2.16731
2.16731
2.16731
2.15471
2.15401
2.14389
2.12024
2.12024
2.12024
2.12024
2.11299
2.11299
2.10851
2.09845
2.09264
2.09194
2.08816
2.07946
2.07946
2.07622
2.07222
2.07222
2.06501
2.06431
2.0551
2.04085
2.02695
2.02114
2.02114
2.01784
1.97367
1.97367
1.97367
1.97297
1.96743
1.96743
1.96743
1.95501
1.95365
1.94881
1.93939
1.93939
1.93474
1.93056
1.93058
1.9289
1.92067
1.91955
1.91563
1.90826
1.90826
1.90562
1.90562
1.89873
1.89873
1.89873
1.89714
1.89073
1.89073
1.88183
1.88183
1.88183
1.88183
1.88183
1.88183
1.88183
1.88046
1.87518
1.87518
1.87415
1.87415
1.87131
1.86726
1.86726
1.86689
1.86689
1.86689
1.86689
1.86689
1.86689
1.86689
1.86689
1.86045
1.86045
1.85686
1.85686
1.84922
1.84922
1.84922
1.84885
1.8445
1.8445
1.8445
1.81448
1.81448
1.81448
1.81448
1.81448
1.81448
1.80368
1.80004
1.80004
1.80004
1.80004
1.80004
1.80004
1.80004
1.80004
1.78998
1.78633
1.78633
1.78633
1.78338
1.78338
1.77763
1.77763
1.77763
1.77279
1.77279
1.76983
1.76983
1.76754
1.76754
1.76459
1.75884
1.754
1.754
1.754
1.75104
1.75104
1.75104
1.75104
1.75104
1.75104
1.75
1.75
1.75
1.75
1.74212
1.74212
1.74212
1.74212
1.74107
1.74107
1.74107
1.74107
1.74107
1.74107
1.73966
1.7242
1.7242
1.71528
1.71528
1.71528
1.71245
1.71177
1.71141
1.70895
1.70895
1.70895
1.70895
1.70895
1.70895
1.70895
1.70895
1.70895
1.70895
1.70895
1.70895
1.70895
1.70895
1.70895
1.70854
1.70854
1.70854
1.70854
1.70854
1.70854
1.70854
1.70854
1.70854
1.70854
1.70854
1.70854
1.70854
1.70854
1.70837
1.70837
1.70837
1.70837
1.70837
1.70837
1.70489
1.70484
1.70447
1.70447
1.70447
1.70441
1.70441
1.70441
1.70196
1.69851
1.6979
1.6979
1.6979
1.69428
1.69428
1.69428
1.69419
1.69107
1.69107
1.69107
1.68787
1.68771
1.6821
1.6821
1.6821
1.6821
1.6821
1.67559
1.67559
1.67559
1.67559
1.67532
1.67518
1.67518
1.67174
1.67174
1.67174
1.66873
1.66873
1.66873
1.66873
1.66873
1.66873
1.66873
1.66873
1.66873
1.66873
1.66175
1.64343
1.63822
1.63813
1.63813
1.63416
1.63416
1.63407
1.63407
1.63407
1.63407
1.63407
1.63407
1.63407
1.63407
1.63347
1.63331
1.63331
1.63331
1.62471
1.62471
1.62471
1.62462
1.62386
1.62386
1.62386
1.62386
1.62386
1.62386
1.62359
1.62359
1.61544
1.61544
1.61544
1.61544
1.61544
1.61544
1.61343
1.61343
1.61343
1.61343
1.60501
1.60501
1.60501
1.60501
1.60501
1.59748
1.59748
1.59748
1.59584
1.59584
1.59584
1.58512
1.58512
1.58512
1.58512
1.58512
1.58512
1.58512
1.58512
1.58504
1.58504
1.58504
1.58504
1.58504
1.58504
1.58504
1.58504
1.58504
1.58504
1.58504
1.58504
1.58504
1.58504
1.58504
1.58504
1.58504
1.58504
1.58504
1.58504
1.58504
1.58504
1.58504
1.58504
1.58049
1.57771
1.57771
1.57619
1.57109
1.57109
1.57101
1.57101
1.57101
1.57101
1.57101
1.57101
1.57101
1.57101
1.57101
1.57101
1.57101
1.57101
1.57101
1.57101
1.57101
1.57101
1.57101
1.57101
1.57101
1.57101
1.57101
1.57101
1.57101
1.57101
1.57101
1.57101
1.57101
1.57101
1.57101
1.57101
1.57101
1.57101
1.57101
1.57101
1.57101
1.57101
1.57101
1.57101
1.57101
1.57101
1.57101
1.57101
1.57101
1.57101
1.57101
1.57101
1.57101
1.57101
1.57101
1.57101
1.57101
1.57101
1.57101
1.57101
1.57101
1.57101
1.57101
1.57101
1.57101
1.57101
1.57101
1.57101
1.57101
1.57101
1.57101
1.57101
1.57101
1.57101
1.57101
1.57101
1.56934
1.56926
1.56926
1.56926
1.56926
1.56926
1.56926
1.56926
1.56926
1.56926
1.56926
1.56926
1.56926
1.56926
1.5691
1.5691
1.5691
1.5691
1.55829
1.55829
1.55829
1.55829
1.55829
1.55829
1.55829
1.55829
1.55829
1.55829
1.55829
1.55829
1.55829
1.55829
1.55829
1.55829
1.55829
1.55829
1.55829
1.55829
1.55829
1.55829
1.55829
1.55829
1.55829
1.55829
1.55829
1.55829
1.55829
1.55829
1.55829
1.55829
1.55829
1.55829
1.55829
1.55829
1.55829
1.55829
1.55793
1.55793
1.55793
1.55793
1.55793
1.55793
1.55793
1.55793
1.55793
1.55793
1.55793
1.55793
1.55793
1.55644
1.55644
1.55644
1.55644
1.55399
1.55399
1.55399
1.55399
1.5525
1.5525
1.55237
1.55237
1.55237
1.55237
1.55237
1.55237
1.55237
1.55237
1.55237
1.55071
1.55071
1.55071
1.55071
1.55071
1.55058
1.55058
1.54543
1.54543
1.54543
1.54543
1.54543
1.5453
1.5453
1.5453
1.5453
1.54525
1.54525
1.54525
1.54356
1.54356
1.54356
1.54343
1.54343
1.54343
1.54338
1.54338
1.54338
1.54338
1.54338
1.54338
1.5398
1.5398
1.53914
1.53914
1.53914
1.53914
1.53914
1.53914
1.53909
1.53909
1.53909
1.53909
1.53909
1.53909
1.53909
1.53909
1.53909
1.53909
1.53909
1.53909
1.53909
1.53909
1.53909
1.53909
1.53909
1.53511
1.53511
1.53506
1.53506
1.53506
1.53506
1.53506
1.53506
1.53506
1.53506
1.53506
1.53506
1.53288
1.53288
1.53288
1.53288
1.53288
1.53288
1.53288
1.53288
1.53288
1.53288
1.53288
1.53288
1.53288
1.53146
1.53146
1.52928
1.52525
1.52525
1.52525
1.52525
1.52525
1.52525
1.52525
1.52525
1.52525
1.52525
1.52525
1.52525
1.52525
1.52525
1.52525
1.52525
1.52525
1.52525
1.52525
1.52525
1.52525
1.52525
1.52525
1.52525
1.52525
1.52525
1.52525
1.52525
1.52525
1.52525
1.50674
1.50674
1.50674
1.50674
1.50674
1.50674
1.50674
1.50674
1.50622
1.50622
1.50622
1.50622
1.50622
1.50622
1.50622
1.50435
1.50435
1.50435
1.50382
1.50382
1.50382
1.50382
1.50382
1.50382
1.50382
1.50382
1.50382
1.50382
1.50382
1.50382
1.50382
1.50382
1.50382
1.50382
1.50382
1.50382
1.50382
1.50382
1.50382
1.50375
1.50375
1.50375
1.50375
1.50375
1.50375
1.50375
1.50375
1.48477
1.48477
1.48477
1.48477
1.48424
1.48424
1.48424
1.48424
1.48417
1.48417
1.48417
1.48417
1.48417
1.48417
1.48417
1.48417
1.48417
1.48417
1.48417
1.48417
1.48417
1.48417
1.48417
1.48417
1.48417
1.48417
1.48417
1.48417
1.48417
1.48298
1.48298
1.47755
1.47755
1.47755
1.47755
1.47748
1.47748
1.47748
1.47748
1.47748
1.47748
1.47748
1.47748
1.47748
1.46605
1.46598
1.46598
1.46598
1.46598
1.46598
1.46598
1.46598
1.46598
1.46598
1.46598
1.46598
1.46598
1.46598
1.46598
1.46598
1.46598
1.46598
1.46598
1.46598
1.46598
1.46598
1.46598
1.46598
1.46598
1.46598
1.46598
1.46598
1.46598
1.46598
1.46598
1.46598
1.46598
1.46598
1.46598
1.46598
1.46598
1.46598
1.46598
1.46598
1.46598
1.46598
1.46598
1.46598
1.46598
1.46598
1.46598
1.46598
1.46598
1.46598
1.46598
1.46598
1.46598
1.46598
1.46598
1.46598
1.46598
1.46598
1.46598
1.46598
1.46598
1.46598
1.46598
1.46598
1.46598
1.46598
1.46598
1.46598
1.46598
1.46598
1.46598
1.46598
1.46598
1.46598
1.46598
1.46598
1.46598
1.46598
1.46598
1.46598
1.46598
1.46598
1.46598
1.46598
1.46598
1.46598
1.46598
1.46598
1.46598
1.46598
1.46598
1.46598
1.46598
1.46598
1.46598
1.46598
1.46598
1.46598
1.46598
1.46598
1.46598
1.46598
1.46598
1.46598
1.46598
1.46598
1.46598
1.46598
1.46598
1.46598
1.46598
1.46598
1.46598
1.46598
1.46598
1.46598
1.46598
1.46598
1.46598
1.46598
1.46598
1.46598
1.46598
1.46598
1.46598
1.46598
1.46598
1.46598
1.46598
1.46598
1.46598
1.46598
1.46598
1.46598
1.46598
1.46598
1.46598
1.46598
1.46598
1.46598
1.46598
1.46598
1.46598
1.46598
1.46093
1.46093
1.46093
1.45549
1.45549
1.45549
1.45347
1.45347
1.45347
1.45347
1.45347
1.4511
1.45044
1.45044
1.45044
1.45044
1.45044
1.45044
1.45044
1.45044
1.45044
1.45044
1.45044
1.45044
1.45044
1.45044
1.45044
1.45044
1.45044
1.45044
1.45044
1.45044
1.45044
1.45044
1.45044
1.45044
1.45044
1.45044
1.45044
1.45044
1.45044
1.45044
1.45044
1.45044
1.45044
1.45044
1.45044
1.45044
1.45044
1.45044
1.45044
1.45044
1.45044
1.45044
1.45044
1.45044
1.45044
1.45044
1.45044
1.45044
1.44963
1.44963
1.44963
1.44963
1.44963
1.44963
1.44963
1.44963
1.44963
1.44963
1.44733
1.44733
1.44733
1.44733
1.44733
1.44733
1.44733
1.44733
1.44733
1.44733
1.44733
1.44733
1.44733
1.44733
1.44733
1.44733
1.44733
1.44733
1.44733
1.44733
1.44733
1.44733
1.44733
1.44733
1.44733
1.44733
1.44733
1.44733
1.44733
1.44733
1.44733
1.4473
1.4473
1.44643
1.44643
1.44413
1.4441
1.4441
1.4441
1.4441
1.4441
1.4441
1.4441
1.4441
1.4441
1.4441
1.4441
1.4441
1.4441
1.4441
1.4441
1.4441
1.4441
1.4441
1.4441
1.44334
1.44334
1.44334
1.44334
1.44334
1.44334
1.44334
1.44334
1.44334
1.44334
1.44334
1.44334
1.44334
1.44303
1.44303
1.44303
1.44303
1.44303
1.44303
1.44303
1.44303
1.44303
1.44303
1.44303
1.44303
1.44303
1.44303
1.44303
1.44303
1.44303
1.44303
1.44303
1.44303
1.44303
1.44303
1.44303
1.44303
1.44303
1.44303
1.44303
1.44303
1.44303
1.44303
1.44303
1.44303
1.44303
1.44303
1.44303
1.44303
1.44303
1.44303
1.44303
1.44303
1.44303
1.44303
1.44303
1.44303
1.44303
1.44303
1.44303
1.44303
1.44303
1.44303
1.44303
1.44303
1.44303
1.44303
1.44303
1.44303
1.44303
1.44303
1.44303
1.44303
1.44303
1.44303
1.44303
1.44303
1.44303
1.44303
1.44303
1.44303
1.44303
1.44303
1.44303
1.44303
1.44303
1.44303
1.44303
1.44303
1.44303
1.44303
1.44303
1.44303
1.44303
1.44303
1.44303
1.44303
1.44303
1.44303
1.44303
1.44303
1.44303
1.44303
1.44303
1.44303
1.44303
1.44303
1.44303
1.44303
1.44303
1.44303
1.44303
1.44303
1.44303
1.44303
1.44303
1.44303
1.44303
1.44303
1.44303
1.44303
1.44303
1.44303
1.44303
1.44303
1.44303
1.44303
1.44303
1.44303
1.44303
1.44303
1.44303
1.44303
1.44303
1.44303
1.44303
1.44303
1.44303
1.44303
1.44303
1.44303
1.44303
1.44303
1.44303
1.44303
1.44303
1.44303
1.44303
1.44303
1.44303
1.44303
1.44303
1.44303
1.44303
1.44303
1.44303
1.44303
1.44303
1.44303
1.44303
1.44303
1.44303
1.44303
1.44303
1.44303
1.44303
1.44303
1.44303
1.44303
1.44303
1.44303
1.44303
1.44303
1.44303
1.44303
1.44303
1.44303
1.44303
1.44303
1.44303
1.44303
1.44303
1.44303
1.44303
1.44303
1.44303
1.44303
1.44303
1.44303
1.44303
1.44303
1.44303
1.44303
1.44303
1.44303
1.44303
1.44303
1.44303
1.44303
1.44303
1.44303
1.44303
1.44303
1.44303
1.44303
1.44303
1.44303
1.44303
1.44303
1.44303
1.44303
1.44303
1.44303
1.44303
1.44303
1.44303
1.44303
1.44303
1.44303
1.44303
1.44303
1.44303
1.44303
1.44303
1.44303
1.44303
1.44303
1.44303
1.44303
1.44303
1.44303
1.44303
1.44303
1.44303
1.44303
1.44303
1.44303
1.44303
1.44303
1.44303
1.44303
1.44303
1.44303
1.44303
1.44303
1.44303
1.44303
1.44303
1.44303
1.44303
1.44303
1.44303
1.44303
1.44303
1.44303
1.44303
1.44303
1.44303
1.44303
1.44303
1.44214
1.44214
1.44214
1.44214
1.44214
1.44214
1.44214
1.44214
1.44214
1.44214
1.44214
1.44214
1.44214
1.44214
1.44214
1.43167
1.43167
1.43101
1.42223
1.42223
1.42194
1.42157
1.42157
1.42157
1.42157
1.42157
1.42157
1.42157
1.42157
1.42157
1.42157
1.42157
1.42157
1.42157
1.42157
1.42157
1.42157
1.42157
1.42157
1.42157
1.42157
1.42157
1.42034
1.42034
1.42034
1.42034
1.42034
1.42034
1.42034
1.42034
1.42034
1.42034
1.42034
1.42034
1.42034
1.42034
1.42034
1.42034
1.42034
1.42034
1.42034
1.42034
1.42034
1.42034
1.42034
1.42034
1.42034
1.42034
1.42034
1.42034
1.42034
1.42034
1.42034
1.42034
1.42034
1.42034
1.42034
1.42034
1.42034
1.42034
1.42034
1.42034
1.42034
1.42034
1.42034
1.42034
1.42034
1.42034
1.42034
1.42034
1.42034
1.42034
1.42034
1.42034
1.42034
1.42034
1.42034
1.42034
1.42034
1.42034
1.42034
1.42034
1.42034
1.42034
1.42034
1.42034
1.42034
1.42034
1.42034
1.42034
1.42034
1.42034
1.42034
1.42034
1.42034
1.42034
1.42034
1.42034
1.42034
1.42034
1.42034
1.41831
1.41736
1.41736
1.41736
1.41736
1.41736
1.41736
1.41736
1.41578
1.41578
1.41578
1.41578
1.41578
1.41578
1.41578
1.41578
1.41578
1.41578
1.41578
1.41578
1.41578
1.41578
1.41578
1.41578
1.41578
1.41578
1.41578
1.41578
1.41578
1.41578
1.41578
1.41578
1.41578
1.41578
1.41578
1.41578
1.41578
1.41578
1.41578
1.41578
1.41578
1.41578
1.41578
1.41578
1.41578
1.41578
1.41578
1.41578
1.41578
1.41578
1.41578
1.41578
1.41578
1.41578
1.41578
1.41578
1.41578
1.41578
1.41578
1.41578
1.41578
1.41578
1.41578
1.41578
1.41578
1.41578
1.41578
1.41578
1.41578
1.41578
1.41578
1.41578
1.41578
1.41578
1.41578
1.41578
1.41578
1.41578
1.41578
1.41578
1.41578
1.41578
1.41578
1.41578
1.41578
1.41578
1.41578
1.41578
1.41578
1.41578
1.41578
1.41578
1.41578
1.41578
1.41578
1.41578
1.41578
1.41578
1.41578
1.41578
1.41578
1.41578
1.41578
1.41578
1.41578
1.41578
1.41578
1.41578
1.41578
1.41578
1.41578
1.41578
1.41578
1.41578
1.41578
1.41578
1.41578
1.41578
1.41578
1.41578
1.41578
1.41578
1.41578
1.41578
1.41578
1.41578
1.41578
1.41578
1.41578
1.41578
1.41578
1.41578
1.41578
1.41578
1.41578
1.41578
1.41578
1.41578
1.41578
1.41578
1.41578
1.41578
1.41578
1.41578
1.41578
1.41578
1.41578
1.41578
1.41578
1.41578
1.41578
1.41578
1.41578
1.41578
1.41578
1.41578
1.41578
1.41578
1.41578
1.41578
1.41578
1.41578
1.41578
1.41578
1.41578
1.41578
1.41578
1.41578
1.41578
1.41578
1.41578
1.41578
1.41578
1.41578
1.41578
1.41578
1.41578
1.41578
1.41578
1.41578
1.41578
1.41578
1.41578
1.41578
1.41578
1.41578
1.41578
1.41578
1.41578
1.41578
1.41578
1.41578
1.41578
1.41578
1.41578
1.41578
1.41578
1.41578
1.41578
1.41578
1.41578
1.41578
1.41578
1.41578
1.41578
1.41578
1.41578
1.41578
1.41578
1.41578
1.41578
1.41578
1.41578
1.41578
1.41578
1.41578
1.41578
1.41578
1.41578
1.41578
1.41578
1.41578
1.41578
1.41578
1.41578
1.41578
1.41578
1.41578
1.41578
1.41578
1.41578
1.41578
1.41578
1.41578
1.41578
1.41578
1.41578
1.41578
1.41578
1.41578
1.41578
1.41578
1.41578
1.41578
1.41578
1.41578
1.41578
1.41578
1.41578
1.41578
1.41578
1.41578
1.41578
1.41578
1.41578
1.41578
1.41578
1.41578
1.41578
1.41578
1.41578
1.41578
1.41578
1.41578
1.41578
1.41578
1.41578
1.41578
1.41578
1.41578
1.41578
1.41578
1.41578
1.41578
1.41578
1.41578
1.41578
1.41578
1.41578
1.41578
1.41578
1.41578
1.41578
1.41578
1.41578
1.41578
1.41578
1.41578
1.41578
1.41578
1.41578
1.41578
1.41578
1.41578
1.41578
1.41578
1.41578
1.41578
1.41578
1.41578
1.41578
1.41578
1.41578
1.41578
1.41578
1.41578
1.41578
1.41578
1.41578
1.41578
1.41578
1.41578
1.41578
1.41578
1.41578
1.41578
1.41578
1.41578
1.41578
1.41578
1.41578
1.41578
1.41578
1.41578
1.41578
1.41578
1.41578
1.41578
1.41578
1.41578
1.41578
1.41578
1.41578
1.41578
1.41578
1.41578
1.41578
1.41578
1.41578
1.41578
1.41578
1.41578
1.41578
1.41578
1.41578
1.41578
1.41578
1.41578
1.41578
1.41578
1.41578
1.41578
1.41578
1.41578
1.41578
1.41578
1.41578
1.41578
1.41578
1.41578
1.41578
1.41578
1.41578
1.41578
1.41578
1.41578
1.41578
1.41578
1.41578
1.41578
1.41578
1.41578
1.41578
1.41578
1.41578
1.41578
1.41578
1.41578
1.41578
1.41578
1.41578
1.41578
1.41578
1.41578
1.41578
1.41578
1.41578
1.41578
1.41578
1.41578
1.41578
1.41578
1.41578
1.41578
1.41578
1.41578
1.41578
1.41578
1.41578
1.41578
1.41578
1.41578
1.41578
1.41578
1.41578
1.41578
1.41578
1.41578
1.41578
1.41578
1.41578
1.41578
1.41578
1.41578
1.41578
1.41578
1.41578
1.41578
1.41578
1.41578
1.41578
1.41578
1.41578
1.41578
1.41578
1.41578
1.41578
1.41578
1.41578
1.41578
1.41578
1.41578
1.41578
1.41578
1.41578
1.41578
1.41578
1.41578
1.41578
1.41578
1.41578
1.41578
1.41578
1.41578
1.41578
1.41578
1.41578
1.41578
1.41578
1.41578
1.41578
1.41578
1.41578
1.41578
1.41578
1.41578
1.41578
1.41578
1.41578
1.41578
1.41578
1.41578
1.41578
1.41578
1.41578
1.41578
1.41578
1.41578
1.41578
1.41578
1.41578
1.41578
1.41578
1.41578
1.41578
1.41578
1.41578
1.41578
1.41578
1.41578
1.41578
1.41578
1.41578
1.41578
1.41578
1.41578
1.41578
1.41578
1.41578
1.41578
1.41578
1.41578
1.41578
1.41578
1.41578
1.41578
1.41578
1.41578
1.41578
1.41578
1.41578
1.41578
1.41578
1.41578
1.41578
1.41578
1.41578
1.41578
1.41578
1.41578
1.41578
1.41578
1.41578
1.41578
1.41578
1.41578
1.41578
1.41578
1.41578
1.41578
1.41578
1.41578
1.41578
1.41578
1.41578
1.41578
1.41578
1.41578
1.41578
1.41578
1.41578
1.41578
1.41578
1.41578
1.41578
1.41578
1.41578
1.41578
1.41578
1.41578
1.41578
1.41578
1.41578
1.41578
1.41578
1.41578
1.41578
1.41578
1.41578
1.41578
1.41578
1.41578
1.41578
1.41578
1.41578
1.41578
1.41578
1.41578
1.41578
1.41578
1.41578
1.41578
1.41578
1.41578
1.41578
1.41578
1.41578
1.41578
1.41578
1.41578
1.41578
1.41578
1.41578
1.41578
1.41578
1.41578
1.41578
1.41578
1.41578
1.41578
1.41578
1.41578
1.41578
1.41578
1.41578
1.41578
1.41578
1.41578
1.41578
1.41578
1.41578
1.41578
1.41578
1.41578
1.41578
1.41578
1.41578
1.41578
1.41578
1.41578
1.41578
1.41578
1.41578
1.41578
1.41578
1.41578
1.41578
1.41578
1.41578
1.41578
1.41578
1.41578
1.41578
1.41578
1.41578
1.41578
1.41578
1.41578
1.41578
1.41578
1.41578
1.41578
1.41578
1.41578
1.41578
1.41578
1.41578
1.41578
1.41578
1.41578
1.41578
1.41578
1.41578
1.41578
1.41578
1.41578
1.41578
1.41578
1.41578
1.41578
1.41578
1.41578
1.41578
1.41578
1.41578
1.41578
1.41578
1.41578
1.41578
1.41578
1.41578
1.41578
1.41578
1.41578
1.41578
1.41578
1.41578
1.41578
1.41578
1.41578
1.41578
1.41578
1.41578
1.41578
1.41578
1.41578
1.41578
1.41578
1.41578
1.41578
1.41578
1.41578
1.41578
1.41578
1.41578
1.41578
1.41578
1.41578
1.41578
1.41578
1.41578
1.41578
1.41578
1.41578
1.41578
1.41578
1.41578
1.41578
1.41578
1.41578
1.41578
1.41578
1.41578
1.41578
1.41578
1.41578
1.41578
1.41578
1.41578
1.41578
1.41578
1.41578
1.41578
1.41578
1.41578
1.41578
1.41578
1.41578
1.41578
1.41578
1.41578
1.41578
1.41578
1.41578
1.41578
1.41578
1.41578
1.41578
1.41578
1.41578
1.41578
1.41578
1.41578
1.41578
1.41578
1.41578
1.41578
1.41578
1.41578
1.41578
1.41578
1.41578
1.41578
1.41578
1.41578
1.41578
1.41578
1.41578
1.41578
1.41578
1.41578
1.41578
1.41578
1.41578
1.41578
1.41578
1.41578
1.41578
1.41578
1.41578
1.41578
1.41578
1.41578
1.41578
1.41578
1.41578
1.41578
1.41578
1.41578
1.41578
1.41578
1.41578
1.41578
1.41578
1.41578
1.41578
1.41578
1.41578
1.41578
1.41578
1.41578
1.41578
1.41578
1.41578
1.41578
1.41578
1.41578
1.41578
1.41578
1.41578
1.41578
1.41578
1.41578
1.41578
1.41578
1.41578
1.41578
1.41578
1.41578
1.41578
1.41578
1.41578
1.41578
1.41578
1.41578
1.41578
1.41578
1.41578
1.41578
1.41578
1.41578
1.41578
1.41578
1.41578
1.41142
1.41142
1.41142
1.41142
1.41142
1.41142
1.4105
1.4105
1.4105
1.4105
1.4105
1.4105
1.4105
1.4105
1.4105
1.4105
1.4105
1.4105
1.4105
1.4105
1.4105
1.4105
1.4105
1.4105
1.4105
1.4105
1.4105
1.4105
1.4105
1.4105
1.4105
1.4105
1.4105
1.4105
1.4105
1.4105
1.4105
1.4105
1.4105
1.4105
1.4105
1.4105
1.4105
1.4105
1.4105
1.4105
1.4105
1.4105
1.4105
1.4105
1.4105
1.4105
1.4105
1.4105
1.4105
1.4105
1.4105
1.4105
1.4105
1.4105
1.4105
1.4105
1.4105
1.4105
1.4105
1.4105
1.4105
1.4105
1.4105
1.4105
1.4105
1.4105
1.4105
1.4105
1.4105
1.4105
1.4105
1.4105
1.4105
1.4105
1.4105
1.4105
1.4105
1.4105
1.4105
1.4105
1.4105
1.4105
1.4105
1.4105
1.4105
1.4105
1.4105
1.4105
1.4105
1.4105
1.4105
1.4105
1.4105
1.4105
1.4105
1.4105
1.4105
1.4105
1.4105
1.4105
1.4105
1.4105
1.4105
1.4105
1.4105
1.4105
1.4105
1.4105
1.4105
1.4105
1.4105
1.4105
1.4105
1.4105
1.4105
1.4105
1.4105
1.4105
1.4105
1.4105
1.4105
1.4105
1.4105
1.4105
1.4105
1.4105
1.4105
1.4105
1.4105
1.4105
1.4105
1.4105
1.4105
1.4105
1.4105
1.4105
1.4105
1.4105
1.4105
1.4105
1.4105
1.4105
1.4105
1.4105
1.4105
1.4105
1.4105
1.4105
1.4105
1.4105
1.4105
1.4105
1.4105
1.4105
1.4105
1.4105
1.4105
1.4105
1.4105
1.4105
1.4105
1.4105
1.4105
1.4105
1.4105
1.4105
1.4105
1.4105
1.4105
1.4105
1.4105
1.4105
1.4105
1.4105
1.4105
1.4105
1.4105
1.4105
1.4105
1.4105
1.4105
1.4105
1.4105
1.4105
1.4105
1.4105
1.4105
1.4105
1.4105
1.4105
1.4105
1.4105
1.4105
1.4105
1.4105
1.4105
1.4105
1.4105
1.4105
1.4105
1.4105
1.4105
1.4105
1.4105
1.4105
1.4105
1.4105
1.4105
1.4105
1.4105
1.4105
1.4105
1.4105
1.4105
1.4105
1.4105
1.4105
1.4105
1.4105
1.4105
1.4105
1.4105
1.4105
1.4105
1.4105
1.4105
1.4105
1.4105
1.4105
1.4105
1.4105
1.4105
1.4105
1.4105
1.4105
1.4105
1.4105
1.4105
1.4105
1.4105
1.4105
1.4105
1.4105
1.4105
1.4105
1.4105
1.4105
1.4105
1.4105
1.4105
1.4105
1.4105
1.4105
1.4105
1.4105
1.4105
1.4105
1.4105
1.4105
1.4105
1.4105
1.4105
1.4105
1.4105
1.4105
1.4105
1.4105
1.4105
1.4105
1.4105
1.4105
1.4105
1.4105
1.4105
1.4105
1.4105
1.4105
1.4105
1.4105
1.4105
1.4105
1.4105
1.4105
1.4105
1.4105
1.4105
1.4105
1.4105
1.4105
1.4105
1.4105
1.4105
1.4105
1.4105
1.4105
1.4105
1.4105
1.4105
1.4105
1.4105
1.4105
1.4105
1.4105
1.4105
1.4105
1.4105
1.4105
1.4105
1.4105
1.4105
1.4105
1.4105
1.4105
1.4105
1.4105
1.4105
1.4105
1.4105
1.4105
1.4105
1.4105
1.4105
1.4105
1.4105
1.4105
1.4105
1.4105
1.4105
1.4105
1.4105
1.4105
1.4105
1.4105
1.4105
1.4105
1.4105
1.4105
1.4105
1.4105
1.4105
1.4105
1.4105
1.4105
1.4105
1.4105
1.4105
1.4105
1.4105
1.4105
1.4105
1.4105
1.4105
1.4105
1.4105
1.4105
1.4105
1.4105
1.4105
1.4105
1.4105
1.4105
1.4105
1.4105
1.4105
1.4105
1.4105
1.4105
1.4105
1.4105
1.4105
1.4105
1.4105
1.4105
1.4105
1.4105
1.4105
1.4105
1.4105
1.4105
1.4105
1.4105
1.4105
1.4105
1.4105
1.4105
1.4105
1.4105
1.4105
1.4105
1.4105
1.4105
1.4105
1.4105
1.4105
1.4105
1.4105
1.4105
1.4105
1.4105
1.4105
1.4105
1.4105
1.4105
1.4105
1.4105
1.4105
1.4105
1.4105
1.4105
1.4105
1.4105
1.4105
1.4105
1.4105
1.4105
1.4105
1.4105
1.4105
1.4105
1.4105
1.4105
1.4105
1.4105
1.4105
1.4105
1.4105
1.4105
1.4105
1.4105
1.40963
1.40963
1.40963
1.40963
1.40963
1.40963
1.40963
1.40963
1.40684
1.40684
1.40684
1.40684
1.40684
1.40684
1.40684
1.40684
1.40684
1.40684
1.40684
1.40684
1.40684
1.40684
1.40684
1.40684
1.40684
1.40684
1.40684
1.40684
1.40684
1.40684
1.40684
1.40684
1.40684
1.40684
1.40684
1.40684
1.40684
1.40684
1.40684
1.40684
1.40684
1.40684
1.40684
1.40684
1.40684
1.40684
1.40684
1.40684
1.40684
1.40684
1.40684
1.40684
1.40684
1.40684
1.40684
1.40684
1.40684
1.40684
1.40684
1.40684
1.40684
1.40684
1.40684
1.40684
1.40684
1.40684
1.40684
1.40684
1.40684
1.40684
1.40684
1.40684
1.40684
1.40684
1.40684
1.40684
1.40684
1.40684
1.40684
1.40684
1.40684
1.40684
1.40684
1.40684
1.40684
1.40684
1.40684
1.40684
1.40684
1.40684
1.40684
1.40684
1.40684
1.40684
1.40684
1.40684
1.40684
1.40684
1.40684
1.40684
1.40684
1.40684
1.40684
1.40684
1.40684
1.40684
1.40684
1.40684
1.40684
1.40684
1.40684
1.40684
1.40684
1.40684
1.40684
1.40684
1.40684
1.40684
1.40684
1.40684
1.40684
1.40684
1.40684
1.40684
1.40684
1.40684
1.40684
1.40684
1.40684
1.40684
1.40684
1.40684
1.40684
1.40684
1.40684
1.40684
1.40684
1.40684
1.40684
1.40684
1.40684
1.40684
1.40684
1.40684
1.40684
1.40684
1.40684
1.40684
1.40684
1.40684
1.40684
1.40684
1.40684
1.40684
1.40684
1.40684
1.40684
1.40684
1.40684
1.40684
1.40684
1.40684
1.40684
1.40684
1.40684
1.40684
1.40684
1.40684
1.40684
1.40684
1.40684
1.40684
1.40684
1.40684
1.40684
1.40684
1.40684
1.40684
1.40684
1.40684
1.40684
1.40684
1.40684
1.40684
1.40684
1.40684
1.40684
1.40684
1.40684
1.40684
1.40684
1.40684
1.40684
1.40684
1.40684
1.40684
1.40684
1.40684
1.40684
1.40684
1.40684
1.40684
1.40684
1.40684
1.40684
1.40684
1.40684
1.40684
1.40684
1.40684
1.40684
1.40684
1.40684
1.40684
1.40684
1.40684
1.40684
1.40684
1.40684
1.40684
1.40684
1.40684
1.40684
1.40684
1.40684
1.40684
1.40684
1.40684
1.40684
1.40684
1.40684
1.40684
1.40684
1.40684
1.40684
1.40684
1.40684
1.40684
1.40684
1.40684
1.40684
1.40684
1.40684
1.40684
1.40684
1.40684
1.40684
1.40684
1.40684
1.40684
1.40684
1.40684
1.40684
1.40684
1.40684
1.40684
1.40684
1.40684
1.40684
1.40684
1.40684
1.40684
1.40684
1.40684
1.40684
1.40684
1.40684
1.40684
1.40684
1.40684
1.40684
1.40684
1.40684
1.40684
1.40684
1.40684
1.40684
1.40684
1.40684
1.40684
1.40684
1.40684
1.40684
1.40684
1.40684
1.40684
1.40684
1.40684
1.40684
1.40684
1.40684
1.40684
1.40684
1.40684
1.40684
1.40684
1.40684
1.40684
1.40684
1.40684
1.40684
1.40684
1.40684
1.40684
1.40684
1.40684
1.40684
1.40684
1.40684
1.40684
1.40684
1.40684
1.40684
1.40684
1.40684
1.40684
1.40684
1.40684
1.40684
1.40684
1.40684
1.40684
1.40684
1.40684
1.40684
1.40684
1.40684
1.40684
1.40684
1.40684
1.40684
1.40684
1.40684
1.40684
1.40684
1.40684
1.40684
1.40684
1.40684
1.40684
1.40684
1.40684
1.40684
1.40684
1.40684
1.40684
1.40684
1.40684
1.40684
1.40684
1.40684
1.40684
1.40684
1.40684
1.40684
1.40684
1.40684
1.40684
1.40684
1.40684
1.40684
1.40684
1.40684
1.40684
1.40684
1.40684
1.40684
1.40684
1.40684
1.40684
1.40684
1.40684
1.40684
1.40684
1.40684
1.40684
1.40684
1.40684
1.40684
1.40684
1.40684
1.40684
1.40684
1.40684
1.40684
1.40684
1.40684
1.40684
1.40684
1.40684
1.40684
1.40684
1.40678
1.40678
1.40678
1.40678
1.40678
1.40678
1.40678
1.40678
1.40678
1.40678
1.40678
1.40678
1.40678
1.40678
1.40678
1.40678
1.40012
1.40012
1.40012
1.40012
1.40012
1.40012
1.40012
1.40012
1.40012
1.40012
1.40012
1.40012
1.40012
1.40012
1.40012
1.40012
1.40012
1.40012
1.40012
1.40012
1.40012
1.40012
1.40012
1.40012
1.40012
1.40012
1.40012
1.40012
1.40012
1.40012
1.40012
1.40012
1.40012
1.40012
1.40012
1.40012
1.40012
1.40012
1.40012
1.40012
1.40012
1.40012
1.40012
1.40012
1.40012
1.40012
1.40012
1.40012
1.40012
1.40012
1.40012
1.40012
1.40012
1.40012
1.40012
1.40012
1.40012
1.40012
1.40012
1.40012
1.40012
1.40012
1.40012
1.40012
1.40012
1.40012
1.40012
1.40012
1.40012
1.40012
1.40012
1.40012
1.40012
1.40012
1.40012
1.40012
1.40012
1.40012
1.40012
1.40012
1.40012
1.40012
1.40012
1.40012
1.40012
1.40012
1.40012
1.40012
1.40012
1.40012
1.40012
1.40012
1.40012
1.40012
1.40012
1.40012
1.40012
1.40012
1.40012
1.40012
1.40012
1.40012
1.40012
1.40012
1.40012
1.40012
1.40012
1.40012
1.40012
1.40012
1.40012
1.40012
1.40012
1.40012
1.40012
1.40012
1.40012
1.40012
1.40012
1.40012
1.40012
1.40012
1.40012
1.40012
1.40012
1.40012
1.40012
1.40012
1.40012
1.40012
1.40012
1.40012
1.40012
1.40012
1.40012
1.40012
1.40012
1.40012
1.40012
1.40012
1.40012
1.40012
1.40012
1.40012
1.40012
1.40012
1.40012
1.40012
1.40012
1.40012
1.40012
1.40012
1.40012
1.40012
1.40012
1.40012
1.40012
1.40012
1.40012
1.40012
1.40012
1.40012
1.40012
1.40012
1.40012
1.40012
1.40012
1.40012
1.40012
1.40012
1.40012
1.40012
1.40012
1.40012
1.40012
1.40012
1.40012
1.40012
1.40012
1.40012
1.40012
1.40012
1.39405
1.39405
1.39405
1.39405
1.39405
1.39405
1.39405
1.39405
1.39405
1.39405
1.39405
1.39405
1.39405
1.39405
1.39405
1.39405
1.39405
1.39405
1.39405
1.39405
1.39405
1.39405
1.39405
1.39405
1.39405
1.39405
1.39405
1.39405
1.39405
1.39405
1.39405
1.39405
1.39405
1.39405
1.39405
1.39405
1.39405
1.39334
1.39168
1.39168
1.39168
1.39168
1.39168
1.39168
1.39168
1.39168
1.39168
1.39168
1.39168
1.39168
1.39168
1.39001
1.38727
1.38727
1.38727
1.38727
1.38727
1.38727
1.38727
1.38727
1.38727
1.38727
1.38727
1.38727
1.38727
1.38727
1.38727
1.38727
1.38727
1.38727
1.38727
1.38727
1.38727
1.38727
1.38727
1.38727
1.38727
1.38727
1.38727
1.38727
1.38727
1.38727
1.38727
1.38727
1.38727
1.38727
1.38727
1.38727
1.38727
1.38727
1.38727
1.38727
1.38727
1.38727
1.38727
1.38727
1.38727
1.38727
1.38727
1.38727
1.38727
1.38727
1.38727
1.38727
1.38727
1.38727
1.38727
1.38727
1.38727
1.38727
1.38727
1.38727
1.38727
1.38727
1.38727
1.38727
1.38727
1.38727
1.38727
1.38727
1.38727
1.38727
1.38727
1.38727
1.38727
1.38727
1.38727
1.38727
1.38727
1.38727
1.38727
1.38727
1.38727
1.38727
1.38727
1.38727
1.38727
1.38727
1.38727
1.38727
1.38727
1.38727
1.38727
1.38727
1.38727
1.38727
1.38727
1.38727
1.38727
1.38727
1.38727
1.38727
1.38727
1.38727
1.38727
1.38727
1.38727
1.38727
1.38727
1.38727
1.38727
1.38727
1.38727
1.38727
1.38727
1.38727
1.38727
1.38727
1.38727
1.38727
1.38727
1.38727
1.38727
1.38727
1.38727
1.38727
1.38727
1.38727
1.38727
1.38727
1.38727
1.38727
1.38727
1.38727
1.38727
1.38727
1.38727
1.38727
1.38727
1.38727
1.38727
1.38727
1.38727
1.38727
1.38727
1.38727
1.38727
1.38727
1.38727
1.38727
1.38727
1.38727
1.38727
1.38727
1.38727
1.38727
1.38727
1.38727
1.38727
1.38727
1.38727
1.38727
1.38727
1.38727
1.38727
1.38727
1.38727
1.38727
1.38727
1.38727
1.38727
1.38727
1.38727
1.38727
1.38727
1.38727
1.38727
1.38727
1.38727
1.38727
1.38727
1.38727
1.38727
1.38727
1.38727
1.38727
1.38727
1.38727
1.38727
1.38727
1.38727
1.38727
1.38727
1.38727
1.38727
1.38727
1.38727
1.38727
1.38727
1.38727
1.38727
1.38727
1.38727
1.38727
1.38727
1.38727
1.38727
1.38727
1.38727
1.38727
1.38727
1.38727
1.38727
1.38727
1.38727
1.38727
1.38727
1.38727
1.38727
1.38727
1.38727
1.38727
1.38727
1.38727
1.38727
1.38727
1.38727
1.38727
1.38727
1.38727
1.38727
1.38727
1.38727
1.38727
1.38727
1.38727
1.38727
1.38727
1.38727
1.38727
1.38727
1.38727
1.38727
1.38727
1.38727
1.38727
1.38727
1.38727
1.38727
1.38727
1.38727
1.38727
1.38727
1.38727
1.38727
1.38727
1.38727
1.38727
1.38727
1.38727
1.38727
1.38727
1.38727
1.38727
1.38727
1.38727
1.38727
1.38727
1.38727
1.38727
1.38727
1.38727
1.38727
1.38727
1.38727
1.38727
1.38727
1.38727
1.38727
1.38727
1.38727
1.38727
1.38727
1.38727
1.38727
1.38727
1.38727
1.38727
1.38727
1.38727
1.38727
1.38727
1.38727
1.38727
1.38727
1.38727
1.38727
1.38727
1.38727
1.38727
1.38727
1.38727
1.38727
1.38727
1.38727
1.38727
1.38727
1.38727
1.38727
1.38727
1.38727
1.38727
1.38727
1.38727
1.38727
1.38727
1.38727
1.38727
1.38727
1.38727
1.38727
1.38727
1.38727
1.38727
1.38727
1.38727
1.38727
1.38727
1.38727
1.38727
1.38727
1.38727
1.38727
1.38727
1.38727
1.38727
1.38727
1.38727
1.38727
1.38727
1.38727
1.38727
1.38727
1.38727
1.38727
1.38727
1.38727
1.38727
1.38727
1.38727
1.38727
1.38727
1.38727
1.38727
1.38727
1.38727
1.38727
1.38727
1.38727
1.38727
1.38727
1.38727
1.38727
1.38727
1.38727
1.38727
1.38727
1.38727
1.38727
1.38727
1.38727
1.38727
1.38727
1.38727
1.38727
1.38727
1.38727
1.38727
1.38727
1.38727
1.38727
1.38727
1.38727
1.38727
1.38727
1.38727
1.38727
1.38727
1.38727
1.38727
1.38727
1.38727
1.38727
1.38727
1.38727
1.38727
1.38727
1.38727
1.38727
1.38727
1.38727
1.38727
1.38727
1.38727
1.38727
1.38727
1.38727
1.38727
1.38727
1.38727
1.38727
1.38727
1.38727
1.38727
1.38727
1.38727
1.38727
1.38727
1.38727
1.38727
1.38727
1.38727
1.38727
1.38727
1.38727
1.38727
1.38727
1.38727
1.38727
1.38727
1.38727
1.38727
1.38727
1.38727
1.38727
1.38727
1.38727
1.38727
1.38727
1.38727
1.38727
1.38727
1.38727
1.38727
1.38727
1.38727
1.38727
1.38727
1.38727
1.38727
1.38727
1.38727
1.38727
1.38727
1.38727
1.38727
1.38727
1.38727
1.38727
1.38727
1.38727
1.38727
1.38727
1.38727
1.38727
1.38727
1.38727
1.38727
1.38727
1.38727
1.38727
1.38727
1.38727
1.38727
1.38727
1.38727
1.38727
1.38727
1.38727
1.38727
1.38727
1.38727
1.38727
1.38727
1.38727
1.38727
1.38727
1.38727
1.38727
1.38727
1.38727
1.38727
1.38727
1.38727
1.38727
1.38727
1.38727
1.38727
1.38727
1.38727
1.38727
1.38727
1.38727
1.38727
1.38727
1.38727
1.38727
1.38727
1.38727
1.38727
1.38727
1.38727
1.38727
1.38727
1.38727
1.38727
1.38727
1.38727
1.38727
1.38727
1.38727
1.38727
1.38727
1.38727
1.38727
1.38727
1.37482
1.37482
1.36984
1.36984
1.36984
1.36984
1.36984
1.36984
1.36984
1.36984
1.36984
1.36984
1.36984
1.36984
1.36984
1.36984
1.36984
1.36984
1.36984
1.36984
1.36984
1.36984
1.36984
1.36984
1.36984
1.36984
1.36984
1.36984
1.36984
1.36984
1.36984
1.36984
1.36669
1.36669
1.36669
1.36669
1.36669
1.36669
1.36669
1.36669
1.36669
1.36669
1.36458
1.36458
1.36458
1.36458
1.36458
1.36458
1.36458
1.36458
1.36458
1.36458
1.36458
1.36458
1.36458
1.36458
1.36458
1.36458
1.36458
1.36458
1.36458
1.36458
1.36458
1.36458
1.36458
1.36458
1.36458
1.36458
1.36458
1.36458
1.36458
1.36458
1.36458
1.36458
1.36458
1.36458
1.36458
1.36458
1.36458
1.36458
1.36458
1.36458
1.36458
1.36458
1.36458
1.36458
1.36458
1.36458
1.36458
1.36458
1.36458
1.36458
1.36458
1.36458
1.36458
1.36458
1.36458
1.36458
1.36458
1.36458
1.36458
1.36458
1.36458
1.36458
1.36458
1.36458
1.36458
1.36458
1.36458
1.36458
1.36458
1.36458
1.36458
1.36458
1.36458
1.36458
1.36458
1.36458
1.36458
1.36458
1.36458
1.36458
1.36458
1.36458
1.36458
1.36458
1.36458
1.36458
1.36458
1.36458
1.36458
1.36458
1.36458
1.36458
1.36458
1.36458
1.36458
1.36458
1.36458
1.36458
1.36458
1.36458
1.36458
1.36458
1.36458
1.36458
1.36458
1.36458
1.36458
1.36458
1.36458
1.36458
1.36458
1.36458
1.36458
1.36458
1.36458
1.36458
1.36458
1.36458
1.36458
1.36458
1.36458
1.36458
1.36458
1.36458
1.36458
1.36458
1.36458
1.36458
1.36458
1.36458
1.36458
1.36458
1.36458
1.36458
1.36458
1.36458
1.36458
1.36458
1.36458
1.36458
1.36458
1.36458
1.36458
1.36458
1.36458
1.36458
1.36458
1.36458
1.36458
1.36458
1.36458
1.36458
1.36458
1.36458
1.36458
1.36458
1.36458
1.36458
1.36458
1.36458
1.36458
1.36458
1.36458
1.36458
1.36458
1.36458
1.36458
1.36458
1.36458
1.36458
1.36458
1.36458
1.36458
1.36458
1.36458
1.36458
1.36458
1.36458
1.36458
1.36458
1.36458
1.36458
1.36458
1.36458
1.36458
1.36458
1.36458
1.36458
1.36458
1.36458
1.36458
1.36458
1.36458
1.36458
1.36458
1.36458
1.36458
1.36458
1.36458
1.36458
1.36458
1.36458
1.36458
1.36458
1.36458
1.36458
1.36458
1.36458
1.36458
1.36458
1.36458
1.36458
1.36458
1.36458
1.36458
1.36458
1.36458
1.36458
1.36458
1.36458
1.36458
1.36458
1.36458
1.36458
1.36458
1.36458
1.36458
1.36458
1.36458
1.36458
1.36458
1.36458
1.36458
1.36458
1.36458
1.36458
1.36458
1.36458
1.36458
1.36458
1.36458
1.36458
1.36458
1.36458
1.36458
1.36458
1.36458
1.36458
1.36458
1.36458
1.36458
1.36458
1.36458
1.36458
1.36458
1.36458
1.36458
1.36458
1.36458
1.36458
1.36458
1.36458
1.36458
1.36458
1.36458
1.36458
1.36458
1.36458
1.36458
1.36458
1.36458
1.36458
1.36458
1.36458
1.36458
1.36458
1.36458
1.36458
1.36458
1.36458
1.36458
1.36458
1.36458
1.36458
1.36458
1.36458
1.36458
1.36458
1.36458
1.36458
1.36458
1.36458
1.36458
1.36458
1.36458
1.36458
1.36458
1.36458
1.36458
1.36458
1.36458
1.36458
1.36458
1.36458
1.36458
1.36458
1.36458
1.36458
1.36458
1.36458
1.36458
1.36458
1.36458
1.36458
1.36458
1.36458
1.36458
1.36458
1.36458
1.36458
1.36458
1.36458
1.36458
1.36458
1.36458
1.36458
1.36349
1.36349
1.36349
1.36349
1.36349
1.36349
1.36349
1.36349
1.36349
1.36349
1.36349
1.35672
1.35181
1.35181
1.35181
1.35181
1.35181
1.35181
1.35181
1.35181
1.35181
1.35181
1.35181
1.35131
1.35131
1.35131
1.35131
1.35131
1.35131
1.35131
1.35131
1.35131
1.35131
1.35131
1.35131
1.35131
1.35131
1.35131
1.35131
1.35072
1.35072
1.35072
1.35072
1.35072
1.35072
1.35072
1.35072
1.35072
1.35072
1.35072
1.3501
1.3501
1.34973
1.34973
1.34973
1.34973
1.34973
1.34973
1.34477
1.34477
1.34477
1.34477
1.34477
1.34477
1.34477
1.34477
1.34477
1.34477
1.34477
1.34477
1.34477
1.34477
1.34477
1.34477
1.34477
1.34477
1.34477
1.34383
1.34383
1.33698
1.33698
1.33698
1.33603
1.33603
1.33603
1.33603
1.33603
1.33603
1.33603
1.33603
1.33603
1.33603
1.33603
1.33603
1.33603
1.33603
1.33603
1.33603
1.33603
1.33603
1.33603
1.33603
1.33603
1.33603
1.33603
1.33603
1.33603
1.33603
1.33603
1.33603
1.33603
1.33603
1.33603
1.33603
1.33603
1.33603
1.33603
1.33603
1.33603
1.33603
1.33603
1.33603
1.33603
1.33603
1.33603
1.33603
1.33603
1.33603
1.33603
1.33603
1.33454
1.33454
1.33454
1.33454
1.33454
1.33454
1.33454
1.33454
1.33454
1.33454
1.33454
1.33454
1.33454
1.33454
1.33454
1.33454
1.33454
1.33454
1.33454
1.33454
1.33454
1.33454
1.33454
1.33454
1.33454
1.33454
1.33454
1.33454
1.33454
1.33454
1.33454
1.33454
1.33454
1.33454
1.33454
1.33454
1.33454
1.33454
1.33454
1.33454
1.33454
1.33454
1.33454
1.33454
1.33454
1.33454
1.33454
1.33454
1.33454
1.33454
1.33454
1.33454
1.33454
1.33454
1.33454
1.33454
1.33454
1.33454
1.33454
1.33454
1.33454
1.33454
1.33454
1.33454
1.33454
1.33454
1.33454
1.33454
1.33454
1.33454
1.33454
1.33454
1.33454
1.33454
1.33454
1.33454
1.33454
1.33454
1.33454
1.33454
1.33454
1.33454
1.33454
1.33454
1.33454
1.33454
1.33454
1.33454
1.33454
1.33454
1.33454
1.33454
1.33454
1.33454
1.33454
1.33454
1.33454
1.33454
1.33454
1.33454
1.33454
1.33454
1.33454
1.33454
1.33454
1.33454
1.33454
1.33454
1.33454
1.33454
1.33454
1.33454
1.33454
1.33454
1.33454
1.33454
1.33454
1.33454
1.33454
1.33454
1.33454
1.33454
1.33454
1.33454
1.33454
1.33454
1.33454
1.33454
1.33454
1.33454
1.33454
1.33454
1.33454
1.33454
1.33454
1.33454
1.33454
1.33454
1.33454
1.33454
1.33454
1.33454
1.33454
1.33454
1.33454
1.33454
1.33454
1.33454
1.33454
1.33454
1.33454
1.33454
1.33454
1.33454
1.33454
1.33454
1.33454
1.33454
1.33454
1.33454
1.33454
1.33454
1.33454
1.33454
1.33454
1.33454
1.33454
1.33454
1.33454
1.33454
1.33454
1.33454
1.33454
1.33454
1.33454
1.33454
1.33454
1.33454
1.33454
1.33454
1.33454
1.33454
1.33454
1.33454
1.33454
1.33454
1.33454
1.33454
1.33454
1.33454
1.33454
1.33454
1.33454
1.33454
1.33454
1.33454
1.33454
1.33454
1.33454
1.33454
1.33454
1.33454
1.33454
1.33454
1.33454
1.33454
1.33454
1.33454
1.33454
1.33454
1.33454
1.33454
1.33454
1.33454
1.33454
1.33454
1.33454
1.33454
1.33454
1.33454
1.33454
1.33454
1.33454
1.33454
1.33454
1.33454
1.33454
1.33454
1.33454
1.33454
1.33454
1.33454
1.33454
1.33454
1.33454
1.33454
1.33454
1.33454
1.33454
1.33454
1.33454
1.33454
1.33454
1.33454
1.33454
1.33454
1.33454
1.33454
1.33454
1.33454
1.33454
1.33454
1.33454
1.33454
1.33454
1.33454
1.33454
1.33454
1.33454
1.33454
1.33454
1.33454
1.33454
1.33454
1.33454
1.33454
1.33454
1.33454
1.33454
1.33454
1.33454
1.33454
1.33454
1.33454
1.33454
1.33454
1.33454
1.33454
1.33454
1.33454
1.33454
1.33454
1.33454
1.33454
1.33454
1.33454
1.33454
1.33454
1.33454
1.33454
1.33454
1.33454
1.33454
1.33454
1.33454
1.33454
1.33454
1.33454
1.33454
1.33454
1.33454
1.33454
1.33454
1.33454
1.33454
1.33454
1.33454
1.33454
1.33454
1.33454
1.33454
1.33454
1.33454
1.33454
1.33454
1.33454
1.33454
1.33454
1.33454
1.33454
1.33288
1.33288
1.33288
1.33288
1.33288
1.33288
1.33288
1.33288
1.33288
1.33288
1.33288
1.33288
1.33288
1.33288
1.33288
1.33288
1.33288
1.33288
1.33288
1.33288
1.33288
1.33288
1.33288
1.33288
1.33288
1.33288
1.33288
1.33288
1.33288
1.33288
1.33288
1.33288
1.33288
1.33288
1.33288
1.33288
1.33288
1.33288
1.33288
1.33288
1.33288
1.33288
1.33288
1.33288
1.33288
1.33288
1.33288
1.33288
1.33288
1.33288
1.33288
1.33288
1.33288
1.33288
1.33288
1.33288
1.33288
1.33164
1.33164
1.33164
1.33164
1.33164
1.33164
1.33164
1.33164
1.33164
1.33164
1.33164
1.33164
1.33164
1.33164
1.33164
1.33164
1.33164
1.33164
1.33164
1.33164
1.33164
1.33164
1.33164
1.33164
1.33164
1.33164
1.33164
1.33164
1.33164
1.33164
1.33164
1.33164
1.33164
1.33164
1.33164
1.33164
1.33164
1.33164
1.33164
1.33164
1.33164
1.33164
1.33164
1.33164
1.33164
1.33164
1.33164
1.33164
1.33164
1.33164
1.33164
1.33164
1.33164
1.33164
1.33164
1.33164
1.33164
1.33164
1.33164
1.33164
1.33164
1.33164
1.33164
1.33164
1.33164
1.33164
1.33164
1.33164
1.33164
1.33164
1.33164
1.33164
1.33164
1.33164
1.33164
1.33164
1.33164
1.33164
1.33164
1.33164
1.33164
1.33164
1.33164
1.33164
1.33164
1.33164
1.33164
1.33164
1.33164
1.33164
1.33164
1.33164
1.33164
1.33164
1.33164
1.33164
1.33164
1.33164
1.33164
1.33164
1.33164
1.33164
1.33164
1.33164
1.33164
1.33164
1.33164
1.33164
1.33164
1.33164
1.33164
1.33164
1.33164
1.33164
1.33164
1.33164
1.33164
1.33164
1.33164
1.33164
1.33164
1.33164
1.33164
1.33164
1.33164
1.33164
1.33164
1.33164
1.33164
1.33164
1.33164
1.33164
1.33164
1.33164
1.33164
1.33164
1.33164
1.33164
1.33164
1.33164
1.33164
1.33164
1.33164
1.33164
1.33164
1.33164
1.33164
1.33164
1.33164
1.33164
1.33164
1.33164
1.33164
1.33164
1.33164
1.33164
1.33164
1.33164
1.33164
1.33164
1.33164
1.33164
1.33164
1.33164
1.33164
1.33164
1.33164
1.33164
1.33164
1.33164
1.33164
1.33164
1.33164
1.33164
1.33164
1.33164
1.33164
1.33164
1.33164
1.33164
1.33164
1.33164
1.33164
1.33164
1.33164
1.33164
1.33164
1.33164
1.33164
1.33164
1.33164
1.33164
1.33164
1.33164
1.33164
1.33164
1.33164
1.33164
1.33164
1.33164
1.33164
1.33164
1.33164
1.33164
1.33164
1.33164
1.33164
1.33164
1.33164
1.33164
1.33164
1.33164
1.33164
1.33164
1.33164
1.33164
1.33164
1.33164
1.33164
1.33164
1.33164
1.33164
1.33164
1.33164
1.33164
1.33164
1.33164
1.33164
1.33164
1.33164
1.33164
1.33164
1.33164
1.33164
1.33164
1.33164
1.33164
1.33164
1.33164
1.33164
1.33164
1.33164
1.33164
1.33164
1.33164
1.33164
1.33164
1.33164
1.33164
1.33164
1.33164
1.33164
1.33164
1.33164
1.33164
1.33164
1.33164
1.33164
1.33164
1.33164
1.33164
1.33164
1.33164
1.33164
1.33164
1.33164
1.33164
1.33164
1.33164
1.33164
1.33164
1.33164
1.33164
1.33164
1.33164
1.33164
1.33164
1.33164
1.33164
1.33164
1.33164
1.33164
1.33164
1.33164
1.33164
1.33164
1.33164
1.33164
1.33164
1.33164
1.33164
1.33164
1.33164
1.33164
1.33164
1.33164
1.33164
1.33164
1.33164
1.33164
1.33164
1.33164
1.33164
1.33164
1.33164
1.33164
1.33164
1.33164
1.33164
1.33164
1.33164
1.33164
1.33164
1.33164
1.33164
1.33164
1.33164
1.33164
1.33164
1.33164
1.33164
1.33164
1.33164
1.33164
1.33164
1.33164
1.33164
1.33164
1.33164
1.33164
1.33164
1.33164
1.33164
1.33164
1.33164
1.33164
1.33164
1.33164
1.33164
1.33164
1.33089
1.33089
1.32635
1.32635
1.32635
1.32635
1.32635
1.32635
1.32635
1.32635
1.32635
1.32635
1.32635
1.32635
1.32635
1.32635
1.32635
1.32635
1.32635
1.32635
1.32635
1.32635
1.32635
1.32635
1.32635
1.32635
1.32635
1.32635
1.32635
1.32635
1.32635
1.32635
1.32635
1.32635
1.32635
1.32635
1.32635
1.32635
1.32635
1.32635
1.32635
1.32635
1.32635
1.32635
1.32635
1.32635
1.32635
1.32635
1.32635
1.32635
1.32635
1.32635
1.32635
1.32635
1.32635
1.32635
1.32635
1.32635
1.32635
1.32635
1.32635
1.32635
1.32635
1.32635
1.32635
1.32635
1.32635
1.32635
1.32635
1.32635
1.32635
1.32635
1.32635
1.32635
1.32635
1.32635
1.32635
1.32635
1.32635
1.32635
1.32635
1.32635
1.32635
1.32635
1.32635
1.32635
1.32635
1.32635
1.32635
1.32635
1.32635
1.32635
1.32446
1.32446
1.32446
1.32446
1.32446
1.32446
1.32446
1.32446
1.32446
1.32446
1.32446
1.32446
1.32446
1.32446
1.32321
1.32321
1.32321
1.32321
1.32294
1.32294
1.32294
1.32294
1.32294
1.32294
1.32294
1.32294
1.32294
1.32294
1.32294
1.32294
1.32294
1.32294
1.32294
1.32294
1.32294
1.32294
1.32294
1.32294
1.32105
1.32105
1.32105
1.32105
1.32105
1.32105
1.32105
1.32105
1.32105
1.32105
1.32105
1.32105
1.32105
1.32105
1.32105
1.32041
1.32041
1.32041
1.32041
1.31968
1.31968
1.31968
1.31968
1.31968
1.31968
1.31968
1.31968
1.31968
1.31807
1.31779
1.31779
1.31779
1.31779
1.31598
1.31598
1.31598
1.31598
1.31598
1.31598
1.31598
1.31598
1.31598
1.31437
1.30962
1.30962
1.30934
1.30934
1.30934
1.30934
1.30934
1.30934
1.30934
1.30934
1.3072
1.30692
1.30692
1.30692
1.30692
1.30692
1.30692
1.30692
1.30692
1.30692
1.30661
1.30634
1.30634
1.30634
1.30634
1.30634
1.30634
1.30634
1.30634
1.30634
1.30634
1.30634
1.30634
1.30634
1.30634
1.30634
1.30634
1.30335
1.30335
1.30335
1.30335
1.30335
1.30335
1.30335
1.30335
1.30335
1.30335
1.30335
1.30335
1.30335
1.30335
1.30335
1.30335
1.30335
1.30335
1.30335
1.30335
1.30335
1.30335
1.30335
1.30335
1.30335
1.30335
1.30335
1.30335
1.30335
1.30335
1.29212
1.29212
1.29212
1.29212
1.29212
1.29212
1.29212
1.29212
1.29212
1.29212
1.29212
1.29212
1.29212
1.29212
1.29212
1.29212
1.29212
1.29212
1.29212
1.29212
1.29212
1.29212
1.29212
1.29212
1.29212
1.29212
1.29212
1.29212
1.29212
1.29212
1.29212
1.29212
1.29212
1.29212
1.29212
1.29212
1.29212
1.29212
1.29212
1.29212
1.29212
1.29212
1.29212
1.29212
1.29212
1.29212
1.29212
1.29212
1.29212
1.29212
1.29212
1.29212
1.29212
1.29212
1.29212
1.29212
1.29212
1.29212
1.29212
1.29212
1.29212
1.29212
1.28569
1.28569
1.28569
1.28569
1.28569
1.28569
1.28569
1.28569
1.28569
1.28569
1.28569
1.28569
1.28569
1.28569
1.28569
1.28569
1.28569
1.28569
1.28438
1.28438
1.28438
1.28438
1.28438
1.28438
1.28438
1.28438
1.28438
1.28438
1.28438
1.28438
1.28438
1.28438
1.28438
1.28438
1.28438
1.28438
1.28438
1.28438
1.28438
1.28438
1.28438
1.28438
1.28438
1.28438
1.28438
1.28438
1.28438
1.28438
1.28438
1.28438
1.28438
1.28438
1.28438
1.28438
1.28438
1.28438
1.28438
1.28438
1.28438
1.28438
1.28438
1.28438
1.28438
1.28438
1.28438
1.28438
1.28438
1.28438
1.28438
1.28438
1.28438
1.28438
1.28438
1.28438
1.28438
1.28438
1.28438
1.28438
1.28438
1.28438
1.28438
1.28438
1.28438
1.28438
1.28438
1.28438
1.28438
1.28438
1.28438
1.28438
1.28438
1.28438
1.28438
1.28438
1.28438
1.28438
1.28438
1.28438
1.28438
1.28438
1.28438
1.28438
1.28438
1.28438
1.28438
1.28438
1.28438
1.28438
1.28438
1.28438
1.28438
1.28438
1.28438
1.28438
1.28438
1.28438
1.28438
1.28438
1.28438
1.28438
1.28438
1.28438
1.28438
1.28438
1.28438
1.28438
1.28438
1.28438
1.28438
1.28438
1.28438
1.28438
1.28438
1.28438
1.28438
1.28438
1.28438
1.28438
1.28438
1.28438
1.28438
1.28438
1.28438
1.28438
1.28438
1.28438
1.28438
1.28438
1.28438
1.28438
1.28438
1.28438
1.28438
1.28438
1.28438
1.28438
1.28438
1.28438
1.28438
1.28438
1.28438
1.28438
1.28438
1.28438
1.28438
1.28438
1.28438
1.28438
1.28438
1.28438
1.28438
1.28438
1.28438
1.28438
1.28438
1.28438
1.28438
1.28438
1.28438
1.28438
1.28438
1.28438
1.28438
1.28438
1.28438
1.28438
1.28438
1.28438
1.28438
1.28438
1.28438
1.28438
1.28438
1.28438
1.28438
1.28438
1.28438
1.28438
1.28438
1.28438
1.28438
1.28438
1.28438
1.28438
1.28438
1.28438
1.28438
1.28438
1.28438
1.28438
1.28438
1.28438
1.28438
1.28438
1.28438
1.28438
1.28438
1.28438
1.28438
1.28438
1.28438
1.28438
1.28438
1.28438
1.28438
1.28438
1.28438
1.28438
1.28438
1.28438
1.28438
1.28438
1.28438
1.28438
1.28438
1.28438
1.28438
1.28438
1.28438
1.28438
1.28438
1.28438
1.28438
1.28438
1.28438
1.28438
1.28438
1.28438
1.28438
1.28438
1.28438
1.28438
1.28438
1.28438
1.28438
1.28438
1.28438
1.28438
1.28438
1.28438
1.28438
1.28438
1.28438
1.28438
1.28438
1.28438
1.28438
1.28438
1.28438
1.28438
1.28438
1.28438
1.28438
1.28438
1.28438
1.28438
1.28438
1.28438
1.28438
1.28438
1.28438
1.28438
1.28438
1.28438
1.28438
1.28438
1.28438
1.28438
1.28438
1.28438
1.28438
1.28438
1.28438
1.28438
1.28438
1.28438
1.28438
1.28438
1.28438
1.28438
1.28438
1.28438
1.28438
1.28438
1.28438
1.28438
1.28438
1.28438
1.28438
1.28438
1.28438
1.28438
1.28438
1.28438
1.28438
1.28438
1.28438
1.28438
1.28438
1.28438
1.28438
1.28438
1.28438
1.28438
1.28438
1.28438
1.28438
1.28438
1.28438
1.28438
1.28438
1.28438
1.28438
1.28438
1.28438
1.28438
1.28438
1.28438
1.28438
1.28438
1.28438
1.28438
1.28438
1.28438
1.28438
1.28438
1.28314
1.28314
1.28286
1.28286
1.28286
1.28286
1.28286
1.28286
1.28286
1.28286
1.28286
1.28286
1.28286
1.28286
1.28286
1.28286
1.28286
1.28286
1.28286
1.28286
1.28286
1.28286
1.28286
1.28286
1.28286
1.28286
1.28286
1.28286
1.28286
1.28286
1.28286
1.28286
1.28286
1.28286
1.28286
1.28286
1.28286
1.28286
1.28286
1.28286
1.28286
1.28286
1.28286
1.28286
1.28286
1.28286
1.28286
1.28286
1.28286
1.28286
1.28286
1.28286
1.28286
1.28286
1.28286
1.28205
1.28205
1.28205
1.28194
1.28194
1.28194
1.28194
1.28194
1.28194
1.28194
1.28194
1.28194
1.28194
1.28194
1.28172
1.28172
1.27997
1.27997
1.27799
1.27799
1.27799
1.27799
1.27799
1.27799
1.27799
1.27799
1.27799
1.27799
1.27799
1.27799
1.27799
1.27799
1.27799
1.27799
1.27799
1.27799
1.27799
1.27799
1.27799
1.27799
1.27799
1.27799
1.27799
1.27799
1.27799
1.27799
1.27799
1.27799
1.27799
1.27799
1.27799
1.27799
1.27799
1.27799
1.27799
1.27799
1.27799
1.27799
1.27799
1.27799
1.27799
1.27799
1.27799
1.27799
1.27799
1.27799
1.27799
1.27799
1.27799
1.27799
1.27799
1.27799
1.27799
1.27799
1.27799
1.27799
1.27799
1.27799
1.27799
1.27799
1.27799
1.27799
1.27799
1.27799
1.27799
1.27799
1.27799
1.27799
1.27799
1.27799
1.27799
1.27799
1.27799
1.27799
1.27799
1.27799
1.27799
1.27799
1.27799
1.27799
1.27799
1.27799
1.27799
1.27799
1.27799
1.27799
1.27799
1.27799
1.27799
1.27799
1.27799
1.27799
1.27799
1.27799
1.27799
1.27799
1.27799
1.27799
1.27799
1.27799
1.27799
1.27799
1.27799
1.27799
1.27799
1.27799
1.27799
1.27799
1.27799
1.27799
1.27799
1.27799
1.27799
1.27799
1.27799
1.27799
1.27799
1.27799
1.27799
1.27799
1.27799
1.27799
1.27799
1.27799
1.27799
1.27799
1.27799
1.27799
1.27799
1.27799
1.27799
1.27799
1.27799
1.27799
1.27799
1.27799
1.27799
1.27799
1.27799
1.27799
1.27799
1.27799
1.27799
1.27799
1.27799
1.27799
1.27799
1.27799
1.27799
1.27799
1.27799
1.27799
1.27799
1.27799
1.27799
1.27799
1.27799
1.27799
1.27799
1.27799
1.27799
1.27799
1.27799
1.27799
1.27799
1.27799
1.27799
1.27799
1.27799
1.27799
1.27799
1.27799
1.27799
1.27396
1.27396
1.27396
1.27396
1.27396
1.27396
1.27396
1.27396
1.27396
1.27396
1.27396
1.27396
1.27396
1.27396
1.27396
1.27396
1.27396
1.27396
1.27396
1.27396
1.27396
1.27396
1.27396
1.27396
1.27396
1.27396
1.27396
1.27396
1.27396
1.27396
1.27396
1.27396
1.27396
1.27396
1.27396
1.27396
1.27396
1.27396
1.27396
1.27396
1.27396
1.27396
1.27396
1.27396
1.27396
1.27396
1.27396
1.27396
1.27396
1.27396
1.27396
1.27396
1.27396
1.27396
1.27396
1.27396
1.27396
1.27396
1.27396
1.27396
1.27396
1.27396
1.27396
1.27396
1.27396
1.27396
1.27396
1.27396
1.27396
1.27396
1.27396
1.27396
1.27396
1.27396
1.27396
1.27396
1.27396
1.27396
1.27396
1.27396
1.27396
1.27396
1.27396
1.27396
1.27396
1.27396
1.27396
1.27396
1.27396
1.27396
1.27112
1.27112
1.27112
1.27112
1.27112
1.27112
1.27112
1.27112
1.27112
1.27112
1.27112
1.27112
1.27112
1.27112
1.27112
1.27112
1.27112
1.27112
1.27112
1.27112
1.27112
1.27112
1.27112
1.27112
1.27112
1.27112
1.27112
1.27112
1.27112
1.27112
1.27112
1.27112
1.27112
1.27112
1.27112
1.27112
1.27112
1.27112
1.27112
1.27112
1.27112
1.27112
1.27112
1.27112
1.26928
1.26928
1.26928
1.26928
1.26928
1.26928
1.26928
1.26928
1.26928
1.26928
1.26928
1.26928
1.26928
1.26928
1.26928
1.26928
1.26928
1.26928
1.26928
1.26928
1.26928
1.26928
1.26928
1.26928
1.26928
1.26928
1.26928
1.26928
1.26928
1.26928
1.26928
1.26928
1.26928
1.26928
1.26928
1.26928
1.26928
1.26928
1.26928
1.26928
1.26928
1.26928
1.26928
1.26928
1.26928
1.26928
1.26928
1.26928
1.26928
1.26928
1.26928
1.26928
1.26928
1.26928
1.26928
1.26928
1.26928
1.26928
1.26928
1.26928
1.26928
1.26928
1.26928
1.26928
1.26928
1.26928
1.26928
1.26928
1.26928
1.26928
1.26928
1.26928
1.26928
1.26928
1.26928
1.26928
1.26928
1.26928
1.26928
1.26928
1.26928
1.26928
1.26928
1.26928
1.26928
1.26928
1.26928
1.26928
1.26928
1.26928
1.26928
1.26928
1.26928
1.26928
1.26928
1.26928
1.26928
1.26928
1.26928
1.26928
1.26928
1.26928
1.26928
1.26928
1.26928
1.26928
1.26928
1.26928
1.26928
1.26928
1.26928
1.26928
1.26928
1.26928
1.26928
1.26928
1.26928
1.26928
1.26928
1.26928
1.26928
1.26928
1.26928
1.26928
1.26928
1.26928
1.26928
1.26928
1.26928
1.26928
1.26928
1.26928
1.26928
1.26928
1.26928
1.26928
1.26928
1.26928
1.26928
1.26928
1.26928
1.26928
1.26928
1.26928
1.26928
1.26928
1.26928
1.26928
1.26928
1.26928
1.26928
1.26928
1.26928
1.26928
1.26928
1.26928
1.26928
1.26928
1.26928
1.26928
1.26928
1.26928
1.26928
1.26928
1.26928
1.26928
1.26928
1.26928
1.26928
1.26928
1.26928
1.26928
1.26928
1.26928
1.26928
1.26928
1.26928
1.26928
1.26928
1.26928
1.26928
1.26928
1.26928
1.26928
1.26928
1.26928
1.26928
1.26928
1.26928
1.26928
1.26928
1.26928
1.26928
1.26928
1.26928
1.26928
1.26928
1.26928
1.26928
1.26928
1.26928
1.26928
1.26928
1.26928
1.26928
1.26561
1.26561
1.26561
1.26561
1.26561
1.26561
1.26561
1.26561
1.26561
1.26561
1.26561
1.26561
1.26561
1.26561
1.26561
1.26561
1.26561
1.26561
1.26561
1.26561
1.26561
1.26561
1.26561
1.26561
1.26561
1.26561
1.26561
1.26561
1.26561
1.26561
1.26561
1.26561
1.26561
1.26561
1.26561
1.26561
1.26561
1.26561
1.26561
1.26561
1.26561
1.26561
1.26561
1.26561
1.26561
1.26561
1.26561
1.26561
1.26561
1.26561
1.26561
1.26561
1.26561
1.26561
1.26561
1.26561
1.26561
1.26561
1.26561
1.26561
1.26561
1.26561
1.26561
1.26561
1.26561
1.26561
1.26561
1.26561
1.26561
1.26561
1.26561
1.26561
1.26561
1.26561
1.26561
1.26561
1.26561
1.26561
1.26561
1.26561
1.26561
1.26561
1.26561
1.26561
1.26561
1.26561
1.26561
1.26561
1.26561
1.26561
1.26561
1.26561
1.26561
1.26561
1.26561
1.26561
1.26561
1.26561
1.26561
1.26561
1.26561
1.26561
1.26561
1.26561
1.26561
1.26561
1.26561
1.26561
1.26561
1.26561
1.26561
1.26561
1.26561
1.26561
1.26561
1.26561
1.26561
1.26561
1.26561
1.26561
1.26561
1.26561
1.26561
1.26561
1.26561
1.26561
1.26561
1.26561
1.26561
1.26561
1.26561
1.26561
1.26561
1.26561
1.26561
1.26561
1.26561
1.26561
1.26561
1.26561
1.26561
1.26561
1.26561
1.26561
1.26561
1.26561
1.26561
1.26561
1.26561
1.26561
1.26561
1.26561
1.26561
1.26561
1.26561
1.26561
1.26561
1.26561
1.26561
1.26561
1.26561
1.26561
1.26561
1.26561
1.26561
1.26561
1.26561
1.26561
1.26561
1.26561
1.26561
1.26561
1.26561
1.26561
1.26561
1.26561
1.26561
1.26561
1.26561
1.26561
1.26561
1.26561
1.26561
1.26561
1.26561
1.26561
1.26561
1.26561
1.26561
1.26561
1.26561
1.26561
1.26561
1.26561
1.26561
1.26561
1.26561
1.26561
1.26561
1.26561
1.26561
1.26561
1.26561
1.26561
1.26561
1.26561
1.26561
1.26561
1.26561
1.26561
1.26561
1.26561
1.26561
1.26561
1.26561
1.26561
1.26561
1.26561
1.26561
1.26561
1.26561
1.26561
1.26561
1.26561
1.26561
1.26561
1.26561
1.26561
1.26561
1.26561
1.26561
1.26561
1.26561
1.26561
1.26561
1.26561
1.26561
1.26561
1.26561
1.26561
1.26561
1.26561
1.26561
1.26561
1.26561
1.26561
1.26561
1.26561
1.26561
1.26561
1.26561
1.26561
1.26561
1.26561
1.26561
1.26561
1.26561
1.26561
1.26561
1.26561
1.26561
1.26561
1.26561
1.26561
1.26561
1.26561
1.26561
1.26561
1.26561
1.26561
1.26561
1.26561
1.26561
1.26561
1.26561
1.26561
1.26561
1.26561
1.26561
1.26561
1.26561
1.26561
1.26561
1.26561
1.26561
1.26561
1.26561
1.26561
1.26561
1.26561
1.26561
1.26561
1.26561
1.26561
1.26561
1.26561
1.26561
1.26561
1.26561
1.26074
1.26074
1.26074
1.26074
1.26074
1.26074
1.26074
1.26074
1.26074
1.26074
1.26074
1.26074
1.26074
1.26074
1.26074
1.26074
1.26074
1.26074
1.26074
1.26074
1.26074
1.26074
1.26074
1.26074
1.26074
1.26074
1.26074
1.26074
1.26074
1.26074
1.26074
1.26074
1.26074
1.26074
1.26074
1.26074
1.26074
1.26074
1.26074
1.26074
1.26074
1.26074
1.26074
1.26074
1.26074
1.26074
1.26074
1.26074
1.26074
1.26074
1.26074
1.26074
1.26074
1.26074
1.26074
1.26074
1.26074
1.26074
1.26074
1.26074
1.26074
1.26074
1.26074
1.26074
1.26074
1.26074
1.26074
1.26074
1.26074
1.26074
1.26074
1.26074
1.26074
1.26074
1.26074
1.26074
1.26074
1.26074
1.26074
1.26074
1.26074
1.26074
1.26074
1.26074
1.26074
1.26074
1.26074
1.26074
1.26074
1.26074
1.26074
1.26074
1.26074
1.26074
1.26074
1.26074
1.26074
1.26074
1.26074
1.26074
1.26074
1.26074
1.26074
1.26074
1.26074
1.26074
1.26074
1.26074
1.26074
1.26074
1.26074
1.26074
1.26074
1.26074
1.26074
1.26074
1.26074
1.26074
1.26074
1.26074
1.26074
1.26074
1.26074
1.26074
1.26074
1.26074
1.26074
1.26074
1.26074
1.26074
1.26074
1.26074
1.26074
1.26074
1.26074
1.26074
1.26074
1.26074
1.26074
1.26074
1.26074
1.26074
1.26074
1.26074
1.26074
1.26074
1.26074
1.26074
1.26074
1.26074
1.26074
1.26074
1.26074
1.26074
1.26074
1.26074
1.26074
1.26074
1.26074
1.26074
1.26074
1.26074
1.26074
1.26074
1.26074
1.26074
1.26074
1.26074
1.26074
1.26074
1.26074
1.26074
1.26074
1.26074
1.26074
1.26074
1.26074
1.26074
1.26074
1.26074
1.26074
1.26074
1.26074
1.26074
1.26074
1.26074
1.26074
1.26074
1.26074
1.26074
1.26074
1.26074
1.26074
1.26074
1.26074
1.26074
1.26074
1.26074
1.26074
1.26074
1.26074
1.26074
1.26074
1.26074
1.26074
1.26074
1.26074
1.26074
1.26074
1.26074
1.26074
1.26074
1.26074
1.26074
1.26074
1.26074
1.26074
1.26074
1.26074
1.26074
1.26074
1.26074
1.26074
1.26074
1.26074
1.26074
1.26074
1.26074
1.26074
1.26074
1.26074
1.26074
1.26074
1.26074
1.26074
1.26074
1.26074
1.26074
1.26074
1.26074
1.26074
1.26074
1.26074
1.26074
1.26074
1.26074
1.26074
1.26074
1.26074
1.26074
1.26074
1.26074
1.26074
1.26074
1.26074
1.26074
1.26074
1.26074
1.26074
1.26074
1.26074
1.26074
1.26074
1.26074
1.26074
1.26074
1.26074
1.26074
1.26074
1.26074
1.26074
1.26074
1.26074
1.26074
1.26074
1.26074
1.26074
1.26074
1.26074
1.26074
1.26074
1.26074
1.26074
1.26074
1.26074
1.26074
1.26074
1.26074
1.26074
1.26074
1.26074
1.26074
1.26074
1.26074
1.26074
1.26074
1.26074
1.26074
1.26074
1.26074
1.26074
1.26074
1.26074
1.26074
1.26074
1.26074
1.26074
1.26074
1.26074
1.26074
1.26074
1.26074
1.26074
1.26074
1.26074
1.26074
1.26074
1.26074
1.26074
1.26074
1.26074
1.26074
1.26074
1.26074
1.26074
1.26074
1.26074
1.26074
1.26074
1.26074
1.26074
1.26074
1.26074
1.26074
1.26074
1.26074
1.26074
1.26074
1.26074
1.26074
1.26074
1.26074
1.26074
1.26074
1.26074
1.26074
1.26074
1.26074
1.26074
1.26074
1.26074
1.26074
1.26074
1.26074
1.26074
1.26074
1.26074
1.26074
1.26074
1.26074
1.26074
1.26074
1.26074
1.26074
1.26074
1.26074
1.26074
1.26074
1.26074
1.26074
1.26074
1.26074
1.26074
1.26074
1.26074
1.26074
1.26074
1.26074
1.26074
1.26074
1.26074
1.26074
1.26074
1.26074
1.26074
1.26074
1.26074
1.26074
1.26074
1.26074
1.26074
1.26074
1.26074
1.26074
1.26074
1.26074
1.26074
1.26074
1.26074
1.26074
1.26074
1.26074
1.26074
1.26074
1.26074
1.26074
1.26074
1.26074
1.26074
1.26074
1.26074
1.26074
1.26074
1.26074
1.26074
1.26074
1.26074
1.26074
1.26074
1.26074
1.26074
1.26074
1.26074
1.26074
1.26074
1.26074
1.26074
1.26074
1.26074
1.26074
1.26074
1.26074
1.26074
1.26074
1.26074
1.26074
1.26074
1.26074
1.26074
1.26074
1.26074
1.26074
1.26074
1.26074
1.26074
1.26074
1.26074
1.26074
1.26074
1.26074
1.26074
1.26074
1.26074
1.26074
1.26074
1.26074
1.26074
1.26074
1.26074
1.26074
1.26074
1.26074
1.26074
1.26074
1.26074
1.26074
1.26074
1.26074
1.26074
1.26074
1.26074
1.26074
1.26074
1.26074
1.26074
1.26074
1.26074
1.26074
1.26074
1.26074
1.26074
1.26074
1.26074
1.26074
1.26074
1.26074
1.26074
1.26074
1.26074
1.26074
1.26074
1.26074
1.26074
1.26074
1.26074
1.26074
1.26074
1.26074
1.26074
1.26074
1.26074
1.26074
1.26074
1.26074
1.26074
1.26074
1.26074
1.26074
1.26074
1.26074
1.26074
1.26074
1.26074
1.26074
1.26074
1.26074
1.26074
1.26074
1.26074
1.26074
1.26074
1.26074
1.26074
1.26074
1.26074
1.26074
1.26074
1.26074
1.26074
1.26074
1.26074
1.26074
1.26074
1.26074
1.26074
1.26074
1.26074
1.26074
1.26074
1.26074
1.26074
1.26074
1.26074
1.26074
1.26074
1.26074
1.26074
1.26074
1.26074
1.26074
1.26074
1.26074
1.26074
1.26074
1.26074
1.26074
1.26074
1.26074
1.26074
1.26074
1.26074
1.26074
1.26074
1.26074
1.26074
1.26074
1.26074
1.26074
1.26074
1.26074
1.26074
1.26074
1.26074
1.26074
1.26074
1.26074
1.26074
1.26074
1.26074
1.26074
1.26074
1.26074
1.26074
1.26074
1.26074
1.26074
1.26074
1.26074
1.26074
1.26074
1.26074
1.26074
1.26074
1.26074
1.26074
1.26074
1.26074
1.26074
1.26074
1.26074
1.26074
1.26074
1.26074
1.26074
1.26074
1.26074
1.26074
1.26074
1.26074
1.26074
1.26074
1.26074
1.26074
1.26074
1.26074
1.26074
1.26074
1.26074
1.26074
1.26074
1.26074
1.26074
1.26074
1.26074
1.26074
1.26074
1.26074
1.26074
1.26074
1.26074
1.26074
1.26074
1.26074
1.26074
1.26074
1.26074
1.26074
1.26074
1.26074
1.26074
1.26074
1.26074
1.26074
1.26074
1.26074
1.26074
1.26074
1.26074
1.26074
1.26074
1.26074
1.26074
1.26074
1.26074
1.26074
1.26074
1.26074
1.26074
1.26074
1.26074
1.26074
1.26074
1.26074
1.26074
1.26074
1.26074
1.26074
1.26074
1.26074
1.26074
1.26074
1.26074
1.26074
1.26074
1.26074
1.26074
1.26074
1.26074
1.26074
1.26074
1.26074
1.26074
1.26074
1.26074
1.26074
1.26074
1.26074
1.26074
1.26074
1.26074
1.26074
1.26074
1.26074
1.26074
1.26074
1.26074
1.26074
1.26074
1.26074
1.26074
1.26074
1.26074
1.26074
1.26074
1.26074
1.26074
1.26074
1.26074
1.26074
1.26074
1.26074
1.26074
1.26074
1.26074
1.26074
1.26074
1.26074
1.26074
1.26074
1.26074
1.26074
1.26074
1.26074
1.26074
1.26074
1.26074
1.26074
1.26074
1.26074
1.26074
1.26074
1.26074
1.26074
1.26074
1.26074
1.26074
1.26074
1.26074
1.26074
1.26074
1.26074
1.26074
1.26074
1.26074
1.26074
1.26074
1.26074
1.26074
1.26074
1.26074
1.26074
1.26074
1.26074
1.26074
1.26074
1.26074
1.26074
1.26074
1.26074
1.26074
1.26074
1.26074
1.26074
1.26074
1.26074
1.26074
1.26074
1.26074
1.26074
1.26074
1.26074
1.26074
1.26074
1.26074
1.26074
1.26074
1.26074
1.26074
1.26074
1.26074
1.26074
1.26074
1.26074
1.26074
1.26074
1.26074
1.26074
1.26074
1.26074
1.26074
1.26074
1.26074
1.26074
1.26074
1.26074
1.26074
1.26074
1.26074
1.26074
1.26074
