4.49892
4.49892
4.24346
4.24346
4.21727
4.21727
4.08241
4.01983
3.99127
3.95478
3.91492
3.80967
3.75961
3.72375
3.63195
3.53082
3.53082
3.38399
3.38399
3.36073
3.36073
3.35799
3.33186
3.25872
3.25038
3.25038
3.21653
3.09898
3.09898
3.09898
3.08852
3.08852
3.03085
3.03085
3.02915
2.95072
2.91971
2.91151
2.88189
2.88189
2.87225
2.8207
2.8207
2.7722
2.7722
2.7722
2.7722
2.74519
2.73925
2.73839
2.73839
2.73839
2.72989
2.70011
2.70011
2.65649
2.61826
2.61826
2.61826
2.61516
2.57502
2.54922
2.54097
2.53765
2.51757
2.51757
2.51689
2.49666
2.47913
2.46495
2.45325
2.45325
2.42734
2.41802
2.41018
2.40821
2.36791
2.36791
2.36722
2.33727
2.33423
2.33423
2.32324
2.30384
2.28833
2.28065
2.27988
2.27284
2.25793
2.25793
2.25225
2.23927
2.23334
2.22903
2.22799
2.21174
2.21174
2.21174
2.19503
2.19503
2.18839
2.17805
2.17805
2.16554
2.1608
2.14309
2.1402
2.12381
2.11934
2.10393
2.08742
2.07598
2.0719
2.0719
2.06568
2.05756
2.05756
2.048
2.048
2.03279
2.03279
2.02376
2.02376
2.02376
2.00166
2.00166
1.98187
1.98187
1.98187
1.9801
1.9778
1.9753
1.94109
1.94109
1.93407
1.92035
1.92035
1.92035
1.89364
1.89364
1.89364
1.85798
1.85798
1.85798
1.8432
1.8432
1.8432
1.84117
1.82329
1.82329
1.82329
1.82329
1.81881
1.81881
1.81059
1.80061
1.80061
1.80061
1.80061
1.80061
1.80061
1.80061
1.79492
1.79492
1.79424
1.79424
1.79007
1.78522
1.78522
1.77479
1.77479
1.77479
1.77479
1.77479
1.76907
1.76897
1.76897
1.76897
1.76897
1.76897
1.76668
1.76668
1.75805
1.75256
1.75256
1.75256
1.75256
1.75017
1.73573
1.73573
1.73573
1.73573
1.7272
1.72709
1.72709
1.72709
1.72709
1.72709
1.72709
1.72709
1.72709
1.72709
1.72667
1.72667
1.72667
1.72296
1.72296
1.72296
1.72056
1.72056
1.71443
1.71432
1.71432
1.71432
1.70682
1.70682
1.70682
1.70682
1.70682
1.70672
1.70672
1.70672
1.7024
1.7024
1.7024
1.7024
1.70168
1.70168
1.70168
1.70168
1.70159
1.70159
1.70159
1.69777
1.69777
1.69777
1.69471
1.69471
1.69165
1.69165
1.69165
1.69084
1.69084
1.69084
1.69084
1.69084
1.68765
1.68693
1.68693
1.68693
1.68693
1.68693
1.68693
1.68693
1.68693
1.65525
1.65525
1.63724
1.63724
1.63668
1.63668
1.63291
1.63291
1.63291
1.63291
1.63291
1.62644
1.62644
1.62644
1.62588
1.62152
1.62152
1.61946
1.61946
1.6151
1.6151
1.6151
1.61104
1.61104
1.61104
1.61104
1.61104
1.61104
1.61104
1.61104
1.61104
1.61104
1.61045
1.6061
1.6061
1.6061
1.6061
1.6061
1.6061
1.6061
1.6061
1.6061
1.6061
1.6061
1.6061
1.6061
1.60491
1.60491
1.60491
1.60119
1.60119
1.60119
1.60002
1.59996
1.59996
1.59806
1.59806
1.59689
1.59689
1.59689
1.59689
1.59689
1.59578
1.59578
1.59578
1.59578
1.59578
1.59157
1.58588
1.58588
1.5846
1.58349
1.58349
1.58349
1.58349
1.56874
1.56874
1.56874
1.56874
1.56874
1.56874
1.56874
1.56874
1.56868
1.56868
1.56519
1.56519
1.56519
1.56519
1.56519
1.56519
1.56519
1.56519
1.56519
1.56141
1.55885
1.54614
1.54614
1.54614
1.54026
1.54026
1.54026
1.54026
1.54026
1.54026
1.54026
1.54026
1.54026
1.54026
1.53821
1.53448
1.53448
1.53439
1.53439
1.53406
1.53016
1.53016
1.53016
1.53016
1.53016
1.53016
1.53016
1.53007
1.52535
1.52535
1.52396
1.52076
1.52076
1.52019
1.51496
1.51496
1.51229
1.51071
1.51071
1.50166
1.50166
1.50166
1.50166
1.50166
1.50166
1.50166
1.50166
1.50166
1.50166
1.50166
1.50166
1.5016
1.5016
1.5016
1.5016
1.5016
1.49847
1.49847
1.49847
1.49847
1.49695
1.49695
1.49695
1.48972
1.48972
1.48972
1.48972
1.48972
1.48972
1.48501
1.48501
1.48501
1.48501
1.48501
1.48501
1.48501
1.48501
1.47922
1.47922
1.47841
1.47769
1.47763
1.47763
1.47763
1.47763
1.47763
1.47763
1.47763
1.47763
1.47763
1.47763
1.47763
1.47763
1.47763
1.47763
1.47763
1.47763
1.47763
1.47763
1.47763
1.47763
1.47763
1.47763
1.47763
1.47763
1.47667
1.46641
1.46641
1.46641
1.46641
1.46641
1.46641
1.46641
1.46641
1.46636
1.46636
1.46533
1.46533
1.46533
1.46533
1.46533
1.46533
1.46533
1.46533
1.46533
1.46533
1.46533
1.46533
1.46533
1.46533
1.46533
1.46533
1.46533
1.46533
1.46533
1.46533
1.46533
1.46533
1.46533
1.46533
1.46533
1.46533
1.46533
1.46533
1.46533
1.46533
1.46533
1.46533
1.46533
1.46533
1.46533
1.46533
1.46533
1.46066
1.46066
1.46066
1.46066
1.46066
1.46066
1.46066
1.46066
1.46066
1.46066
1.46066
1.46066
1.46066
1.46066
1.46066
1.46066
1.46066
1.46066
1.46066
1.46066
1.46066
1.46066
1.46066
1.46066
1.45433
1.45318
1.45318
1.45318
1.44875
1.44875
1.44699
1.43728
1.42797
1.41741
1.39906
1.39906
1.39906
1.39846
1.3971
1.38611
1.38611
1.38611
1.37732
1.37536
1.37536
1.37536
1.37536
1.37536
1.37536
1.37536
1.37536
1.37536
1.37536
1.37536
1.36906
1.36906
1.36906
1.36906
1.36906
1.36906
1.36906
1.36906
1.36906
1.36906
1.36906
1.36906
1.36906
1.36906
1.36906
1.36906
1.36906
1.36906
1.36906
1.36906
1.36906
1.36906
1.3666
1.36029
1.36029
1.36029
1.36029
1.36029
1.36029
1.36029
1.36029
1.36029
1.36029
1.36029
1.36029
1.36029
1.36029
1.35824
1.35824
1.35824
1.35824
1.35824
1.35824
1.35824
1.35824
1.35824
1.35824
1.35824
1.35824
1.35824
1.35824
1.34687
1.34687
1.33926
1.33926
1.33926
1.33926
1.33277
1.33277
1.33137
1.33137
1.30546
1.30546
1.30546
1.30546
1.2744
1.2744
1.26188
1.26188
1.26188
1.26188
1.26188
1.26188
1.26188
1.26129
1.26129
1.26129
1.26129
1.26129
1.26129
1.26021
1.26021
1.25627
1.25627
1.25627
1.25627
1.25627
1.25627
1.25627
1.25627
1.25627
1.25627
1.25627
1.25627
1.25627
1.25627
1.25511
1.25511
1.25511
1.25511
1.25511
1.25511
1.25511
1.25511
1.25511
1.25511
1.25511
1.25511
1.25511
1.25511
1.25494
1.25494
1.25494
1.25494
1.25494
1.25431
1.25431
1.25431
1.25431
1.25431
1.25431
1.25312
1.25312
1.25312
1.25312
1.25312
1.25249
1.25249
1.25249
1.25249
1.25249
1.25249
1.25249
1.25249
1.25249
1.25249
1.25249
1.252
1.25196
1.25196
1.25196
1.25196
1.25196
1.25196
1.25196
1.25196
1.25196
1.25196
1.25196
1.25196
1.25196
1.25196
1.25196
1.25196
1.24898
1.24898
1.24898
1.24898
1.24898
1.24898
1.24898
1.24898
1.24898
1.24898
1.24898
1.24898
1.24898
1.24898
1.24898
1.24898
1.24898
1.24898
1.24898
1.24898
1.24898
1.24898
1.24898
1.24898
1.24898
1.24898
1.24898
1.24898
1.24898
1.24898
1.24898
1.24898
1.24898
1.24898
1.24898
1.24898
1.24898
1.24898
1.24898
1.24898
1.24898
1.24898
1.24898
1.24898
1.24898
1.24898
1.24898
1.24898
1.24898
1.24898
1.24898
1.24898
1.24898
1.24898
1.24898
1.24898
1.24898
1.24898
1.24898
1.24898
1.24783
1.24783
1.24783
1.24783
1.24476
1.24476
1.24476
1.24476
1.24476
1.24476
1.23882
1.23882
1.23882
1.23882
1.23882
1.23882
1.23882
1.23882
1.23882
1.23882
1.23882
1.23882
1.23808
1.23808
1.23808
1.23808
1.23808
1.23808
1.23808
1.23808
1.23808
1.23808
1.23808
1.23808
1.23808
1.23808
1.23808
1.23808
1.23808
1.23808
1.23808
1.23808
1.23808
1.23808
1.23808
1.23808
1.23808
1.23808
1.23808
1.23808
1.23808
1.23808
1.23808
1.23808
1.23808
1.23808
1.23808
1.23808
1.23808
1.23808
1.23808
1.23808
1.23808
1.23808
1.23808
1.23808
1.23808
1.23808
1.23808
1.23808
1.23808
1.23808
1.23808
1.23808
1.23808
1.23808
1.23808
1.23808
1.23808
1.23808
1.23808
1.23808
1.23808
1.23808
1.23808
1.23808
1.23808
1.23808
1.23808
1.23808
1.23808
1.23808
1.23808
1.23808
1.23808
1.23808
1.23808
1.23808
1.23808
1.23808
1.23808
1.23808
1.23808
1.23808
1.23808
1.23808
1.23808
1.23808
1.23808
1.23808
1.23808
1.23808
1.23808
1.23808
1.23808
1.23808
1.23808
1.23808
1.23808
1.23808
1.23808
1.23808
1.23808
1.23808
1.23808
1.23047
1.23047
1.23047
1.23047
1.23047
1.23047
1.23047
1.23047
1.23047
1.23047
1.23047
1.23047
1.23047
1.23047
1.23047
1.23047
1.23047
1.22878
1.22878
1.22878
1.22811
1.22811
1.22811
1.22811
1.22811
1.22811
1.22811
1.22811
1.22811
1.22811
1.22811
1.22811
1.22811
1.22811
1.22811
1.22811
1.22811
1.22811
1.22811
1.22811
1.22811
1.22811
1.22811
1.22811
1.22811
1.22811
1.22811
1.22811
1.22811
1.22811
1.22811
1.22811
1.22811
1.22811
1.22811
1.22811
1.22811
1.22811
1.22811
1.22811
1.22811
1.22811
1.22811
1.22811
1.22811
1.22811
1.22811
1.22811
1.22811
1.22811
1.22811
1.22811
1.22811
1.22811
1.22811
1.22811
1.22811
1.22811
1.22811
1.22811
1.22811
1.22811
1.22811
1.22811
1.22811
1.22811
1.22811
1.22811
1.22811
1.22811
1.22811
1.22811
1.22811
1.22811
1.22811
1.22811
1.22811
1.22811
1.22811
1.22811
1.22811
1.22811
1.22811
1.22811
1.22811
1.22811
1.22811
1.22811
1.22811
1.22811
1.22811
1.22811
1.22811
1.22811
1.22811
1.22811
1.22811
1.22811
1.22811
1.22182
1.22182
1.22182
1.22182
1.22182
1.22182
1.22182
1.21956
1.21956
1.21956
1.21956
1.21956
1.21956
1.21956
1.21956
1.21956
1.21956
1.21956
1.21956
1.21956
1.21956
1.21956
1.21956
1.21956
1.21956
1.21956
1.21956
1.21956
1.21956
1.21956
1.21956
1.21956
1.21956
1.21956
1.21956
1.21956
1.21956
1.21956
1.21956
1.21956
1.21956
1.21956
1.21956
1.21619
1.21619
1.21424
1.21424
1.21424
1.21424
1.21424
1.21424
1.21424
1.21424
1.21424
1.21424
1.21424
1.21424
1.21357
1.21357
1.21357
1.21357
1.21357
1.21357
1.21357
1.21357
1.21357
1.21357
1.21357
1.21357
1.21357
1.21357
1.21357
1.21339
1.21339
1.21273
1.21144
1.21144
1.21077
1.21077
1.21077
1.21077
1.21077
1.21077
1.21077
1.21077
1.21077
1.21077
1.21077
1.21077
1.21077
1.21077
1.21077
1.21077
1.21077
1.21077
1.21077
1.21077
1.21077
1.21077
1.21077
1.21077
1.21077
1.21077
1.21077
1.21077
1.21077
1.21077
1.21077
1.21077
1.21077
1.21077
1.21077
1.21077
1.21077
1.21077
1.21077
1.21077
1.21077
1.21077
1.21077
1.21077
1.21077
1.21077
1.21077
1.21077
1.21077
1.21077
1.21077
1.21077
1.21077
1.21077
1.21077
1.21077
1.21077
1.20824
1.20824
1.20755
1.20755
1.20755
1.20755
1.20755
1.20755
1.20755
1.20755
1.20755
1.20755
1.20755
1.20755
1.20755
1.20755
1.20755
1.20755
1.20755
1.20755
1.20755
1.20755
1.20755
1.20486
1.20486
1.20486
1.20486
1.20486
1.20486
1.20479
1.20479
1.20479
1.20479
1.20479
1.20479
1.20287
1.20287
1.20287
1.20287
1.20287
1.20287
1.20287
1.20287
1.20287
1.20287
1.20287
1.20287
1.20287
1.2028
1.20266
1.20266
1.20266
1.20266
1.20266
1.20266
1.20266
1.20266
1.20266
1.20266
1.20266
1.20266
1.20266
1.20266
1.20266
1.20266
1.20266
1.20266
1.20266
1.20266
1.20266
1.20266
1.20266
1.20266
1.20266
1.20266
1.20266
1.20266
1.20266
1.20266
1.20266
1.20266
1.20266
1.20266
1.20266
1.20266
1.20266
1.20266
1.20266
1.20266
1.20266
1.20266
1.20266
1.20266
1.20266
1.20266
1.20266
1.20266
1.20266
1.20266
1.20266
1.20266
1.20266
1.20266
1.20266
1.20266
1.20266
1.20266
1.20266
1.20266
1.20266
1.20266
1.20266
1.20266
1.20266
1.20266
1.20266
1.20266
1.20266
1.20266
1.20266
1.20266
1.20266
1.20266
1.20266
1.20266
1.20266
1.20266
1.20266
1.20266
1.20266
1.20266
1.20266
1.20266
1.20266
1.20266
1.20266
1.20266
1.20266
1.20266
1.20266
1.20266
1.20266
1.20266
1.20266
1.20266
1.20266
1.20266
1.20266
1.20266
1.20266
1.20266
1.20266
1.20266
1.20266
1.20266
1.20266
1.20266
1.20266
1.20266
1.20266
1.20266
1.20266
1.20266
1.20266
1.20266
1.20266
1.20266
1.20266
1.20266
1.20266
1.20266
1.20266
1.20266
1.20266
1.20266
1.20266
1.20266
1.20266
1.20266
1.20266
1.20266
1.20266
1.20266
1.20266
1.20266
1.20266
1.20266
1.20266
1.20266
1.20266
1.20266
1.20266
1.20266
1.20266
1.20266
1.20266
1.20266
1.20266
1.20266
1.20266
1.20266
1.20266
1.20266
1.20266
1.20266
1.20266
1.20266
1.20266
1.20266
1.20266
1.20266
1.2
1.2
1.2
1.2
1.2
1.2
1.2
1.2
1.2
1.2
1.2
1.2
1.2
1.2
1.2
1.2
1.2
1.2
1.2
1.2
1.2
1.2
1.2
1.2
1.2
1.2
1.2
1.2
1.2
1.2
1.2
1.2
1.2
1.2
1.2
1.2
1.2
1.2
1.2
1.2
1.2
1.2
1.2
1.2
1.2
1.2
1.2
1.2
1.2
1.2
1.2
1.2
1.2
1.2
1.2
1.2
1.2
1.2
1.2
1.2
1.2
1.2
1.2
1.2
1.2
1.2
1.2
1.2
1.2
1.2
1.2
1.2
1.2
1.2
1.2
1.2
1.2
1.2
1.2
1.2
1.2
1.2
1.2
1.2
1.2
1.2
1.2
1.2
1.2
1.2
1.2
1.2
1.2
1.2
1.2
1.2
1.2
1.2
1.2
1.2
1.2
1.2
1.2
1.2
1.2
1.2
1.2
1.2
1.2
1.2
1.2
1.2
1.2
1.2
1.2
1.2
1.2
1.2
1.2
1.2
1.2
1.2
1.2
1.2
1.2
1.2
1.2
1.2
1.2
1.2
1.2
1.2
1.2
1.2
1.2
1.2
1.2
1.2
1.2
1.2
1.2
1.2
1.2
1.2
1.2
1.2
1.2
1.2
1.2
1.2
1.2
1.2
1.2
1.2
1.2
1.2
1.2
1.2
1.2
1.2
1.2
1.2
1.2
1.2
1.2
1.2
1.2
1.2
1.2
1.2
1.2
1.2
1.2
1.2
1.2
1.2
1.2
1.2
1.2
1.2
1.2
1.2
1.2
1.2
1.2
1.2
1.2
1.2
1.2
1.2
1.2
1.2
1.2
1.2
1.2
1.2
1.2
1.2
1.2
1.2
1.2
1.2
1.2
1.2
1.2
1.2
1.2
1.2
1.2
1.2
1.2
1.2
1.2
1.2
1.2
1.2
1.2
1.2
1.2
1.2
1.2
1.2
1.2
1.2
1.2
1.2
1.2
1.2
1.2
1.2
1.2
1.2
1.2
1.2
1.2
1.2
1.2
1.2
1.2
1.2
1.2
1.2
1.2
1.2
1.2
1.2
1.2
1.2
1.2
1.2
1.2
1.2
1.2
1.2
1.2
1.2
1.2
1.2
1.2
1.2
1.2
1.2
1.2
1.2
1.2
1.2
1.2
1.2
1.2
1.2
1.2
1.2
1.2
1.2
1.2
1.2
1.2
1.2
1.2
1.2
1.2
1.2
1.2
1.2
1.2
1.2
1.2
1.2
1.2
1.2
1.2
1.2
1.2
1.2
1.2
1.2
1.2
1.2
1.2
1.2
1.2
1.2
1.2
1.2
1.2
1.2
1.2
1.2
1.2
1.2
1.2
1.2
1.2
1.2
1.2
1.2
1.2
1.2
1.2
1.2
1.2
1.2
1.2
1.2
1.2
1.2
1.2
1.2
1.2
1.2
1.2
1.2
1.2
1.2
1.2
1.2
1.2
1.2
1.2
1.2
1.2
1.2
1.2
1.2
1.2
1.2
1.2
1.2
1.2
1.2
1.2
1.2
1.2
1.2
1.2
1.2
1.2
1.2
1.2
1.2
1.2
1.2
1.2
1.2
1.2
1.2
1.2
1.2
1.2
1.2
1.2
1.2
1.2
1.2
1.2
1.2
1.2
1.2
1.2
1.2
1.2
1.2
1.2
1.2
1.2
1.2
1.2
1.2
1.2
1.2
1.2
1.2
1.2
1.2
1.2
1.2
1.2
1.2
1.2
1.2
1.2
1.2
1.2
1.2
1.2
1.2
1.2
1.2
1.2
1.2
1.2
1.2
1.2
1.2
1.2
1.2
1.2
1.2
1.2
1.2
1.2
1.2
1.2
1.2
1.2
1.2
1.2
1.2
1.2
1.2
1.2
1.2
1.2
1.2
1.2
1.2
1.2
1.2
1.2
1.2
1.2
1.2
1.2
1.2
1.2
1.2
1.2
1.2
1.2
1.2
1.2
1.2
1.2
1.2
1.2
1.2
1.2
1.2
1.2
1.2
1.2
1.2
1.2
1.2
1.2
1.2
1.2
1.2
1.2
1.2
1.2
1.2
1.2
1.2
1.2
1.2
1.2
1.2
1.2
1.2
1.2
1.2
1.2
1.2
1.2
1.2
1.2
1.2
1.2
1.2
1.2
1.2
1.2
1.2
1.2
1.2
1.2
1.2
1.2
1.2
1.2
1.2
1.2
1.2
1.2
1.2
1.2
1.2
1.2
1.2
1.2
1.2
1.2
1.2
1.2
1.2
1.2
1.2
1.2
1.2
1.2
1.2
1.2
1.2
1.2
1.2
1.2
1.2
1.2
1.2
1.2
1.2
1.2
1.2
1.2
1.2
1.2
1.2
1.2
1.2
1.2
1.2
1.2
1.2
1.2
1.2
1.2
1.2
1.2
1.2
1.2
1.2
1.2
1.2
1.2
1.2
1.2
1.2
1.2
1.2
1.2
1.2
1.2
1.2
1.2
1.2
1.2
1.2
1.2
1.2
1.2
1.2
1.2
1.2
1.2
1.2
1.2
1.2
1.2
1.2
1.2
1.2
1.2
1.2
1.2
1.2
1.2
1.2
1.2
1.2
1.2
1.2
1.2
1.2
1.2
1.2
1.2
1.2
1.2
1.2
