
/*---------------------------贪心算法思想下解的说明------------------------------*/

算法思想：以当前所在的点为参考选择离自己最近的点作为下一站，走过的点不在经过


贪心思想只能求得每一步只能求得局部最短路径，因此最终结果是近似最优解

贪心算法求解的最短路程的长度为：153462
实际的最短路径为：108159
此算法和最优解的近似度为:1.41885
time = 0.002s
/*---------------------------贪心算法思想下解的说明------------------------------*/



/*---------------------------遗传算法2思想下解的说明------------------------------*/

算法思想：随机生成一个路线序列，路线路径长度短的会更可能遗传下去，所以经过多次代际迭代，最终的结果会趋近于最优解


代际更迭次数越多，越接近最优解。这种算法最终结果是近似最优解

遗传算法求解的最短路程的长度为：129791
实际的最短路径为：108159
此算法和最优解的近似度为:1.2
time = 25.531s
这个算法迭代终止条件是前后 600 代最优个体一样
这个算法中共计迭代 1960次
其中每一代个体数为 100   交叉遗传的概率为 0.8   变异的概率为 0.1

迭代过程中 交叉遗传次数为76860  其中变异次数为18180

以下是迭代过程中每一代中最好的个体所对应的路先长度变化（每20代输出一次）

363493 311702 282854 252797 237412 219865 204815 194752 191330 186801 184597 182967 177022 174248 173714 172598 169667 166593 164981 162418 
160617 159819 158606 158489 158489 157983 151321 148076 147810 146906 141198 135877 135752 135536 135410 135088 135088 135088 134632 133909 
133909 133909 133909 133909 133086 132831 132831 132831 132831 132831 132151 131907 131542 131259 130956 130956 130956 130608 130309 130079 
130079 130079 130079 130079 130079 130079 130079 130079 129791 129791 129791 129791 129791 129791 129791 129791 129791 129791 129791 129791 
129791 129791 129791 129791 129791 129791 129791 129791 129791 129791 129791 129791 129791 129791 129791 129791 129791 129791 
/*---------------------------遗传算法2思想下解的说明------------------------------*/


