1.25931
1.25931
1.25931
1.25838
1.25746
1.25746
1.25746
1.25653
1.25648
1.25648
1.25648
1.25555
1.24634
1.24453
1.24453
1.24453
1.24453
1.24453
1.24413
1.23921
1.23921
1.23736
1.23736
1.23127
1.23127
1.22869
1.21553
1.2146
1.21195
1.21195
1.20897
1.20897
1.20897
1.20876
1.20876
1.20876
1.20876
1.20753
1.20753
1.20753
1.20734
1.20477
1.20477
1.20477
1.20458
1.20458
1.20437
1.20437
1.20437
1.20437
1.20437
1.20437
1.20437
1.20437
1.20437
1.20437
1.20437
1.20437
1.20437
1.20437
1.20437
1.20437
1.20437
1.20437
1.20437
1.20437
1.20437
1.20437
1.20437
1.20416
1.20416
1.20416
1.20416
1.20416
1.20416
1.20416
1.20416
1.20416
1.20416
1.20416
1.20416
1.20416
1.20416
1.20416
1.20416
1.20416
1.20416
1.20416
1.20416
1.20416
1.20374
1.20353
1.20353
1.20353
1.20353
1.20353
1.20353
1.20353
1.20353
1.20353
1.20353
1.20353
1.20353
1.20353
1.20353
1.20353
1.20353
1.19934
1.19934
1.19934
1.19934
1.19934
1.19934
1.19934
1.19934
1.19934
1.19934
1.19934
1.19934
1.19934
1.19934
1.19934
1.19934
1.19934
1.19934
1.19934
1.19934
1.19118
1.19118
1.19118
1.19118
1.19118
1.19118
1.19118
1.18944
1.18944
1.18944
1.18944
1.18944
1.18944
1.18944
1.18944
1.18944
1.18944
1.18944
1.17191
1.17191
1.17191
1.17191
1.16387
1.16387
1.16387
1.16387
1.16324
1.16324
1.16324
1.16324
1.16324
1.16324
1.16324
1.16324
1.16324
1.16324
1.16219
1.14778
1.14257
1.14194
1.14194
1.14194
1.14194
1.14194
1.14194
1.14194
1.14194
1.14194
1.14194
1.14194
1.14194
1.14072
1.14072
1.14072
1.14072
1.14072
1.14072
1.14072
1.14072
1.14072
1.1406
1.1406
1.1406
1.1406
1.1406
1.1406
1.1406
1.1406
1.1406
1.1406
1.1406
1.1406
1.1406
1.1406
1.1406
1.1406
1.1406
1.1406
1.1406
1.1406
1.1406
1.1406
1.1406
1.1406
1.1406
1.1406
1.1406
1.1406
1.1406
1.1406
1.1406
1.1406
1.1406
1.1406
1.1406
1.1406
1.1406
1.1406
1.1406
1.1406
1.1406
1.1406
1.1406
1.1406
1.1406
1.1406
1.1406
1.12996
1.12996
1.12996
1.12996
1.12996
1.12996
1.12996
1.12996
1.12996
1.12996
1.12996
1.12996
1.12996
1.12996
1.12996
1.12996
1.12996
1.12996
1.12996
1.12996
1.12996
1.12996
1.12996
1.12996
1.12996
1.12996
1.12996
1.12996
1.12996
1.12692
1.12692
1.12692
1.12692
1.12692
1.12692
1.12692
1.12692
1.12692
1.12692
1.12692
1.12692
1.12692
1.12692
1.12692
1.12692
1.12692
1.12692
1.12692
1.12692
1.12692
1.12692
1.12692
1.12692
1.12692
1.12692
1.12692
1.12692
1.12692
1.12692
1.12692
1.12692
1.12692
1.12692
1.12692
1.12692
1.12692
1.12692
1.12692
1.12692
1.12692
1.12692
1.12692
1.12692
1.12692
1.12692
1.12692
1.12692
1.12692
1.12692
1.12692
1.12692
1.12692
1.12692
1.12692
1.1265
1.1265
1.12644
1.12644
1.12644
1.12644
1.12644
1.12644
1.12644
1.12644
1.12644
1.12644
1.12644
1.12644
1.12644
1.12644
1.12644
1.12644
1.12644
1.12644
1.12644
1.12644
1.12644
1.12644
1.12644
1.12644
1.12644
1.12644
1.12644
1.12644
1.12644
1.12644
1.12644
1.12644
1.12644
1.12644
1.12644
1.12644
1.12644
1.12644
1.12644
1.12644
1.12644
1.12644
1.12644
1.12644
1.12644
1.12644
1.12644
1.12644
1.12644
1.12644
1.12644
1.12644
1.12644
1.12644
1.12644
1.12644
1.12644
1.12644
1.12644
1.12644
1.12644
1.12644
1.12644
1.12644
1.12644
1.12644
1.12644
1.12644
1.12644
1.12644
1.12644
1.12644
1.12644
1.12312
1.12312
1.12312
1.12305
1.12305
1.12305
1.12305
1.12305
1.12305
1.12305
1.12305
1.12305
1.12305
1.12305
1.12305
1.12305
1.12305
1.12305
1.12305
1.12305
1.12305
1.12305
1.12305
1.12305
1.12305
1.12305
1.12305
1.12305
1.12305
1.12305
1.12305
1.12305
1.12305
1.12305
1.12305
1.12305
1.12305
1.12305
1.12305
1.12305
1.12305
1.12305
1.12305
1.12305
1.12305
1.12305
1.12305
1.12305
1.12305
1.12305
1.12305
1.12305
1.12305
1.12305
1.12305
1.12305
1.12305
1.12305
1.12305
1.11934
1.11934
1.11934
1.11934
1.11934
1.11934
1.11934
1.11934
1.11934
1.11934
1.11934
1.11934
1.11934
1.11934
1.11934
1.11934
1.11934
1.11934
1.11934
1.11934
1.11934
1.11934
1.11934
1.11934
1.11934
1.11934
1.11934
1.11934
1.11934
1.11934
1.11934
1.11934
1.11934
1.11934
1.11934
1.11934
1.11934
1.11934
1.11934
1.11934
1.11934
1.11934
1.11934
1.11934
1.11934
1.11934
1.11934
1.11934
1.11934
1.11934
1.11934
1.11934
1.11934
1.11934
1.11934
1.11934
1.11934
1.11934
1.11934
1.11934
1.11934
1.11934
1.11934
1.11934
1.11934
1.11934
1.11934
1.11934
1.11934
1.11934
1.11934
1.11934
1.11934
1.11934
1.11934
1.11934
1.11934
1.11934
1.11934
1.11934
1.11934
1.11934
1.11934
1.11934
1.11934
1.11934
1.11934
1.11934
1.11934
1.11757
1.11757
1.11757
1.11739
1.11739
1.11739
1.11739
1.11739
1.11739
1.11739
1.11739
1.11739
1.11739
1.11739
1.11739
1.11739
1.11739
1.11739
1.11739
1.11739
1.11739
1.11739
1.11739
1.11739
1.11739
1.11739
1.11739
1.11739
1.11739
1.11739
1.11739
1.11739
1.11739
1.11739
1.11739
1.11739
1.11739
1.11739
1.11739
1.11739
1.11739
1.11739
1.11739
1.11739
1.11739
1.11739
1.11739
1.11739
1.11739
1.11739
1.11739
1.11739
1.11739
1.11739
1.11739
1.11739
1.11739
1.11739
1.11739
1.11689
1.11689
1.11689
1.11689
1.11689
1.11689
1.11689
1.11689
1.11683
1.11683
1.11683
1.11683
1.11683
1.11683
1.11683
1.11683
1.11683
1.11683
1.11683
1.11683
1.11683
1.11683
1.11683
1.11683
1.11683
1.11683
1.11683
1.11683
1.11683
1.11683
1.11683
1.11683
1.11683
1.11683
1.11683
1.11683
1.11683
1.11683
1.11683
1.11683
1.11683
1.11683
1.11683
1.11683
1.11683
1.11683
1.11683
1.11683
1.11683
1.11683
1.11683
1.11683
1.11683
1.11683
1.11683
1.11683
1.11683
1.11683
1.11683
1.11683
1.11683
1.11683
1.11683
1.11683
1.11683
1.11683
1.11683
1.11683
1.11683
1.11683
1.11683
1.11683
1.11683
1.11683
1.11683
1.11683
1.11683
1.11683
1.11683
1.11683
1.11683
1.11683
1.11683
1.11683
1.11683
1.11683
1.11683
1.11683
1.11683
1.11683
1.11683
1.11683
1.11683
1.11683
1.11683
1.11683
1.11683
1.11683
1.11683
1.11683
1.11683
1.11683
1.11683
1.11683
1.11683
1.11683
1.11683
1.11683
1.11683
1.11683
1.11683
1.11683
1.11683
1.11557
1.11557
1.11557
1.11557
1.1155
1.1155
1.1155
1.1155
1.1155
1.1155
1.1155
1.1155
1.1155
1.1155
1.1155
1.1155
1.1155
1.1155
1.1155
1.1155
1.1155
1.1155
1.1155
1.1155
1.1155
1.1155
1.1155
1.1155
1.1155
1.1155
1.1155
1.1155
1.1155
1.1155
1.1155
1.11413
1.11413
1.11413
1.11413
1.11413
1.11413
1.11413
1.11413
1.11413
1.11386
1.11386
1.11018
1.11018
1.11018
1.11018
1.10639
1.10639
1.10639
1.10639
1.10639
1.10639
1.10639
1.10639
1.10639
1.10268
1.10268
1.10268
1.10268
1.10268
1.10268
1.10268
1.09858
1.09858
1.09858
1.09858
1.09858
1.09858
1.09858
1.09858
1.09858
1.09858
1.09858
1.09858
1.09858
1.09858
1.09858
1.09858
1.09858
1.09858
1.09858
1.09858
1.09858
1.09858
1.09858
1.09858
1.09858
1.09858
1.09858
1.09858
1.09858
1.09858
1.09858
1.09858
1.09858
1.09858
1.09858
1.09858
1.09858
1.09858
1.09858
1.09858
1.09858
1.09858
1.09858
1.09858
1.09858
1.09858
1.09858
1.09858
1.09858
1.09858
1.09858
1.09858
1.09858
1.09858
1.09858
1.09858
1.09858
1.09858
1.09858
1.09858
1.09858
1.09858
1.09858
1.09858
1.09858
1.09858
1.09858
1.09858
1.09858
1.09858
1.09858
1.09858
1.09858
1.09858
1.09858
1.09858
1.09858
1.09858
1.09858
1.09858
1.09858
1.09858
1.09858
1.09858
1.09858
1.09858
1.09858
1.09858
1.09858
1.09858
1.09858
1.09858
1.09858
1.09858
1.09858
1.09858
1.09858
1.09858
1.09858
1.09858
1.09858
1.09858
1.09858
1.09858
1.09858
1.09858
1.09858
1.09858
1.09858
1.09858
1.09858
1.09858
1.09858
1.09858
1.09858
1.09858
1.09727
1.09727
1.09727
1.09727
1.09727
1.09727
1.09727
1.09727
1.09727
1.09727
1.09727
1.09727
1.09727
1.09727
1.09727
1.09727
1.09727
1.09727
1.09727
1.09727
1.09727
1.09727
1.09727
1.09727
1.09727
1.09727
1.09727
1.09727
1.09727
1.09727
1.09727
1.09727
1.09727
1.09727
1.09727
1.09727
1.09727
1.09727
1.09727
1.09727
1.09727
1.09727
1.09727
1.09727
1.09727
1.09727
1.09727
1.09727
1.09727
1.09727
1.09727
1.09727
1.09727
1.09727
1.09727
1.09727
1.09727
1.09727
1.09727
1.09727
1.09727
1.09727
1.09727
1.09727
1.09727
1.09727
1.09727
1.09727
1.09727
1.09727
1.09727
1.09727
1.09727
1.09727
1.09727
1.09727
1.09727
1.09727
1.09727
1.09727
1.09727
1.09727
1.09727
1.09727
1.09727
1.09727
1.09727
1.09727
1.09727
1.09727
1.09727
1.09727
1.09727
1.09727
1.09727
1.09727
1.09727
1.09727
1.09727
1.09727
1.09727
1.09727
1.09727
1.09727
1.09727
1.09727
1.09727
1.09727
1.09727
1.09727
1.09727
1.09727
1.09727
1.09727
1.09727
1.09727
1.09727
1.09727
1.09727
1.09727
1.09727
1.09727
1.09727
1.09727
1.09727
1.09727
1.09727
1.09727
1.09727
1.09727
1.09727
1.09727
1.09727
1.09727
1.09727
1.09727
1.09727
1.09727
1.09727
1.09727
1.09727
1.09727
1.09727
1.09727
1.09727
1.09727
1.09727
1.09727
1.09727
1.09727
1.09727
1.09727
1.09727
1.09727
1.09727
1.09727
1.09727
1.09727
1.09727
1.09727
1.09727
1.09727
1.09727
1.09727
1.09727
1.09727
1.09727
1.09727
1.09727
1.09727
1.09727
1.09727
1.09727
1.09727
1.09727
1.09727
1.09727
1.09727
1.09727
1.09727
1.09727
1.09727
1.09727
1.09727
1.09727
1.09727
1.09727
1.09727
1.09727
1.09727
1.09727
1.09727
1.09727
1.09727
1.09727
1.09727
1.09727
1.09727
1.09727
1.09727
1.09727
1.09727
1.09727
1.09727
1.09727
1.09727
1.09727
1.09727
1.09727
1.09727
1.09727
1.09727
1.09727
1.09727
1.09727
1.09727
1.09727
1.09727
1.09727
1.09727
1.09727
1.09727
1.09727
1.09727
1.09727
1.09727
1.09727
1.09727
1.09727
1.09727
1.09727
1.09727
1.09727
1.09727
1.09727
1.09727
1.09727
1.09727
1.09727
1.09727
1.09727
1.09727
1.09727
1.09727
1.09727
1.09727
1.09727
1.09727
1.09727
1.09727
1.09727
1.09727
1.09727
1.09727
1.09727
1.09727
1.09727
1.09727
1.09727
1.09727
1.09727
1.09727
1.09727
1.09727
1.09727
1.09727
1.09727
1.09727
1.09727
1.09727
1.09727
1.09727
1.09727
1.09727
1.09727
1.09727
1.09727
1.09727
1.09727
1.09727
1.09727
1.09727
1.09727
1.09727
1.09727
1.09727
1.09727
1.09727
1.09727
1.09727
1.09727
1.09727
1.09727
1.09727
1.09727
1.09727
1.09727
1.09727
1.09727
1.09727
1.09727
1.09727
1.09727
1.09727
1.09727
1.09727
1.09727
1.09727
1.09727
1.09727
1.09727
1.09727
1.09727
1.09727
1.09727
1.09143
1.09143
1.09143
1.09143
1.09143
1.09143
1.09143
1.09143
1.09143
1.09143
1.09143
1.09143
1.09143
1.09143
1.09143
1.08883
1.08883
1.08883
1.08883
1.08883
1.08883
1.08883
1.08883
1.08883
1.08883
1.08883
1.08883
1.08883
1.08883
1.08883
1.08883
1.08883
1.08883
1.08883
1.08883
1.08883
1.08883
1.08883
1.08883
1.08883
1.08883
1.08883
1.08883
1.08883
1.08883
1.08883
1.08883
1.08883
1.08883
1.08883
1.08883
1.08883
1.08883
1.08883
1.08883
1.08883
1.08883
1.08883
1.08883
1.08883
1.08883
1.08883
1.08883
1.08883
1.08883
1.08883
1.08883
1.08883
1.08883
1.08883
1.08883
1.08883
1.08883
1.08883
1.08883
1.08883
1.08883
1.08883
1.08883
1.08883
1.08883
1.08883
1.08883
1.08883
1.08883
1.08883
1.08883
1.08883
1.08883
1.08883
1.08883
1.08883
1.08883
1.08883
1.08883
1.08883
1.08883
1.08883
1.08883
1.08883
1.08883
1.08883
1.08883
1.08883
1.0667
1.0667
1.0667
1.06663
1.06663
1.06663
1.06663
1.06663
1.06663
1.06663
1.06663
1.06663
1.06663
1.06663
1.06663
1.06663
1.06663
1.06663
1.06663
1.06663
1.06663
1.06663
1.06663
1.06663
1.06663
1.06663
1.06663
1.06663
1.06663
1.06663
1.06663
1.06663
1.06663
1.06663
1.06663
1.06663
1.06663
1.06663
1.06663
1.06663
1.06663
1.06663
1.06385
1.06385
1.06385
1.06385
1.06385
1.06385
1.06385
1.06385
1.06385
1.06385
1.06385
1.06385
1.06385
1.06385
1.06385
1.06385
1.06385
1.06385
1.06385
1.06192
1.06192
1.06192
1.06186
1.06186
1.06186
1.06186
1.06186
1.06186
1.06186
1.06186
1.06186
1.06186
1.06186
1.06186
1.06186
1.06186
1.06186
1.06186
1.06186
1.06186
1.06186
1.06186
1.06186
1.06186
1.06186
1.06186
1.06186
1.06186
1.06186
1.06186
1.06186
1.06186
1.06186
1.06186
1.06186
1.06186
1.06186
1.06186
1.06186
1.06186
1.06186
1.06186
1.06186
1.06186
1.06186
1.06186
1.06186
1.06186
1.06186
1.06186
1.06186
1.06186
1.06186
1.06186
1.06186
1.06186
1.06186
1.06186
1.06186
1.06186
1.06186
1.06186
1.06186
1.06186
1.06186
1.06186
1.06186
1.06186
1.06186
1.06186
1.06186
1.06186
1.06186
1.06186
1.06186
1.06186
1.06186
1.06186
1.06186
1.06186
1.06186
1.06186
1.06186
1.06186
1.06186
1.06186
1.06186
1.06186
1.06186
1.06186
1.06186
1.06186
1.06186
1.06186
1.06186
1.06186
1.06186
1.06186
1.06186
1.06186
1.06186
1.06186
1.06186
1.06186
1.06186
1.06186
1.06186
1.06186
1.06186
1.06186
1.06186
1.06186
1.06186
1.06186
1.06186
1.06186
1.06186
1.06186
1.06186
1.06186
1.06186
1.06186
1.06186
1.06186
1.06186
1.06186
1.06186
1.06186
1.06186
1.06186
1.06186
1.06186
1.06096
1.06096
1.06096
1.06078
1.06078
1.06078
1.06078
1.06078
1.06078
1.06078
1.06078
1.06078
1.06078
1.06078
1.06078
1.06078
1.06078
1.06078
1.06078
1.06078
1.06078
1.06078
1.06078
1.06078
1.06078
1.06078
1.06078
1.06078
1.06078
1.06078
1.06078
1.06078
1.06078
1.06078
1.06078
1.06078
1.06078
1.06078
1.06078
1.06078
1.06078
1.06078
1.06078
1.06078
1.06078
1.06078
1.06078
1.06078
1.06078
1.06078
1.06078
1.06078
1.06078
1.06078
1.06078
1.06078
1.06078
1.06078
1.06078
1.06078
1.06078
1.06078
1.06078
1.06078
1.06078
1.06078
1.06078
1.06078
1.06078
1.06078
1.06078
1.06041
1.06041
1.06041
1.06041
1.06041
1.06041
1.06041
1.06041
1.06041
1.06041
1.06041
1.06041
1.06041
1.06041
1.06041
1.06041
1.06041
1.06041
1.06041
1.06041
1.06041
1.06041
1.06041
1.06041
1.06041
1.06041
1.06041
1.06041
1.06041
1.06041
1.06041
1.06041
1.06041
1.06041
1.06041
1.06041
1.06041
1.06041
1.06041
1.06041
1.06041
1.06041
1.06041
1.06041
1.06041
1.06041
1.06041
1.06041
1.06041
1.06041
1.06041
1.06041
1.06041
1.06041
1.06041
1.06041
1.06041
1.06041
1.06041
1.06041
1.06041
1.06041
1.06041
1.06041
1.06041
1.06041
1.06041
1.06041
1.06041
1.06041
1.06041
1.06041
1.06041
1.06041
1.06041
1.06041
1.06041
1.06041
1.06041
1.06041
1.06041
1.06041
1.06041
1.06041
1.06041
1.06041
1.06041
1.06041
1.06041
1.06041
1.06041
1.06041
1.06041
1.06041
1.06041
1.06041
1.06041
1.06041
1.06041
1.06041
1.06041
1.06041
1.06041
1.06041
1.06041
1.06041
1.06041
1.06041
1.06041
1.06041
1.06041
1.06041
1.06041
1.06041
1.06041
1.06041
1.06041
1.06041
1.06041
1.06041
1.06041
1.06041
1.06041
1.06041
1.06041
1.06041
1.06041
1.06041
1.06041
1.06041
1.06041
1.06041
1.06041
1.06041
1.06041
1.06041
1.06041
1.06041
1.06041
1.06041
1.06041
1.06041
1.06041
1.06041
1.06041
1.06041
1.06041
1.06041
1.06041
1.06041
1.06041
1.06041
1.06041
1.06041
1.06041
1.06041
1.06041
1.06041
1.06041
1.06041
1.06041
1.06041
1.06041
1.05981
1.05981
1.05981
1.05981
1.05981
1.05981
1.05981
1.05981
1.05981
1.05981
1.05981
1.05981
1.05981
1.05981
1.05981
1.05981
1.05981
1.05981
1.05981
1.05981
1.05981
1.05981
1.05981
1.05981
1.05981
1.05981
1.05981
1.05981
1.05981
1.05981
1.05981
1.05981
1.05981
1.05981
1.05981
1.05981
1.05981
1.05981
1.05981
1.05981
1.05981
1.05981
1.05981
1.05981
1.05981
1.05981
1.05981
1.05981
1.05981
1.05981
1.05981
1.05981
1.05981
1.05981
1.05981
1.05981
1.05981
1.05981
1.05981
1.05981
1.05981
1.05981
1.05981
1.05981
1.05981
1.05981
1.05981
1.05981
1.05981
1.05981
1.05981
1.05981
1.05981
1.05981
1.05981
1.05981
1.05981
1.05981
1.05981
1.05981
1.05981
1.05981
1.05981
1.05981
1.05981
1.05981
1.05981
1.05981
1.05981
1.05981
1.05981
1.05981
1.05981
1.05981
1.05981
1.05981
1.05981
1.05981
1.05981
1.05981
1.05981
1.05981
1.05981
1.05981
1.05981
1.05981
1.05981
1.05981
1.05981
1.05981
1.05981
1.05981
1.05981
1.05981
1.05981
1.05981
1.05981
1.05981
1.05981
1.05981
1.05981
1.05981
1.05981
1.05981
1.05981
1.05981
1.05981
1.05981
1.05981
1.05981
1.05981
1.05981
1.05981
1.05981
1.05981
1.05981
1.05981
1.05981
1.05981
1.05981
1.05981
1.05981
1.05981
1.05981
1.05981
1.05981
1.05981
1.05981
1.05981
1.05981
1.05981
1.05981
1.05981
1.05981
1.05981
1.05981
1.05981
1.05981
1.05981
1.05981
1.05981
1.05981
1.05981
1.05981
1.05981
1.05981
1.05981
1.05981
1.05981
1.05981
1.05981
1.05981
1.05981
1.05981
1.05981
1.05981
1.05981
1.05981
1.05981
1.05981
1.05981
1.05981
1.05981
1.05981
1.05981
1.05981
1.05981
1.05981
1.05981
1.05981
1.05981
1.05981
1.05981
1.05981
1.05981
1.05981
1.05981
1.05981
1.05981
1.05981
1.05981
1.05981
1.05981
1.05981
1.05981
1.05981
1.05981
1.05981
1.05981
1.05981
1.05981
1.05981
1.05981
1.05981
1.05981
1.05981
1.05981
1.05981
1.05981
1.05981
1.05981
1.05981
1.05981
1.05981
1.05981
1.05981
1.05981
1.05981
1.05981
1.05981
1.05981
1.05981
1.05981
1.05981
1.05981
1.05981
1.05981
1.05981
1.05981
1.05981
1.05981
1.05981
1.05981
1.05981
1.05981
1.05981
1.05981
1.05981
1.05981
1.05981
1.05981
1.05981
1.05981
1.05981
1.05981
1.05981
1.05981
1.05981
1.05981
1.05981
1.05981
1.05981
1.05981
1.05981
1.05981
1.05981
1.05981
1.05981
1.05981
1.05981
1.05981
1.05981
1.05981
1.05981
1.05981
1.05981
1.05981
1.05981
1.05981
1.05981
1.05981
1.05981
1.05981
1.05981
1.05981
1.05981
1.05981
1.05981
1.05981
1.05981
1.05981
1.05981
1.05981
1.05981
1.05981
1.05981
1.05981
1.05981
1.05981
1.05981
1.05981
1.05981
1.05981
1.05981
1.05981
1.05981
1.05981
1.05981
1.05981
1.05981
1.05981
1.05981
1.05981
1.05981
1.05981
1.05981
1.05981
1.05981
1.05981
1.05981
1.05981
1.05981
1.05981
1.05981
1.05981
1.05981
1.05981
1.05981
1.05981
1.05981
1.05981
1.05981
1.05981
1.05981
1.05981
1.05981
1.05981
1.05981
1.05981
1.05981
1.05981
1.05981
1.05981
1.05981
1.05981
1.05981
1.05981
1.05981
1.05981
1.05981
1.05981
1.05981
1.05981
1.05981
1.05981
1.05981
1.05981
1.05981
1.05981
1.05981
1.05981
1.05981
1.05981
1.05981
1.05981
1.05981
1.05981
1.05981
1.05981
1.05981
1.05981
1.05981
1.05981
1.05981
1.05981
1.05981
1.05981
1.05981
1.05981
1.05981
1.05981
1.05981
1.05981
1.05981
1.05981
1.05981
1.05981
1.05981
1.05981
1.05981
1.05981
1.05981
1.05981
1.05981
1.05981
1.05981
1.05981
1.05981
1.05981
1.05981
1.05981
1.05981
1.05981
1.05981
1.05981
1.05981
1.05981
1.05981
1.05981
1.05981
1.05981
1.05981
1.05981
1.05981
1.05981
1.05981
1.05981
1.05981
1.05981
1.05981
1.05981
1.05981
1.05981
1.05981
1.05981
1.05981
1.05981
1.05981
1.05981
1.05981
1.05981
1.05981
1.05981
1.05981
1.05981
1.05981
1.05981
1.05981
1.05981
1.05981
1.05981
1.05981
1.05981
1.05981
1.05981
1.05981
1.05981
1.05981
1.05981
1.05981
1.05981
1.05981
1.05981
1.05981
1.05981
1.05981
1.05981
1.05981
1.05981
1.05981
1.05981
1.05981
1.05981
1.05981
1.05981
1.05981
1.05981
1.05981
1.05981
1.05981
1.05981
1.05981
1.05981
1.05981
1.05981
1.05981
1.05981
1.05981
1.05981
1.05981
1.05981
1.05981
1.05981
1.05981
1.05981
1.05981
1.05981
1.05981
1.05981
1.05981
1.05981
1.05981
1.05981
1.05981
1.05981
1.05981
1.05981
1.05981
1.05981
1.05981
1.05981
1.05981
1.05981
1.05981
1.05981
1.05981
1.05981
1.05981
1.05981
1.05981
1.05981
1.05981
1.05981
1.05981
1.05981
1.05981
1.05981
1.05981
1.05981
1.05981
1.05981
1.05981
1.05981
1.05981
1.05981
1.05981
1.05981
1.05981
1.05981
1.05981
1.05981
1.05981
1.05981
1.05981
1.05981
1.05981
1.05981
1.05981
1.05981
1.05981
1.05981
1.05981
1.05981
1.05981
1.05981
1.05981
1.05981
1.05981
1.05981
1.05981
1.05981
1.05981
1.05981
1.05981
1.05981
1.05981
1.05981
1.05981
1.05981
1.05981
1.05981
1.05981
1.05981
1.05981
1.05981
1.05981
1.05981
1.05981
1.05981
1.05981
1.05981
1.05981
1.05981
1.05981
1.05981
1.05981
1.05981
1.05981
1.05981
1.05981
1.05981
1.05981
1.05981
1.05938
1.05938
1.05938
1.05938
1.05931
1.05931
1.05931
1.05931
1.05931
1.05931
1.05931
1.05931
1.05931
1.05931
1.05931
1.05931
1.05931
1.05931
1.05931
1.05931
1.05931
1.05931
1.05931
1.05931
1.05931
1.05931
1.05931
1.05931
1.05931
1.05931
1.05931
1.05931
1.05931
1.05931
1.05931
1.05931
1.05931
1.05931
1.05931
1.05931
1.05931
1.05931
1.05931
1.05931
1.05931
1.05931
1.05931
1.05931
1.05931
1.05931
1.05931
1.05931
1.05931
1.05931
1.05931
1.05931
1.05931
1.05931
1.05931
1.05931
1.05931
1.05931
1.05931
1.05931
1.05931
1.05931
1.05931
1.05931
1.05931
1.05931
1.05931
1.05931
1.05931
1.05931
1.05931
1.05931
1.05931
1.05931
1.05931
1.05931
1.05931
1.05931
1.05931
1.05931
1.05931
1.05931
1.05931
1.05931
1.05931
1.05931
1.05931
1.05931
1.05931
1.05931
1.05931
1.05931
1.05931
1.05931
1.05931
1.05931
1.05931
1.05931
1.05931
1.05931
1.05931
1.05931
1.05931
1.05931
1.05931
1.05931
1.05931
1.05931
1.05931
1.05931
1.05931
1.05931
1.05931
1.05931
1.05931
1.05931
1.05931
1.05931
1.05931
1.05931
1.05931
1.05931
1.05931
1.05931
1.05931
1.05931
1.05931
1.05931
1.05931
1.05931
1.05931
1.05931
1.05931
1.05931
1.05931
1.05931
1.05931
1.05931
1.05931
1.05931
1.05931
1.05931
1.05931
1.05931
1.05931
1.05931
1.05931
1.05931
1.05931
1.05931
1.05931
1.05931
1.05931
1.05931
1.05931
1.05931
1.05931
1.05931
1.05931
1.05931
1.05931
1.05931
1.05931
1.05931
1.05931
1.05931
1.05931
1.05931
1.05931
1.05931
1.05931
1.05931
1.05931
1.05931
1.05931
1.05931
1.05931
1.05931
1.05931
1.05931
1.05931
1.05931
1.05931
1.05931
1.05931
1.05931
1.05931
1.05931
1.05931
1.05931
1.05931
1.05931
1.05931
1.05931
1.05931
1.05931
1.05931
1.05931
1.05931
1.05931
1.05931
1.05931
1.05931
1.05931
1.05931
1.05931
1.05931
1.05931
1.05931
1.05931
1.05931
1.05931
1.05931
1.05931
1.05931
1.05931
1.05931
1.05931
1.05931
1.05931
1.05931
1.05931
1.05931
1.05931
1.05931
1.05931
1.05931
1.05931
1.05931
1.05931
1.05931
1.05931
1.05931
1.05931
1.05931
1.05931
1.05931
1.05931
1.05931
1.05931
1.05931
1.05931
1.05931
1.05931
1.05931
1.05931
1.05931
1.05931
1.05931
1.05931
1.05931
1.05931
1.05931
1.05931
1.05931
1.05931
1.05931
1.05931
1.05931
1.05931
1.05931
1.05931
1.05931
1.05931
1.05931
1.05931
1.05931
1.05931
1.05931
1.05931
1.05931
1.05931
1.05931
1.05931
1.05931
1.05931
1.05931
1.05931
1.05931
1.05931
1.05931
1.05931
1.05931
1.05931
1.05931
1.05931
1.05931
1.05931
1.05931
1.05931
1.05931
1.05931
1.05931
1.05931
1.05931
1.05931
1.05931
1.05931
1.05931
1.05931
1.05931
1.05931
1.05931
1.05931
1.05931
1.05931
1.05931
1.05931
1.05931
1.05931
1.05931
1.05931
1.05931
1.05931
1.05931
1.05931
1.05931
1.05931
1.05931
1.05931
1.05931
1.05931
1.05931
1.05931
1.05931
1.05931
1.05931
1.05931
1.05931
1.05931
1.05931
1.05931
1.05931
1.05931
1.05931
1.05931
1.05931
1.05931
1.05931
1.05931
1.05931
1.05931
1.05931
1.05931
1.05931
1.05931
1.05931
1.05931
1.05931
1.05931
1.05931
1.05931
1.05931
1.05931
1.05931
1.05931
1.05931
1.05931
1.05931
1.05931
1.05931
1.05931
1.05931
1.05931
1.05931
1.05931
1.05931
1.05931
1.05931
1.05931
1.05931
1.05931
1.05931
1.05931
1.05931
1.05931
1.05931
1.05931
1.05931
1.05931
1.05931
1.05931
1.05931
1.05931
1.05931
1.05931
1.05931
1.05931
1.05931
1.05931
1.05931
1.05931
1.05931
1.05931
1.05931
1.05931
1.05931
1.05931
1.05931
1.05931
1.05931
1.05931
1.05931
1.05931
1.05931
1.05931
1.05931
1.05931
1.05931
1.05931
1.05931
1.05931
1.05931
1.05931
1.05931
1.05931
1.05931
1.05931
1.05931
1.05931
1.05931
1.05931
1.05931
1.05931
1.05931
1.05931
1.05931
1.05931
1.05931
1.05931
1.05931
1.05931
1.05931
1.05931
1.05931
1.05931
1.05931
1.05931
1.05931
1.05931
1.05931
1.05931
1.05931
1.05931
1.05931
1.05931
1.05931
1.05931
1.05931
1.05931
1.05931
1.05931
1.05931
1.05931
1.05931
1.05931
1.05931
1.05931
1.05931
1.05931
1.05931
1.05931
1.05931
1.05931
1.05931
1.05931
1.05931
1.05931
1.05931
1.05931
1.05931
1.05931
1.05931
1.05931
1.05931
1.05931
1.05931
1.05931
1.05931
1.05931
1.05931
1.05931
1.05931
1.05931
1.05931
1.05931
1.05931
1.05931
1.05931
1.05931
1.05931
1.05931
1.05931
1.05931
1.05931
1.05931
1.05931
1.05931
1.05931
1.05931
1.05931
1.05931
1.05931
1.05931
1.05931
1.05931
1.05931
1.05931
1.05931
1.05931
1.05931
1.05931
1.05931
1.05931
1.05931
1.05931
1.05931
1.05931
1.05931
1.05931
1.05931
1.05931
1.05931
1.05931
1.05931
1.05931
1.05931
1.05931
1.05931
1.05931
1.05931
1.05931
1.05931
1.05931
1.05931
1.05931
1.05931
1.05931
1.05931
1.05931
1.05931
1.05931
1.05931
1.05931
1.05931
1.05931
1.05931
1.05931
1.05931
1.05931
1.05931
1.05931
1.05931
1.05931
1.05931
1.05931
1.05931
1.05931
1.05931
1.05931
1.05931
1.05931
1.05931
1.05931
1.05931
1.05931
1.05931
1.05931
1.05931
1.05931
1.05931
1.05931
1.05931
1.05931
1.05931
1.05931
1.05931
1.05931
1.05931
1.05931
1.05931
1.05931
1.05931
1.05931
1.05931
1.05931
1.05931
1.05931
1.05931
1.05931
1.05931
1.05931
1.05931
1.05931
1.05931
1.05931
1.05931
1.05931
1.05931
1.05931
1.05931
1.05931
1.05931
1.05931
1.05931
1.05931
1.05931
1.05931
1.05931
1.05931
1.05931
1.05931
1.05931
1.05931
1.05931
1.05931
1.05931
1.05931
1.05931
1.05931
1.05931
1.05931
1.05931
1.05931
1.05931
1.05931
1.05931
1.05931
1.05931
1.05931
1.05931
1.05931
1.05931
1.05931
1.05931
1.05931
1.05931
1.05931
1.05931
1.05931
1.05931
1.05931
1.05931
1.05931
1.05931
1.05931
1.05931
1.05931
1.05931
1.05931
1.05931
1.05931
1.05931
1.05931
1.05931
1.05931
1.05931
1.05931
1.05931
1.05931
1.05931
1.05931
1.05931
1.05931
1.05931
1.05931
1.05931
1.05931
1.05931
1.05931
1.05931
1.05931
1.05931
1.05931
1.05931
1.05931
1.05931
1.05931
1.05931
1.05931
1.05931
1.05931
1.05931
1.05931
1.05931
1.05931
1.05931
1.05931
1.05931
1.05931
1.05931
1.05931
1.05931
1.05931
1.05931
1.05931
1.05931
1.05931
1.05931
1.05931
1.05931
1.05931
1.05931
1.05931
1.05931
1.05931
1.05931
1.05931
1.05931
1.05931
1.05931
1.05931
1.05931
1.05931
1.05931
1.05931
1.05931
1.05931
1.05931
1.05931
1.05931
1.05931
1.05931
1.05931
1.05931
1.05931
1.05931
1.05931
1.05931
1.05931
1.05931
1.05931
1.05931
1.05931
1.05931
1.05931
1.05931
1.05931
1.05931
1.05931
1.05931
1.05931
1.05931
1.05931
1.05931
1.05931
1.05931
1.05931
1.05931
1.05931
1.05931
1.05931
1.05931
1.05931
1.05931
1.05931
1.05931
1.05931
1.05931
1.05931
1.05931
1.05931
1.05931
1.05931
1.05931
1.05931
1.05931
1.05931
1.05931
1.05931
1.05931
1.05931
1.05931
1.05931
1.05931
1.05931
1.05931
1.05931
1.05931
1.05931
1.05931
1.05931
1.05931
1.05931
1.05931
1.05931
1.05931
1.05931
1.05931
1.05931
1.05931
1.05931
1.05931
1.05931
1.05931
1.05931
1.05931
1.05931
1.05931
1.05931
