
/*---------------------------贪心算法思想下解的说明------------------------------*/

算法思想：以当前所在的点为参考选择离自己最近的点作为下一站，走过的点不在经过


贪心思想只能求得每一步只能求得局部最短路径，因此最终结果是近似最优解

贪心算法求解的最短路程的长度为：120778
实际的最短路径为：96772
此算法和最优解的近似度为:1.24807
time = 0.046s
/*---------------------------贪心算法思想下解的说明------------------------------*/



/*---------------------------遗传算法2思想下解的说明------------------------------*/

算法思想：随机生成一个路线序列，路线路径长度短的会更可能遗传下去，所以经过多次代际迭代，最终的结果会趋近于最优解


代际更迭次数越多，越接近最优解。这种算法最终结果是近似最优解

遗传算法求解的最短路程的长度为：111968
实际的最短路径为：96772
此算法和最优解的近似度为:1.15702
time = 356.354s
这个算法迭代终止条件是前后 1088 代最优个体一样
这个算法中共计迭代 5155次
其中每一代个体数为 272   交叉遗传的概率为 0.8   变异的概率为 0.1

迭代过程中 交叉遗传次数为564342  其中变异次数为152462

以下是迭代过程中每一代中最好的个体所对应的路先长度变化（每20代输出一次）

573934 475928 428744 377751 333545 301770 277847 249962 236577 226972 218319 212228 204701 201243 197673 193097 190206 188139 185762 184306 
183250 181466 172110 170340 158107 156967 156621 155985 155383 154724 149227 148793 148793 148437 146149 146149 145157 143737 143322 143322 
139370 137566 132827 127747 127424 126373 124719 124719 124668 124668 124654 124559 124559 124533 123761 120972 120972 120972 120347 119496 
119020 117707 116835 116835 116835 116835 116835 115334 115334 115334 115334 115334 115334 115334 115334 115334 115334 115334 115334 115334 
115334 115334 115334 115013 115013 115013 114618 114156 114147 114003 114003 114003 113641 113641 113641 113641 113641 113641 113641 113641 
113641 113641 113641 113641 113641 113641 113641 113339 113339 113310 113310 112673 112673 112673 112673 112673 112673 112673 112673 112673 
112673 112673 112673 112673 112673 112673 112673 112673 112673 112673 112673 112673 112673 112673 112673 112395 112232 112232 112232 112232 
112232 112207 112136 112014 112014 112014 112014 112014 112014 112014 112014 112014 112014 112014 112014 112014 112014 111974 111974 111974 
111974 111974 111974 111974 111974 111974 111974 111974 111974 111974 111974 111974 111974 111974 111974 111974 111974 111974 111974 111974 
111974 111974 111974 111974 111974 111974 111974 111974 111974 111974 111974 111974 111974 111974 111974 111974 111974 111974 111974 111974 
111974 111974 111974 111968 111968 111968 111968 111968 111968 111968 111968 111968 111968 111968 111968 111968 111968 111968 111968 111968 
111968 111968 111968 111968 111968 111968 111968 111968 111968 111968 111968 111968 111968 111968 111968 111968 111968 111968 111968 111968 
111968 111968 111968 111968 111968 111968 111968 111968 111968 111968 111968 111968 111968 111968 111968 111968 111968 
/*---------------------------遗传算法2思想下解的说明------------------------------*/


